200210220678 121 2  616   98.56
200210222025 1 0 2  613   49.28
200210222304 1 0 2  614  344.96
200210222576 1 0 2  114  352.90
200210222597 1 0 2  613   49.28
200210222664 1 0 2  413   53.89
200210757530 1 0 3  713   20.22
200210759944 1 0 3 1313   22.14
200210760003 1 1 3 1013   19.13
200210760030 1 0 3 1014  349.18
200210760845 1 0 3 1013   19.13
200210762040 1 0 3 2114  349.76
200210763668 1 0 3 1013   19.13
200210763814 1 1 3  813   19.86
200210763861 121 3 1313   22.14
200210764575 1 0 3  313   20.32
200210764924 1 0 3  813   19.86
200210765321 1 1 3 1013   19.13
200210765337 1 0 3 2113   14.57
200210765744 1 0 3 1313   22.14
200210765827 1 1 3  413   19.90
200210766302 1 1 3 1612    7.81
200210766426 1 1 3 1613   23.43
200210766809 1 1 3  113   19.93
200210767157 1 0 3  313   20.32
200210767409 1 1 3  412    4.97
200210767412 1 0 3  412    4.97
200210767599 1 0 3  813   19.86
200210767635 1 1 3  713   20.22
200210767734 1 1 3  314  350.43
200210767948 1 1 3  813   19.86
200210767973 1 0 3 2114  349.76
200210768008 1 0 3 1013   19.13
200210768327 121 3 2113   14.57
200211128833 1 0 4  716  101.76
200211129363 1 0 4  213   26.09
200211129595 121 4  413   26.09
200211129876 1 0 4  313   26.09
200211130089 199 4  213   26.09
200211130563 1 0 4  216  104.37
200211131429 1 0 4  413   26.09
200211232152 1 0 4 1714  364.78
200211232693 1 0 4  213   26.09
200211909170 1 1 6  112    2.76
200213306619 1 010 1723   17.01
200213311318 1 010  523   22.62
200213312642 1 010 1523   13.60
200213312695 1 032  123   20.94
200213313150 1 010  123   18.91
200213313162 1 110  124  351.09
200213313341 1 010  123   18.91
200213314784 1 010  423   18.91
200213315264 1 032  123   20.94
200213315264 2 032  123   20.94
200213315485 1 010  123   18.91
200213316564 1 032  123   20.94
200213318854 1 132  123   20.94
200213319580 1 032  123   20.94
200213321375 1 032  123   20.94
200213321375 2 032  123   20.94
200213427545 1 111  223   19.05
200213428166 1 111  223   19.05
200213428258 1 011  323   19.05
200213429388 1 111  724  342.91
200213429819 1 011  723   48.99
200213628530 19975  143   16.15
200213725811 1 141  133   20.05
200213725888 1 041  133   20.05
200213725996 1 041  133   20.05
200213726089 1 041  133   20.05
200213726332 1 141  133   20.05
200213726635 1 041  133   20.05
200213800115 1 041  333   20.05
200213825270 1 141  233   20.05
200213825316 1 041  233   20.05
200213825328 1 041  233   20.05
200214609516 1 013  123   38.97
200214800444 1 021 3113   26.37
200214801744 1 021  513   20.89
200214802643 15121  513   20.89
200214802859 1 021  513   20.89
200214804624 1 021 1113   17.58
200214902389 1 082  143   21.89
200214902515 1 182  143   21.89
200214903082 12282  143   21.89
200215319832 1 041  133   20.05
200215320049 1 141  131   10.03
200215320098 1 041  233   20.05
200215320398 1 041  233   20.05
200215320415 12141  233   20.05
200215320988 12141  133   20.05
200215321003 1 141  133   20.05
200215321031 1 041  133   20.05
200215321901 1 041  133   20.05
200215323160 1 041  133   20.05
200215814750 19876  343  105.29
200215814753 1 076  344  315.87
200216448495 1 072  423   20.00
200217100168 1 151  133   79.66
200217101442 1 151  133   79.66
200217101891 1 051  133   79.66
200217598295 12149  133   20.86
200217598295 22149  133   20.86
200217599427 1 049  133   20.86
200217600929 1 149  132    5.21
200218429185 1 172  323   20.00
200218433939 1 072  623   20.00
200218434073 1 072  123   20.00
200218436273 1 072  423   20.00
200218437105 1 172  623   20.00
200218437109 1 072  623   20.00
200218437300 1 172  423   20.00
200218438505 1 072  623   20.00
200218438582 1 172  423   20.00
200218438884 1 072  323   20.00
200218439673 1 172  623   20.00
200218440171 1 172  622    5.00
200218440765 1 172  623   20.00
200218441458 1 072  223   20.00
200218441479 1 072  423   20.00
200218441615 1 172  323   20.00
200218442144 1 172  323   20.00
200218442315 1 072  623   20.00
200218443317 1 172  423   20.00
200218444510 1 172  623   20.00
200218840174 1 073  223   21.96
200218840219 1 073 1023   31.93
200218840533 12173  223   21.96
200218840881 1 173  223   21.96
200218840881 2 173  223   21.96
200218840898 1 073  223   21.96
200218841009 1 173  223   21.96
200218841117 1 073  323   21.96
200218841553 1 173 1023   31.93
200218841560 1 173 1023   31.93
200218841640 1 073  223   21.96
200218842091 1 173  223   21.96
200218842498 1 073  923   21.64
200219565344 1 174  923   20.88
200219568521 1 074  923   20.88
200219570344 1 074  923   20.88
200219574163 12174  123   20.88
200219577003 12174  123   20.88
200219955029 1 079  743   22.19
200220021026 19975  243   16.15
200220021366 1 075  143   16.15
200220022749 1 175  143   16.15
200220023016 19975  143   16.15
200220025419 19975  143   16.15
200220413030 1 076  443  105.29
200220711012 1 078  143   55.32
200220711028 1 078  243   55.32
200220711787 1 078  143   55.32
200220800192 12197  543   20.54
200220800213 1 097  343   13.34
200220800269 1 097  343   13.34
200220800281 12197  343   13.34
200220800286 1 097  343   13.34
200220800318 1 097  243   13.34
200220800318 2 097  243   13.34
200220801352 1 097  443   13.34
200220802006 1 196 2043   18.36
200220802080 1 097  143   13.34
200220802303 19797  344  346.77
200220802335 1 197  343   13.34
200220802351 19797  343   13.34
200220802420 12197  243   13.34
200220802420 22197  243   13.34
200220802819 1 096 3343   19.19
200220802870 1 096 4343   15.95
200220802925 1 096 4343   15.95
200220802966 1 096 4343   15.95
200220803176 1 096  844  348.91
200220803242 1 097  443   13.34
200220803343 1 096  142    2.00
200220803718 1 197  443   13.34
200220803724 1 097  443   13.34
200220803761 1 097  343   13.34
200220803803 1 097  344  346.77
200220804224 19796 2044  348.74
200220804662 1 097  143   13.34
200220805125 1 197  243   13.34
200220805138 1 097  243   13.34
200220805166 1 197  343   13.34
200220805191 1 097  344  346.77
200220805195 1 197  343   13.34
200220805211 1 197  343   13.34
200220805623 1 096  643   18.37
200220805748 1 096  843   23.26
200220806100 19997  344  346.77
200220806222 1 097  143   13.34
200220806567 12196 2043   18.36
200220807138 1 196 4343   15.95
200220807984 1 197  243   13.34
200220808249 1 096 1143   19.66
200220808672 19996 2043   18.36
200220808917 1 197  343   13.34
200220809018 1 197  243   13.34
200220809033 1 097  243   13.34
200220809284 1 196 4343   15.95
200220809363 1 196 2043   18.36
200220809884 1 096 1143   19.66
200220810086 1 096 4343   15.95
200220810348 12897  443   13.34
200220810963 1 096  843   23.26
200220810963 2 096  843   23.26
200220811146 1 096 4343   15.95
200220811220 1 197  244  346.77
200220811234 12197  243   13.34
200220811272 19997  344  346.77
200220811336 1 097  343   13.34
200220811373 1 197  443   13.34
200220811399 1 197  443   13.34
200220812199 1 097  343   13.34
200220812383 1 096 2043   18.36
200220813512 1 097  243   13.34
200220813551 12197  243   13.34
200220813717 1 097  143   13.34
200220813802 1 097  343   13.34
200220813816 19797  343   13.34
200220813871 1 197  443   13.34
200220813875 1 197  443   13.34
200220813881 19797  443   13.34
200220815308 1 096 3344  345.49
200220815503 1 097  443   13.34
200220815643 1 096 1143   19.66
200220815892 1 097  243   13.34
200220816524 1 097  143   13.34
200220816776 1 197  343   13.34
200220816802 1 096 4343   15.95
200220816803 1 196 4343   15.95
200220816828 1 096 4343   15.95
200220817474 1 096  843   23.26
200220817897 1 096 2043   18.36
200220818233 1 197  244  346.77
200220818285 12197  543   20.54
200220818566 1 097  343   13.34
200220818702 19996 2044  348.74
200220819073 12196 1143   19.66
200221231246 1 079  143   22.19
200221976557 1 081 1043   24.04
200221978493 1 081  143   19.23
200221978966 1 081  143   19.23
200221980337 1 181  343   19.23
200221982154 1 181 1043   24.04
200221982241 1 181  343   19.23
200221982562 1 181  143   19.23
200221983813 1 081  443   19.23
200222288150 19982  143   21.89
200222288750 19782  143   21.89
200222288819 1 182  143   21.89
200222289119 1 082  143   21.89
200222289851 1 082  143   21.89
200222289897 1 082  143   21.89
200222290442 12282  143   21.89
200222291048 1 082  143   21.89
200222291346 1 082  143   21.89
200222291367 1 082  143   21.89
200222291489 1 182  143   21.89
200222291734 1 182  143   21.89
200222291993 1 082  143   21.89
200222292329 1 182  143   21.89
200222292895 1 082  143   21.89
200222293510 1 082  143   21.89
200222294876 1 082  143   21.89
200222294929 1 082  143   21.89
200222294967 1 082  143   21.89
200222295177 1 182  143   21.89
200222295198 1 182  143   21.89
200222295238 1 082  143   21.89
200222295250 1 082  143   21.89
200222295579 1 082  143   21.89
200222295622 1 082  143   21.89
200222295852 1 082  143   21.89
200222296190 1 082  143   21.89
200222296252 1 182  143   21.89
200222296557 1 182  143   21.89
200222296566 1 082  143   21.89
200222296964 1 082  143   21.89
200229900608 1 0 1  213   33.89
200229901922 1 0 1  813   33.89
200229902052 1 1 1  213   33.89
200229902342 1 1 1  213   33.89
200229902385 1 0 1  113   33.89
200229902545 1 0 1  813   33.89
200229902645 1 0 1  813   33.89
200229902946 1 0 1  213   33.89
200229902958 1 1 1  213   33.89
200229903026 121 1  113   33.89
200230000086 1 0 7  513   19.32
200230000738 1 0 7  513   19.32
200230001209 1 0 7  313   18.79
200230001616 121 7  313   18.79
200230001824 1 0 7  313   18.79
200230001829 121 7  313   18.79
200230001829 221 7  313   18.79
200230001858 121 7 1013   52.04
200230001884 1 0 7  113   18.79
200230002119 1 0 7  813   34.57
200230003099 151 7  312    9.40
200230202573 12123  113   21.38
200230202716 1 023  613   17.87
200230202746 1 023  113   21.38
200230203503 1 423  413   19.24
200230203503 12123  413   19.24
200230204248 1 123  113   21.38
200230204278 1 023  113   21.38
200230205024 1 023  113   21.38
200230205026 12123  113   21.38
200230205194 1 023  213   19.24
200230206104 1 023  114  342.10
200230206108 1 023  113   21.38
200230208085 1 023  113   21.38
200230208321 1 023  113   21.38
200230208576 1 023  113   21.38
200230208689 1 023  113   21.38
200230209547 12123  113   21.38
200230300241 1 124  913   28.45
200230301785 1 124  714  347.78
200230302185 1 024  913   28.45
200230303824 1 025  713   45.17
200230304113 1 024 1213   39.97
200230304211 12125 1414  321.28
200230305024 1 025  713   45.17
200230305500 1 125  614  365.52
200230306433 1 025  713   45.17
200230405934 1 033  323   18.47
200230406750 1 033  323   18.47
200230407284 1 033 1223   22.27
200230407532 1 133 1623   22.77
200230408300 1 133  323   18.47
200230409359 1 133 1223   22.27
200230410065 1 033  123   18.47
200230411440 1 133 1223   22.27
200230411440 2 133 1223   22.27
200230411796 1 033 1623   22.77
200230506998 1 042  133   20.83
200230708724 1 050  333   18.41
200230709595 1 050  433   18.41
200230709640 1 050  333   18.41
200230710063 1 050 1033   38.20
200230710185 1 050  333   18.41
200230711144 1 050  333   18.41
200230803218 1 091 5523   16.07
200230803367 12191 1523   20.67
200230803663 1 091  723   22.64
200230804936 12191 3223   20.73
200230804972 1 091 2423   22.56
200230805721 1 091 4623   14.80
200230805957 1 091  923   19.88
200230806448 12191 6723   21.53
200230806475 12191 6723   21.53
200230806503 1 091  723   22.64
200230807047 12191  323   22.56
200230808182 1 091  423   21.98
200230808226 1 091  426  109.92
200230808638 1 091  923   19.88
200230808851 1 191 4623   14.80
200230809194 1 091 5523   16.07
200230809470 1 191  423   21.98
200230810153 12191 1923   20.39
200230810319 1 191 2423   22.56
200230810748 1 091 1423   17.64
200230810842 1 091  723   22.64
200230812828 1 19111223   30.41
200231100223 1 022 1113  156.78
200231100425 1 022  613   60.61
200231100929 19922  113   29.32
200231101028 1 022  613   60.61
200231101482 1 022  113   29.32
200231101962 1 022  113   29.32
200231101979 1 022  113   29.32
200231102601 1 022  113   29.32
200231103189 1 122  113   29.32
200231202758 1 026  313   16.66
200231203553 1 026  713   15.80
200231203967 1 126  313   16.66
200231204106 1 026  313   16.66
200231204253 1 126  113   21.22
200231204573 1 026  113   21.22
200231204886 12126  113   21.22
200231204969 1 126  214  348.00
200231205298 1 026  113   21.22
200231205546 1 026  213   21.22
200231206455 1 026  213   21.22
200231206490 1 026  713   15.80
200231206724 1 026  113   21.22
200231300966 1 027  233   18.16
200231301191 1 027  133   18.16
200231301288 12127  133   18.16
200231301288 22127  133   18.16
200231301907 1 027  133   18.16
200231303028 1 127  133   18.16
200231303342 1 027  233   18.16
200231303409 1 027  233   18.16
200231303462 1 127  232    9.08
200231305303 1 027  133   18.16
200231305464 1 027  233   18.16
200231305597 1 127  233   18.16
200231305743 12127  232    9.08
200231306221 1 027  133   18.16
200231306462 1 027  233   18.16
200231307327 1 127  233   18.16
200231307802 1 027  233   18.16
200231307897 1 027  233   18.16
200231308367 1 027  133   18.16
200231308856 1 127  133   18.16
200231309571 1 027  233   18.16
200231309837 12127  133   18.16
200231309925 1 027  134  354.08
200231310003 1 127  133   18.16
200231310043 1 127  133   18.16
200231311535 1 027  233   18.16
200231311644 1 027  233   18.16
200231400787 1 028  133  161.62
200231500130 1 130  124  350.90
200231503885 1 130  123   22.64
200231504408 1 030  123   22.64
200231504491 1 130  123   22.64
200231505096 12130  123   22.64
200231506653 12130  123   22.64
200231506768 1 030  124  350.90
200231507542 1 030  123   22.64
200231509190 1 031  123   61.52
200231509811 1 030  123   22.64
200231509832 1 030  123   22.64
200231509921 1 130  123   22.64
200231509921 2 130  123   22.64
200231509991 1 029  123   17.18
200231510049 1 030  123   22.64
200231510295 1 130  123   22.64
200231510315 1 130  123   22.64
200231510861 1 030  124  350.90
200231511129 1 030  123   22.64
200231511505 12129  123   17.18
200231511505 22129  123   17.18
200231511565 1 030  123   22.64
200231512149 1 029  123   17.18
200231514366 1 029  123   17.18
200231702370 1 044  333   45.09
200231702902 1 044  133   45.09
200231702988 12144  333   45.09
200231704603 1 044  133   45.09
200231801750 1 046  333   22.46
200231801842 1 046  133   22.46
200231801953 12146  733   52.01
200231802355 1 046  133   22.46
200231803224 12146  133   22.46
200231805084 1 046  433   22.46
200232000092 1 061  533   34.72
200232000167 1 161  233   34.72
200232000265 1 061  133   34.72
200232000267 1 061  133   34.72
200232000268 1 061  133   34.72
200232000285 1 061  233   34.72
200232000295 1 061  233   34.72
200232000334 1 061  133   34.72
200232000407 1 061  133   34.72
200232000443 1 061  233   34.72
200232000534 1 061  133   34.72
200232000596 12161  233   34.72
200232000603 1 161  233   34.72
200232000659 1 061  133   34.72
200232000752 1 161  133   34.72
200232000766 1 061  133   34.72
200232000804 1 061  233   34.72
200232000831 1 061  133   34.72
200232000836 1 061  133   34.72
200232000913 1 061  133   34.72
200232000919 1 161  133   34.72
200232001000 1 061  433   34.72
200232001004 1 061  433   34.72
200232001023 1 061  132   34.72
200232001074 1 161  233   34.72
200232001081 1 061  233   34.72
200232001459 1 061  433   34.72
200232001459 2 061  433   34.72
200232001486 1 161  133   34.72
200232001498 1 061  133   34.72
200232001511 1 061  133   34.72
200232001550 1 061  233   34.72
200232001559 1 061  433   34.72
200232001639 14061  433   34.72
200232001666 1 161  533   34.72
200232001698 1 061  133   34.72
200232001722 1 061  233   34.72
200232001816 1 161  133   34.72
200232001848 1 061  233   34.72
200232001902 1 161  633   34.72
200232002003 1 061  233   34.72
200232002090 1 061  233   34.72
200232002267 12161  233   34.72
200232002307 1 161  133   34.72
200232002346 1 061  233   34.72
200232002361 1 061  433   34.72
200232002422 12161  333   34.72
200232002440 1 061  233   34.72
200232002453 1 161  433   34.72
200232002469 1 061  133   34.72
200232002478 1 061  133   34.72
200232002517 1 061  133   34.72
200232002519 1 061  133   34.72
200232002556 1 061  233   34.72
200232002586 1 161  133   34.72
200232002603 1 061  634  347.15
200232002742 1 061  133   34.72
200232002743 1 061  133   34.72
200232002748 1 061  133   34.72
200232002962 1 061  433   34.72
200232002970 1 061  433   34.72
200232003058 1 061  233   34.72
200232003193 1 161  132   34.72
200232003231 1 061  133   34.72
200232003332 1 061  233   34.72
200232003349 1 161  233   34.72
200232003349 2 161  233   34.72
200232003368 1 061  133   34.72
200232003462 1 061  133   34.72
200232003484 1 061  133   34.72
200232003506 1 061  233   34.72
200232003543 1 061  133   34.72
200232003556 1 061  133   34.72
200232003644 1 161  133   34.72
200232003646 12161  133   34.72
200232003663 12161  133   34.72
200232003740 1 061  133   34.72
200232003741 1 161  133   34.72
200232003839 12161  133   34.72
200232003928 1 061  133   34.72
200232004000 1 061  433   34.72
200232004076 1 061  133   34.72
200232004105 1 061  133   34.72
200232004122 12161  133   34.72
200232004131 1 061  133   34.72
200232004164 1 161  133   34.72
200232004165 1 161  133   34.72
200232004332 1 161  333   34.72
200232004353 1 061  133   34.72
200232100351 1 163  133   13.96
200232100646 1 063  133   13.96
200232100895 1 063  133   13.96
200232101305 1 063  133   13.96
200232101315 1 063  133   13.96
200232101804 1 162  634  360.26
200232102260 1 063  133   13.96
200232102623 1 162  433   24.55
200232102895 12163  133   13.96
200232103333 1 062  333   24.55
200232103502 1 063  133   13.96
200232103528 1 163  133   13.96
200232103969 1 063  133   13.96
200232103969 2 063  133   13.96
200232104132 1 162  233   24.55
200232104183 1 163  133   13.96
200232104895 1 063  133   13.96
200232105041 1 162  233   24.55
200232105534 1 163  133   13.96
200232107637 1 062  233   24.55
200232107814 1 063  133   13.96
200232107871 1 062  135   98.21
200232107944 1 063  133   13.96
200232108048 1 063  133   13.96
200232108120 1 163  133   13.96
200232108509 1 062  633   40.03
200232108509 2 062  633   40.03
200232108927 1 062  133   24.55
200232109887 1 163  133   13.96
200232110434 1 062  333   24.55
200232110434 2 062  333   24.55
200232110978 1 063  133   13.96
200232111122 1 062  233   24.55
200232111409 1 063  133   13.96
200232112763 1 062  333   24.55
200232112844 1 163  133   13.96
200232203218 1 064  133   18.88
200232204772 1 064  133   18.88
200232205653 12164  133   18.88
200232206140 12164  133   18.88
200232206897 12164  133   18.88
200232207121 1 064  133   18.88
200232207159 1 064  133   18.88
200232207362 1 064  133   18.88
200232207526 1 064  133   18.88
200232208756 1 164  133   18.88
200232301010 1 071  223   24.69
200232301857 1 071  223   24.69
200232302427 1 071  723   40.21
200232302443 1 071  123   24.69
200232303000 1 171 1023   81.13
200232303201 1 171 1024  324.52
200232303272 1 071  123   24.69
200232303858 1 171  223   24.69
200232303905 1 071  723   40.21
200232304004 1 071  323   24.69
200232304046 1 071  523   24.69
200232304148 1 071  723   40.21
200232304148 2 071  723   40.21
200232304316 1 071  123   24.69
200232304332 12171  223   24.69
200232304711 1 171 1023   81.13
200232305253 1 071  523   24.69
200232400537 1 077  342    3.66
200232400851 12177  143   21.97
200232401223 1 077  143   21.97
200232401803 1 077  442    3.66
200232402028 1 177  243   18.31
200232402177 1 177  143   21.97
200232402452 1 077  643   18.31
200232402632 1 077  143   21.97
200232403608 1 077  243   18.31
200232404508 1 177  143   21.97
200232404743 1 077  143   21.97
200232405180 1 177  143   21.97
200232405677 1 077  543   18.31
200232405917 12177  243   18.31
200232406087 1 077  143   21.97
200232406119 1 077  143   21.97
200232407782 1 077  143   21.97
200232407927 1 077  443   18.31
200232408048 1 077  143   21.97
200232408100 1 177  143   21.97
200232408520 1 077  143   21.97
200232408568 12177  143   21.97
200232408749 1 077  243   18.31
200232408898 1 177  143   21.97
200232409151 1 077  143   21.97
200232409264 1 177  143   21.97
200232409884 1 077  143   21.97
200232410125 1 077  143   21.97
200232410514 1 077  243   18.31
200232410788 1 177  143   21.97
200232410890 1 177  143   21.97
200232411095 1 077  143   21.97
200232411448 1 077  142    7.32
200232411522 1 177  143   21.97
200232411548 1 077  143   21.97
200232411681 1 177  142    7.32
200232412302 1 077  144  351.47
200232412338 1 077  143   21.97
200232413172 1 177  143   21.97
200232413270 1 077  143   21.97
200232413569 12177  442    3.66
200232413958 1 077  143   21.97
200232414238 1 077  143   21.97
200232415159 1 077  143   21.97
200232415289 1 177  143   21.97
200232501005 1 180  443   19.69
200232501473 1 080  543   25.06
200232502850 1 180  443   19.69
200232503006 1 080  343   19.69
200232503020 1 080  343   19.69
200232503163 1 080  143   19.69
200232503291 1 080  243   19.69
200232503962 1 080  443   19.69
200232503998 12180  843   13.63
200232504029 1 080  843   13.63
200232504224 19780  543   25.06
200232504600 1 080  243   19.69
200232504787 1 180  843   13.63
200232504885 1 080  343   19.69
200232505208 1 180  843   13.63
200232505498 1 080  843   13.63
200232506283 1 080  243   19.69
200232507262 1 080  243   19.69
200232507425 1 080  843   13.63
200232507760 1 080  443   19.69
200232507922 1 180  243   19.69
200232507936 1 180  244  347.82
200232508009 1 080 1143   27.77
200232508230 12180  543   25.06
200232508393 1 180  343   19.69
200232508707 1 080  343   19.69
200232605178 1 092 1523   16.06
200232605270 1 092 1123   20.60
200232608217 1 092  723   18.56
200232609401 1 092  123   20.15
200232612619 12192  123   20.15
200232700991 12193  422   94.56
200232800904 1 095  143   18.19
200232803043 1 095  143   18.19
200232803475 1 095  143   18.19
200232804163 1 095  143   18.19
200232804609 1 195  143   18.19
200232804701 1 095  243   21.22
200232804838 1 095  143   18.19
200232804877 1 095  143   18.19
200232805155 12195  143   18.19
200232805229 1 095  143   18.19
200232805229 2 095  143   18.19
200232805295 1 195  141    6.06
200232805856 1 095  143   18.19
200232806193 1 095  242    3.03
200232808656 1 095  143   18.19
200232808958 1 095  143   18.19
200247723437 12178  243   55.32
200247723486 1 178  143   55.32
200247723496 1 078  143   55.32
200247723585 1 078  143   55.32
200247723712 1 078  243   55.32
200247723880 1 078  143   55.32
200247723934 1 078  143   55.32
200247724051 12178  143   55.32
200247724057 1 078  143   55.32
200249510450 1 013  124  350.70
200249510580 1 013  123   38.97
200249510861 1 013  123   38.97
200249510903 12113  123   38.97
200249511273 1 113  123   38.97
200249511388 1 013  123   38.97
200249511548 1 013  124  350.70
200253516841 121 6 2014  355.68
200253517303 1 0 6 1113   17.88
200253517732 1 1 6  413   17.24
200253517762 1 0 6 2614  344.12
200253518333 1 0 6  213   19.34
200253518403 1 1 6 2013   14.82
200253518403 2 1 6 2013   14.82
200253518404 1 0 6 2013   14.82
200253518503 1 0 6 2013   14.82
200253518506 121 6 2013   14.82
200253518555 121 6  413   17.24
200253518627 1 0 6 2014  355.68
200253518681 1 0 6 2614  344.12
200253518682 121 6 2613   20.24
200253518687 1 1 6 2613   20.24
200253518734 1 0 6 1413   23.24
200253518740 1 0 6  113   19.34
200253518857 1 0 6 1113   17.88
200253518933 1 0 6 2013   14.82
200253518934 1 0 6 2013   14.82
200253518937 1 0 6 2013   14.82
200253518945 1 0 6 1414  348.62
200253519066 1 1 6  113   19.34
200253519160 121 6 2613   20.24
200253519249 1 1 6  214  350.84
200253519280 121 6 2613   20.24
200253519357 1 0 6 1113   17.88
200253519480 121 6 1413   23.24
200253519485 1 0 6  113   19.34
200253519542 1 0 6  413   17.24
200253519650 197 6 2013   14.82
200253519720 1 0 6 1113   17.88
200253519824 1 0 6 2013   14.82
200253519960 1 0 6  413   17.24
200253520055 1 0 6 2613   20.24
200253520146 1 0 6 2013   14.82
200253520168 1 1 6  113   19.34
200253520494 1 0 6 2013   14.82
200253520711 1 1 6 2013   14.82
200253520712 1 0 6 2014  355.68
200253520715 121 6 2013   14.82
200253520845 1 0 6 1413   23.24
200253520851 1 0 6 2013   14.82
200253521219 199 6 2013   14.82
200253521261 1 0 6 2613   20.24
200253521719 1 1 6  713   21.95
200253521759 121 6  113   19.34
200253521801 121 6 2613   20.24
200253521833 1 0 6 2613   20.24
200253522067 1 1 6 1113   17.88
200253628066 1 0 9 1333   24.30
200255607639 1 079  743   22.19
200255609031 1 079  743   22.19
200255609523 1 079  743   22.19
200255609669 12179  743   22.19
200255610033 1 079  743   22.19
200255610199 1 079  743   22.19
200255610483 1 179  743   22.19
200255611252 12179  743   22.19
200255612198 1 079  743   22.19
200255707007 1 078  143   55.32
200255707090 1 178  142   55.32
200255707126 1 078  243   55.32
200255707187 1 078  143   55.32
200255707325 1 078  143   55.32
200255707621 1 078  143   55.32
200255707778 1 078  143   55.32
200255707805 12178  143   55.32
200255707864 1 078  143   55.32
200255707971 1 078  143   55.32
200255708016 1 178  143   55.32
200255708141 1 178  143   55.32
200255708286 1 078  143   55.32
200255708421 1 078  143   55.32
200255708580 1 178  143   55.32
200255708792 1 078  243   55.32
200255709150 12178  443   55.32
200255709602 1 078  143   55.32
200259600121 1 194  443   15.76
200259600134 12194  443   15.76
200259600271 19994  143   15.76
200259600480 1 194  143   15.76
200259600484 1 194  143   15.76
200259600528 19994  343   15.76
200259600534 19994  343   15.76
200259600862 1 094  143   15.76
200259601305 19994  143   15.76
200259601779 1 194  143   15.76
200259602163 1 194  143   15.76
200259602197 1 194  143   15.76
200259602343 1 094  443   15.76
200259602437 1 194  143   15.76
200259602526 19994  343   15.76
200259602577 19994  343   15.76
200259602660 19994  143   15.76
200259602701 1 194  143   15.76
200259602703 1 194  143   15.76
200259602823 1 175  443   16.15
200259602923 19994  343   15.76
200259603097 19994  143   15.76
200259603106 19994  143   15.76
200259603674 1 094  243   15.76
200259603758 1 094  143   15.76
200259603773 1 094  143   15.76
200259603773 2 094  143   15.76
200259603842 1 094  343   15.76
200259603855 1 194  343   15.76
200259603896 19994  343   15.76
200259603990 1 094  343   15.76
200259604036 1 094  243   15.76
200259604073 1 094  243   15.76
200259604229 19994  243   15.76
200259604289 1 094  243   15.76
200259604392 19994  143   15.76
200259604739 1 194  143   15.76
200259604743 1 094  143   15.76
200259604744 19994  143   15.76
200259604768 19994  143   15.76
200259604782 1 094  143   15.76
200259604867 1 175  443   16.15
200259604900 19994  343   15.76
200259604991 1 194  343   15.76
200259605146 1 194  143   15.76
200259605187 19994  143   15.76
200259605195 1 194  143   15.76
200259605258 19994  243   15.76
200259605260 19994  243   15.76
200259605725 1 075  443   16.15
200259605806 1 194  144  346.70
200259605818 1 094  143   15.76
200259605983 19994  343   15.76
200259606008 12194  343   15.76
200259606167 1 194  243   15.76
200259606247 19994  243   15.76
200259606329 1 194  143   15.76
200259606341 1 194  143   15.76
200259606358 1 094  143   15.76
200259606388 1 194  143   15.76
200259606418 1 194  143   15.76
200259606425 1 094  143   15.76
200259606438 19994  543   31.22
200259606524 1 194  443   15.76
200259606620 19994  443   15.76
200259606724 19994  243   15.76
200259606793 19994  143   15.76
200259606850 1 094  243   15.76
200259607018 19994  343   15.76
200259607127 1 194  143   15.76
200259607151 19994  143   15.76
200259607156 1 094  143   15.76
200259607204 1 194  144  346.70
200259607208 1 194  143   15.76
200259607212 19994  143   15.76
200259607227 1 094  143   15.76
200259607268 19994  543   31.22
200259607433 1 194  344  346.70
200259607456 19994  343   15.76
200259607673 19994  143   15.76
200259607712 19994  143   15.76
200259607743 12894  143   15.76
200259607756 1 094  143   15.76
200259607817 1 194  443   15.76
200259608088 19994  143   15.76
200259608131 19994  143   15.76
200259608235 19994  343   15.76
200259608403 1 094  143   15.76
200259608421 1 094  143   15.76
200259608470 19994  143   15.76
200259608542 1 094  143   15.76
200259608606 19994  443   15.76
200259608799 19994  143   15.76
200259608815 1 194  143   15.76
200259608850 1 194  143   15.76
200259609238 19994  243   15.76
200259609395 1 194  143   15.76
200259609428 1 194  543   31.22
200259609575 1 194  443   15.76
200259609883 19994  143   15.76
200259610923 1 194  443   15.76
200260524828 1 111  323   19.05
200260525650 1 111  323   19.05
200260526877 19811  323   19.05
200260529090 1 111  323   19.05
200260529544 12111  323   19.05
200260531382 1 011  323   19.05
200260823725 19975  244  347.23
200260932822 1 012  923   20.79
200260933004 1 112  123   18.91
200261031514 1 012  323   18.91
200261809294 1 013  223   38.97
200261809482 12113  223   38.97
200261908556 12113  123   38.97
200261908674 1 013  323   38.97
200261909046 1 013  623   38.97
200261909189 1 013  623   38.97
200261909249 1 013  623   38.97
200261909255 1 113  123   38.97
200261909675 1 013  123   38.97
200261909699 12113  524  350.70
200261909760 1 113  623   38.97
200261909760 2 113  623   38.97
200261909786 1 013  123   38.97
200261909902 1 113  623   38.97
200261909978 12113  223   38.97
200261910192 1 013  623   38.97
200261910196 1 113  623   38.97
200261910210 1 013  124  350.70
200261910214 1 013  123   38.97
200261910327 12113  623   38.97
200261910332 1 013  124  350.70
200261930209 1 011  323   19.05
200261930356 1 111  323   19.05
200261930790 1 011  324  342.91
200261930798 1 011  323   19.05
200261930806 1 011  323   19.05
200261931037 1 011  323   19.05
200261931440 1 011  323   19.05
200261931657 1 011  323   19.05
200261931792 1 111  324  342.91
200261932721 1 111  323   19.05
200262009224 12113  523   38.97
200262009449 1 013  523   38.97
200262009944 1 013  523   38.97
200262010107 12113  523   38.97
200262010116 1 013  524  350.70
200262010692 12113  623   38.97
200262010806 12213  623   38.97
200262010818 1 013  523   38.97
200262010827 1 013  523   38.97
200262011187 1 013  123   38.97
200262011218 1 013  123   38.97
200262012203 1 013  323   38.97
200262775317 1 045  333   20.21
200262862484 1 045  233   20.21
200262965291 1 045  133   20.21
200262970657 1 145  133   20.21
200263137537 1 1 9  533   19.19
200263139799 1 0 9  533   19.19
200263230951 1 0 9  333   19.19
200263331569 1 0 9 1333   24.30
200263332068 121 9  433   19.19
200263333126 1 0 9  333   19.19
200263333619 1 1 9  333   19.19
200263333786 1 1 9  333   19.19
200263429838 1 079  143   22.19
200263430048 1 079  143   22.19
200263430246 1 079  143   22.19
200263433247 12179  143   22.19
200263531352 1 079  143   22.19
200263532961 1 179  143   22.19
200263532961 2 179  143   22.19
200263533123 1 179  143   22.19
200263533146 1 079  143   22.19
200263533328 1 079  143   22.19
200263630778 1 079  143   22.19
200263630863 1 179  143   22.19
200263630901 1 179  143   22.19
200263630933 1 079  143   22.19
200263631665 1 079  743   22.19
200263634451 1 079  143   22.19
200263707198 1 0 8  514  346.06
200263708007 1 0 8  513   17.30
200263708124 1 0 8 1513   28.38
200264424575 1 043  233   24.44
200264426221 1 043 1033   57.35
200264426667 1 043  233   24.44
200264426685 1 043  233   24.44
200264811365 1 141  333   20.05
200264820317 1 041  133   20.05
200264825394 1 041  233   20.05
200264825866 1 041  233   20.05
200264826150 1 041  233   20.05
200264826590 1 141  233   20.05
200264921079 1 041  133   20.05
200264921101 1 041  133   20.05
200264921254 1 141  133   20.05
200264921254 1 941  133   20.05
200264921271 1 041  133   20.05
200264921375 1 041  133   20.05
200264921452 1 041  133   20.05
200264921461 1 141  133   20.05
200264921518 1 041  133   20.05
200264921796 1 041  133   20.05
200264922307 1 141  133   20.05
200264922447 1 041  133   20.05
200264922577 1 141  133   20.05
200264922691 12141  133   20.05
200264922715 1 041  133   20.05
200264922893 1 041  133   20.05
200264923520 1 041  133   20.05
200264923915 1 041  133   20.05
200264923951 1 041  133   20.05
200264924935 1 141  133   20.05
200264925247 1 041  133   20.05
200265020510 1 041  233   20.05
200265020510 2 041  233   20.05
200265020522 1 041  233   20.05
200265020733 1 041  233   20.05
200265021136 1 041  233   20.05
200265021136 2 041  233   20.05
200265021330 1 041  233   20.05
200265021417 1 041  233   20.05
200265021595 1 041  234  350.94
200265021859 1 041  233   20.05
200265022127 1 041  233   20.05
200265022158 1 041  233   20.05
200265022822 1 041  234  350.94
200265023016 12141  233   20.05
200265023317 1 041  232   10.03
200265023324 1 041  233   20.05
200265023837 12141  233   20.05
200265024070 1 141  233   20.05
200265024098 12141  233   20.05
200265024752 1 041  233   20.05
200265025029 1 041  234  350.94
200265726322 199 4  714  339.21
200265727822 1 0 4  213   26.09
200265729209 121 4  713   33.92
200265730340 1 0 4  213   26.09
200265827748 1 0 4 1113   59.36
200265830722 1 0 4  313   26.09
200265831062 1 0 4 1713  121.59
200266139269 1 073  124  351.38
200266264190 1 1 3 1613   23.43
200266367379 1 0 3  113   19.93
200267343030 19973  524  354.40
200276907464 1 0 9  833   23.63
200276907688 1 0 9  834  346.58
200276908759 1 0 9  833   23.63
200276925574 1 0 9  832    7.88
200277007467 1 011  123   19.05
200277007943 1 011  123   19.05
200277008146 12111  123   19.05
200277008371 19911  123   19.05
200277008600 1 011  123   19.05
200277008761 1 011  123   19.05
200277207592 1 143  333   24.44
200277209021 1 043  333   24.44
200277366315 1 045  133   20.21
200277368832 12145  133   20.21
200277371806 12145  133   20.21
200277807520 1 075  344  347.23
200277808026 19975  343   16.15
200277808249 19975  343   16.15
200277825642 19975  243   16.15
200277826538 12175  243   16.15
200277828464 19975  243   16.15
200280168765 1 1 3 1313   22.14
200280507319 1 0 8 3313   45.15
200280507582 121 8 3313   45.15
200280507845 1 0 8 3313   45.15
200280629715 1 0 9 1633   27.04
200280828626 1 012  423   18.91
200281343285 12148  133   51.96
200281819730 19975  243   16.15
200281913187 1 176  243  105.29
200282130176 1 179  143   22.19
200283820076 1 075  343   16.15
200283820604 1 075  543   14.07
200283820617 1 075  543   14.07
200286240873 1 048  233   51.96
200286242648 12148  433   51.96
200286243126 1 048  133   51.96
200286244369 1 048  133   51.96
200286245241 1 048  233   51.96
200286245511 1 148  433   51.96
200286246145 1 148  133   51.96
200286246329 1 048  334  363.75
200286797525 1 182  143   21.89
200286797550 1 082  143   21.89
200286797840 1 082  143   21.89
200286798377 1 182  143   21.89
200286798493 1 082  143   21.89
200286798665 19982  143   21.89
200286799968 1 182  143   21.89
200286800290 1 082  143   21.89
200287624850 1 0 4 1114  356.17
200287624938 1 0 4  113   26.09
200287627642 1 0 4  113   26.09
200287628530 1 0 4  213   26.09
200287629049 121 4  116  104.37
200287629073 1 1 4  113   26.09
200287629526 121 4  113   26.09
200287630138 1 1 4  113   26.09
200287631388 1 0 4  313   26.09
200287633478 1 0 4  114  352.26
200288321494 1 041  333   20.05
200290801708 1 042  333   20.83
200291002911 1 050  233   18.41
200291002944 1 050  733   13.68
200291108385 1 042  433   20.83
200291108486 1 042 1033   22.36
200291108837 1 042  433   20.83
200291109184 1 042  233   20.83
200291114763 1 042  231    4.17
200291114861 1 042  634  350.80
200291115358 1 042  233   20.83
200291115725 1 042  631    4.23
200291307000 1 047 1733  180.38
200291507464 19950  233   18.41
200291507666 1 050  233   18.41
200291508261 1 050  233   18.41
200291508866 1 050  233   18.41
200291509022 1 050  233   18.41
200291603051 1 050  133   18.41
200291608561 1 150  133   18.41
200291609133 1 050  432    4.60
200291610287 1 150  133   18.41
200291700888 1 042 1133   23.80
200291701078 12342 1133   23.80
200291701084 1 042 1133   23.80
200291707304 1 042  133   20.83
200291707304 2 042  133   20.83
200291708062 1 042  133   20.83
200291708144 1 042  132    4.17
200291711051 1 042  433   20.83
200291713312 1 042  133   20.83
200291713541 12142  132    4.17
200291714831 12142  433   20.83
200293500742 1 021  213   20.89
200293501347 1 021  213   20.89
200293502689 1 021  213   20.89
200293502935 1 021  916  111.30
200293503207 1 021  413   20.89
200293503343 1 021 4013   41.90
200293503343 2 021 4013   41.90
200293503402 1 121  213   20.89
200293503720 1 021  413   20.89
200293504211 1 021  413   20.89
200293505048 1 021  213   20.89
200293601191 12131  323   61.52
200293601865 1 031  323   61.52
200293601865 2 031  323   61.52
200293601869 1 031  323   61.52
200293601887 12131  323   61.52
200293601904 1 131  323   61.52
200293602202 1 131  323   61.52
200293602473 1 031  423   61.52
200293602600 12131  324  369.15
200293602712 1 029 1023  121.61
200293602712 2 029 1023  121.61
200293602824 12131  423   61.52
200293603086 1 031  424  369.15
200293603222 1 131  326  123.05
200293603307 1 029  423   38.98
200293603346 12129  423   38.98
