200210220135 1 1 2  313   27.15
200210220678 1 1 2  616   98.56
200210221119 1 1 2  313   27.15
200210221429 1 1 2  316  108.58
200210221473 1 1 2  413   53.89
200210221689 1 1 2  213   27.15
200210221844 1 1 2  412   53.89
200210221951 1 1 2 1016   89.85
200210222025 1 1 2  613   49.28
200210222073 1 1 2  213   27.15
200210222304 1 1 2  614  344.96
200210222576 1 1 2  114  352.90
200210222597 1 2 2  613   49.28
200210222664 1 1 2  413   53.89
200210222885 1 2 2  613   49.28
200210757530 1 1 3  713   20.22
200210757739 1 1 3 1613   23.43
200210758016 1 1 3  813   19.86
200210758644 1 1 3  413   19.90
200210758849 1 9 3 1613   23.43
200210759586 1 1 3  713   20.22
200210759586 2 1 3  713   20.22
200210759604 1 1 3  813   19.86
200210759659 1 1 3  313   20.32
200210759944 1 1 3 1313   22.14
200210760003 1 1 3 1013   19.13
200210760030 1 1 3 1014  349.18
200210760249 1 9 3  412    4.97
200210760436 1 1 3 1313   22.14
200210760477 1 1 3  413   19.90
200210760845 1 1 3 1013   19.13
200210760917 1 1 3 1613   23.43
200210761315 1 1 3 1313   22.14
200210761451 1 1 3 2113   14.57
200210761530 1 1 3  314  350.43
200210761653 1 1 3  313   20.32
200210761732 1 1 3  113   19.93
200210762040 1 8 3 2114  349.76
200210762242 1 1 3 2113   14.57
200210762257 1 1 3 2114  349.76
200210762354 1 1 3 1313   22.14
200210762354 2 1 3 1313   22.14
200210762551 1 1 3 1613   23.43
200210762602 1 1 3  413   19.90
200210762655 1 1 3  313   20.32
200210762697 1 1 3  312    5.08
200210762826 1 1 3  713   20.22
200210763028 1 1 3  813   19.86
200210763043 1 1 3  812    4.97
200210763148 1 1 3  314  350.43
200210763172 1 1 3 2113   14.57
200210763289 1 1 3  713   20.22
200210763342 1 1 3 1313   22.14
200210763346 1 1 3 1313   22.14
200210763573 1 1 3  413   19.90
200210763668 1 1 3 1013   19.13
200210763688 1 1 3 2113   14.57
200210763696 1 1 3 2113   14.57
200210763814 1 1 3  813   19.86
200210763861 1 1 3 1313   22.14
200210764297 1 1 3 2113   14.57
200210764297 2 1 3 2113   14.57
200210764297 3 1 3 2113   14.57
200210764336 1 1 3  413   19.90
200210764503 1 1 3  813   19.86
200210764575 1 1 3  313   20.32
200210764590 1 1 3 2113   14.57
200210764635 1 1 3  713   20.22
200210764846 1 9 3  113   19.93
200210764900 1 1 3 1313   22.14
200210764924 1 1 3  813   19.86
200210764958 1 1 3  813   19.86
200210764973 1 1 3 1613   23.43
200210764995 1 1 3  413   19.90
200210765321 1 1 3 1013   19.13
200210765337 1 1 3 2113   14.57
200210765404 1 1 3  313   20.32
200210765408 1 1 3  314  350.43
200210765692 1 1 3 2114  349.76
200210765701 1 1 3  113   19.93
200210765744 1 1 3 1313   22.14
200210765827 1 1 3  413   19.90
200210765939 1 1 3 2113   14.57
200210766163 1 1 3 1313   22.14
200210766250 1 1 3  313   20.32
200210766302 1 9 3 1612    7.81
200210766426 1 1 3 1613   23.43
200210766809 1 1 3  113   19.93
200210767127 1 1 3  313   20.32
200210767157 1 1 3  313   20.32
200210767401 1 1 3 1614  351.46
200210767409 1 1 3  412    4.97
200210767412 1 1 3  412    4.97
200210767577 1 1 3  413   19.90
200210767599 1 1 3  813   19.86
200210767635 1 1 3  713   20.22
200210767734 1 1 3  314  350.43
200210767808 1 1 3 1613   23.43
200210767948 1 1 3  813   19.86
200210767973 1 1 3 2114  349.76
200210768008 1 1 3 1013   19.13
200210768023 1 1 3  313   20.32
200210768243 1 1 3 1313   22.14
200210768324 1 1 3  313   20.32
200210768327 1 1 3 2113   14.57
200210768445 1 1 3  413   19.90
200210768524 1 1 3 1014  349.18
200210768898 1 1 3 1313   22.14
200210769017 1 1 3 2113   14.57
200210769553 1 1 3  313   20.32
200210769587 1 1 3 1013   19.13
200210769614 1 1 3 1613   23.43
200210769818 1 1 3  813   19.86
200211128833 1 2 4  716  101.76
200211129363 1 1 4  213   26.09
200211129595 1 1 4  413   26.09
200211129876 1 2 4  313   26.09
200211130089 1 1 4  213   26.09
200211130225 1 1 4  212   13.05
200211130563 1 1 4  216  104.37
200211131429 1 1 4  413   26.09
200211232152 1 1 4 1714  364.78
200211232693 1 1 4  213   26.09
200211420744 1 1 5  813   16.46
200211420744 2 1 5  813   16.46
200211421441 1 1 5  112    5.52
200211421468 1 1 5 3914  389.48
200211421546 1 1 5  316  110.46
200211421681 1 1 5  513   16.07
200211421748 1 1 5  513   16.07
200211421929 1 1 5 2213   30.71
200211422029 1 1 5 2213   30.71
200211422239 1 1 5 2213   30.71
200211608437 1 1 8 4713   58.59
200211608442 1 1 8 1513   28.38
200211608601 1 1 8 4713   58.59
200211608601 2 1 8 4713   58.59
200211608601 3 1 8 4713   58.59
200211909170 1 1 6  112    2.76
200212800489 1 1 9  533   19.19
200212800616 1 1 9  533   19.19
200213200332 1 173  123   21.96
200213200332 2 173  123   21.96
200213301865 1 132  123   20.94
200213301886 1 132  123   20.94
200213302746 1 132  123   20.94
200213302746 2 132  123   20.94
200213302825 1 132  123   20.94
200213304161 1 132  123   20.94
200213305355 1 110  523   22.62
200213305415 1 132  123   20.94
200213305494 1 132  123   20.94
200213305496 1 132  123   20.94
200213306619 1 110 1723   17.01
200213307695 1 132  123   20.94
200213307878 1 110  123   18.91
200213308463 1 132  123   20.94
200213309365 1 132  123   20.94
200213309872 1 132  123   20.94
200213310843 1 132  123   20.94
200213310870 1 132  123   20.94
200213310948 1 132  123   20.94
200213310958 1 132  123   20.94
200213311318 1 110  523   22.62
200213311521 1 132  123   20.94
200213312642 1 910 1523   13.60
200213312695 1 132  123   20.94
200213313150 1 110  123   18.91
200213313162 1 110  124  351.09
200213313341 1 110  123   18.91
200213313687 1 132  123   20.94
200213313714 1 132  123   20.94
200213314055 1 910  523   22.62
200213314784 1 110  423   18.91
200213315264 1 132  123   20.94
200213315264 2 132  123   20.94
200213315294 1 932  123   20.94
200213315485 1 910  123   18.91
200213315724 1 132  123   20.94
200213315738 1 132  123   20.94
200213316489 1 132  123   20.94
200213316491 1 132  123   20.94
200213316511 1 132  123   20.94
200213316564 1 132  123   20.94
200213317855 1 132  123   20.94
200213318326 1 110 1723   17.01
200213318363 1 110 1723   17.01
200213318456 1 110  223   18.91
200213318854 1 132  123   20.94
200213319209 1 110  423   18.91
200213319524 1 110 2423   27.10
200213319580 1 132  123   20.94
200213319622 1 132  123   20.94
200213320220 1 110 1523   13.60
200213320781 1 110  123   18.91
200213321271 1 110 2423   27.10
200213321375 1 932  123   20.94
200213321375 2 932  123   20.94
200213322783 1 132  123   20.94
200213323031 1 110  121    2.70
200213323936 1 910 1723   17.01
200213324080 1 132  123   20.94
200213425528 1 111  223   19.05
200213427545 1 111  223   19.05
200213428166 1 111  223   19.05
200213428258 1 111  323   19.05
200213429388 1 111  724  342.91
200213429407 1 111  323   19.05
200213429422 1 111  323   19.05
200213429819 1 111  723   48.99
200213430558 1 111  223   19.05
200213628530 1 175  143   16.15
200213725468 1 141  133   20.05
200213725471 1 141  133   20.05
200213725713 1 141  133   20.05
200213725740 1 141  133   20.05
200213725811 1 141  133   20.05
200213725888 1 141  133   20.05
200213725952 1 141  133   20.05
200213725996 1 141  133   20.05
200213726049 1 141  133   20.05
200213726089 1 141  133   20.05
200213726228 1 141  133   20.05
200213726228 2 141  133   20.05
200213726332 1 141  133   20.05
200213726431 1 141  133   20.05
200213726486 1 141  133   20.05
200213726635 1 141  133   20.05
200213726758 1 141  133   20.05
200213800115 1 141  333   20.05
200213800154 1 141  333   20.05
200213825270 1 141  233   20.05
200213825316 1 141  233   20.05
200213825328 1 141  233   20.05
200213826672 1 141  333   20.05
200213826672 2 141  333   20.05
200213931658 1 112  221    6.30
200214400381 2 143  232   12.22
200214400381 3 143  232   12.22
200214500087 1 179  143   22.19
200214500182 1 179  143   22.19
200214609516 1 113  123   38.97
200214611470 1 113  623   38.97
200214612233 1 113  223   38.97
200214800184 1 121  513   20.89
200214800184 2 121  513   20.89
200214800444 1 921 3113   26.37
200214800522 1 121 1613   14.34
200214800682 1 121  513   20.89
200214801225 1 121  513   20.89
200214801298 1 121  515   90.51
200214801744 1 121  513   20.89
200214801924 1 121  513   20.89
200214802162 1 821 1113   17.58
200214802643 1 121  513   20.89
200214802859 1 121  513   20.89
200214803267 1 121  513   20.89
200214803603 1 121 1113   17.58
200214804624 1 121 1113   17.58
200214901204 1 382  143   21.89
200214901407 1 182  143   21.89
200214901663 1 182  143   21.89
200214901739 1 182  143   21.89
200214901739 2 182  143   21.89
200214901739 3 182  143   21.89
200214901959 1 182  143   21.89
200214901993 1 182  143   21.89
200214902389 1 182  143   21.89
200214902495 1 182  143   21.89
200214902515 1 182  143   21.89
200214902713 1 182  143   21.89
200214902743 1 182  143   21.89
200214903082 1 382  143   21.89
200214923281 1 1 2  413   53.89
200214923606 1 1 2  416  107.77
200214923621 1 1 2 1616  106.65
200215203540 1 949  133   20.86
200215319832 1 141  133   20.05
200215319976 1 141  232   10.03
200215320025 1 141  136  110.30
200215320049 1 141  131   10.03
200215320098 1 141  233   20.05
200215320119 1 141  233   20.05
200215320285 1 141  133   20.05
200215320398 1 141  233   20.05
200215320415 1 141  233   20.05
200215320988 1 141  133   20.05
200215321003 1 141  133   20.05
200215321031 1 141  133   20.05
200215321901 1 141  133   20.05
200215323063 1 141  133   20.05
200215323160 1 141  133   20.05
200215585001 1 181  143   19.23
200215585655 1 181 1143   21.31
200215585698 1 181  143   19.23
200215814702 1 176  543  105.29
200215814750 1 276  343  105.29
200215814753 1 976  344  315.87
200215929032 1 975  443   16.15
200215929290 1 175  143   16.15
200215929290 2 175  143   16.15
200216114734 1 143  633   41.42
200216244371 1 173 1023   31.93
200216244804 1 173  923   21.64
200216244890 1 173  223   21.96
200216446247 1 972  123   20.00
200216446292 1 172  223   20.00
200216446300 1 972  223   20.00
200216446933 1 172  223   20.00
200216447080 1 172  323   20.00
200216447312 1 972  322    5.00
200216447330 1 972  323   20.00
200216448104 1 172  123   20.00
200216448167 1 172  223   20.00
200216448495 1 172  423   20.00
200216448499 1 172  423   20.00
200216448658 1 172  223   20.00
200216674451 1 145  133   20.21
200216770062 1 1 3 1013   19.13
200216770062 2 1 3 1013   19.13
200216770521 1 1 3 2113   14.57
200216771062 1 1 3  713   20.22
200217100123 1 151  133   79.66
200217100168 1 151  133   79.66
200217100648 1 151  133   79.66
200217100806 1 151  133   79.66
200217101094 1 151  133   79.66
200217101121 1 151  136   79.66
200217101285 1 151  133   79.66
200217101442 1 151  133   79.66
200217101470 1 151  133   79.66
200217101507 1 151  133   79.66
200217101556 1 151  235   79.66
200217101604 1 351  236   79.66
200217101604 2 351  236   79.66
200217101684 1 151  133   79.66
200217101684 2 151  133   79.66
200217101774 1 951  133   79.66
200217101863 1 151  136   79.66
200217101891 1 151  133   79.66
200217102022 1 151  233   79.66
200217102210 1 151  133   79.66
200217102463 1 151  133   79.66
200217103195 1 151  133   79.66
200217590751 1 149  133   20.86
200217591018 1 149  133   20.86
200217591101 1 149  132    5.21
200217591246 1 149  133   20.86
200217592745 1 149  134  349.33
200217593265 1 149  134  349.33
200217594337 1 149  133   20.86
200217595009 1 149  133   20.86
200217595961 1 149  132    5.21
200217596116 1 149  133   20.86
200217596562 1 949  133   20.86
200217596834 1 149  133   20.86
200217596937 1 149  133   20.86
200217597270 1 149  133   20.86
200217597417 1 149  133   20.86
200217597674 1 149  133   20.86
200217598115 1 949  133   20.86
200217598295 1 949  133   20.86
200217598295 2 949  133   20.86
200217598562 1 149  133   20.86
200217599065 1 149  133   20.86
200217599112 1 149  133   20.86
200217599238 1 149  133   20.86
200217599427 1 149  133   20.86
200217599966 1 149  133   20.86
200217600186 1 149  133   20.86
200217600929 1 149  132    5.21
200217600967 1 149  133   20.86
200217601211 1 149  133   20.86
200217601361 1 149  133   20.86
200217602168 1 949  133   20.86
200217602284 1 949  132    5.21
200218428764 1 172  223   20.00
200218428815 1 172  123   20.00
200218429185 1 972  323   20.00
200218429316 1 172  323   20.00
200218429708 1 172  223   20.00
200218429769 1 172  623   20.00
200218429800 1 172  423   20.00
200218430261 1 172  123   20.00
200218430478 1 172  223   20.00
200218430482 1 172  223   20.00
200218430619 1 172  323   20.00
200218430832 1 172  423   20.00
200218431224 1 172  123   20.00
200218431459 1 172  123   20.00
200218431646 1 172  223   20.00
200218431687 1 172  623   20.00
200218431937 1 172  323   20.00
200218432465 1 172  123   20.00
200218432716 1 972  323   20.00
200218433042 1 172  623   20.00
200218433075 1 172  223   20.00
200218433302 1 172  622    5.00
200218433717 1 172  623   20.00
200218433758 1 172  423   20.00
200218433758 2 172  423   20.00
200218433939 1 172  623   20.00
200218433991 1 172  223   20.00
200218434073 1 172  123   20.00
200218434273 1 172  223   20.00
200218434822 1 172  223   20.00
200218435130 1 172  323   20.00
200218435224 1 172  623   20.00
200218435284 1 372  223   20.00
200218435380 1 372  323   20.00
200218435391 1 172  322    5.00
200218435489 1 172  123   20.00
200218435497 1 372  123   20.00
200218435718 1 172  323   20.00
200218435995 1 972  423   20.00
200218436181 1 172  223   20.00
200218436225 1 172  622    5.00
200218436273 1 972  423   20.00
200218436456 1 172  623   20.00
200218436896 1 972  223   20.00
200218436922 1 172  223   20.00
200218437105 1 172  623   20.00
200218437109 1 972  623   20.00
200218437114 1 972  623   20.00
200218437250 1 972  722    2.00
200218437300 1 972  423   20.00
200218437461 1 972  623   20.00
200218437900 1 172  223   20.00
200218438469 1 172  323   20.00
200218438505 1 372  623   20.00
200218438538 1 372  123   20.00
200218438582 1 272  423   20.00
200218438582 1 372  423   20.00
200218438707 1 172  123   20.00
200218438711 1 972  123   20.00
200218438884 1 972  323   20.00
200218439418 1 972  623   20.00
200218439475 1 172  223   20.00
200218439483 1 172  223   20.00
200218439673 1 972  623   20.00
200218439904 1 172  123   20.00
200218439908 1 172  123   20.00
200218440060 1 172  326  110.00
200218440064 1 172  323   20.00
200218440149 1 172  623   20.00
200218440153 1 172  623   20.00
200218440171 1 972  622    5.00
200218440465 1 172  623   20.00
200218440710 1 172  124  350.00
200218440765 1 972  623   20.00
200218440947 1 172  423   20.00
200218440947 2 172  423   20.00
200218441191 1 172  323   20.00
200218441279 1 172  123   20.00
200218441458 1 972  223   20.00
200218441479 1 372  423   20.00
200218441490 1 172  623   20.00
200218441611 1 972  323   20.00
200218441615 1 272  323   20.00
200218441854 1 172  123   20.00
200218442144 1 172  323   20.00
200218442148 1 172  323   20.00
200218442311 1 172  623   20.00
200218442315 1 972  623   20.00
200218442861 1 372  223   20.00
200218443317 1 372  423   20.00
200218443382 1 172  123   20.00
200218443386 1 172  123   20.00
200218443586 1 172  123   20.00
200218444001 1 172  623   20.00
200218444125 1 172  223   20.00
200218444129 1 172  223   20.00
200218444510 1 972  623   20.00
200218444645 1 972  423   20.00
200218444825 1 172  123   20.00
200218444965 1 172  323   20.00
200218444969 1 172  323   20.00
200218445537 1 172  123   20.00
200218445661 1 172  323   20.00
200218445829 1 172  423   20.00
200218445829 2 172  423   20.00
200218445829 3 172  423   20.00
200218446087 1 172  323   20.00
200218446158 1 172  423   20.00
200218446158 2 172  423   20.00
200218837506 1 873 1023   31.93
200218837883 1 173  923   21.64
200218839473 1 173  223   21.96
200218840174 1 173  223   21.96
200218840192 1 173  923   21.64
200218840219 1 273 1023   31.93
200218840362 1 173  323   21.96
200218840533 1 173  223   21.96
200218840881 1 973  223   21.96
200218840881 2 973  223   21.96
200218840898 1 973  223   21.96
200218841009 1 973  223   21.96
200218841117 1 273  323   21.96
200218841243 1 973  923   21.64
200218841553 1 973 1023   31.93
200218841560 1 173 1023   31.93
200218841640 1 973  223   21.96
200218841662 1 173  923   21.64
200218841973 1 173  223   21.96
200218842091 1 973  223   21.96
200218842498 1 973  923   21.64
200218842531 1 173 1023   31.93
200219564388 1 974  923   20.88
200219564851 1 174  124  350.77
200219565344 1 174  923   20.88
200219566594 1 974  223   20.88
200219566634 1 974  123   20.88
200219566878 1 174  923   20.88
200219567594 1 174  923   20.88
200219568137 2 974  921    4.18
200219568411 1 874  123   20.88
200219568521 1 974  923   20.88
200219570344 1 274  923   20.88
200219573561 1 174  923   20.88
200219574163 1 174  123   20.88
200219575773 1 174  923   20.88
200219576141 1 174  123   20.88
200219576728 1 174  124  350.77
200219576801 1 174  923   20.88
200219577003 1 174  123   20.88
200219955029 1 179  743   22.19
200219955064 1 179  743   22.19
200219955341 1 179  743   22.19
200219955494 1 179  243   19.97
200219955535 1 179  743   22.19
200219956241 1 179  743   22.19
200220020079 1 175  143   16.15
200220020755 1 175  243   16.15
200220021026 1 175  243   16.15
200220021366 1 175  143   16.15
200220022749 1 275  143   16.15
200220023016 1 975  143   16.15
200220025419 1 275  143   16.15
200220026182 1 175  243   16.15
200220026816 1 975  343   16.15
200220026921 1 975  443   16.15
200220028079 1 175  144  347.23
200220412740 1 176  546  105.29
200220412862 1 176  543  105.29
200220413030 1 176  443  105.29
200220413319 1 176  744  300.83
200220413335 1 176  343  105.29
200220413527 1 176  143  105.29
200220413936 1 976  343  105.29
200220500101 1 176  443  105.29
200220711012 1 178  143   55.32
200220711012 2 278  143   55.32
200220711028 1 278  243   55.32
200220711787 1 278  143   55.32
200220800123 1 996 2043   18.36
200220800145 1 996 2043   18.36
200220800191 1 197  543   20.54
200220800192 1 197  543   20.54
200220800193 1 197  543   20.54
200220800209 1 197  343   13.34
200220800213 1 197  343   13.34
200220800269 1 197  343   13.34
200220800281 1 197  343   13.34
200220800286 1 197  343   13.34
200220800318 1 197  243   13.34
200220800318 2 197  243   13.34
200220800700 1 196 3343   19.19
200220800727 1 196 1844  348.78
200220800779 1 196 1843   20.22
200220800819 1 196  343   20.00
200220801331 1 997  443   13.34
200220801352 1 197  443   13.34
200220801376 1 997  243   13.34
200220801455 1 196 1143   19.66
200220801584 1 196 1141    6.55
200220801594 1 196 1143   19.66
200220801754 1 996  844  348.91
200220801936 1 996 2043   18.36
200220802006 1 996 2043   18.36
200220802080 1 997  143   13.34
200220802103 1 197  143   13.34
200220802127 1 197  142   13.34
200220802165 1 197  142   13.34
200220802165 2 197  142   13.34
200220802303 1 197  344  346.77
200220802323 1 197  343   13.34
200220802327 1 197  343   13.34
200220802327 2 197  343   13.34
200220802335 1 197  343   13.34
200220802351 1 197  343   13.34
200220802382 1 197  343   13.34
200220802392 1 197  343   13.34
200220802418 1 997  243   13.34
200220802420 1 997  243   13.34
200220802420 2 997  243   13.34
200220802512 1 196 1143   19.66
200220802731 1 196 1843   20.22
200220802819 1 196 3343   19.19
200220802870 1 196 4343   15.95
200220802925 1 196 4343   15.95
200220802966 1 296 4343   15.95
200220803176 1 196  844  348.91
200220803242 1 197  443   13.34
200220803243 1 197  443   13.34
200220803243 2 197  443   13.34
200220803343 1 996  142    2.00
200220803718 1 197  443   13.34
200220803724 1 197  443   13.34
200220803746 1 197  343   13.34
200220803761 1 297  343   13.34
200220803803 1 997  344  346.77
200220803811 1 197  343   13.34
200220803825 1 197  343   13.34
200220803826 1 197  343   13.34
200220804144 1 996 2043   18.36
200220804144 2 996 2043   18.36
200220804224 1 996 2044  348.74
200220804258 1 996 4343   15.95
200220804511 1 197  343   13.34
200220804662 1 997  143   13.34
200220804718 1 997  143   13.34
200220804942 1 996 2043   18.36
200220805125 1 197  243   13.34
200220805138 1 197  243   13.34
200220805166 1 297  343   13.34
200220805191 1 197  344  346.77
200220805195 1 297  343   13.34
200220805211 1 197  343   13.34
200220805467 1 196 1843   20.22
200220805597 1 196  643   18.37
200220805623 1 196  643   18.37
200220805683 1 197  243   13.34
200220805748 1 196  843   23.26
200220805838 1 196  843   23.26
200220806100 1 197  344  346.77
200220806222 1 197  143   13.34
200220806393 1 196 1143   19.66
200220806567 1 196 2043   18.36
200220806607 1 196 2043   18.36
200220806663 1 196 2043   18.36
200220807138 1 196 4343   15.95
200220807150 1 196 4343   15.95
200220807159 1 196 4343   15.95
200220807180 1 196 1843   20.22
200220807578 1 196  843   23.26
200220807578 2 196  843   23.26
200220807855 1 197  343   13.34
200220807862 1 197  343   13.34
200220807984 1 297  243   13.34
200220808249 1 196 1143   19.66
200220808268 1 196 1143   19.66
200220808327 1 196 1143   19.66
200220808511 1 196  143   20.00
200220808672 1 296 2043   18.36
200220808819 1 197  143   13.34
200220808917 1 997  343   13.34
200220809018 1 197  243   13.34
200220809033 1 197  243   13.34
200220809284 1 196 4343   15.95
200220809363 1 996 2043   18.36
200220809412 1 996 2043   18.36
200220809884 1 296 1143   19.66
200220809998 1 196 1143   19.66
200220810080 1 196 4343   15.95
200220810086 1 196 4343   15.95
200220810348 1 197  443   13.34
200220810482 1 197  143   13.34
200220810609 1 996 2043   18.36
200220810963 1 996  843   23.26
200220810963 2 196  843   23.26
200220811073 1 196 3343   19.19
200220811073 2 196 3343   19.19
200220811146 1 196 4343   15.95
200220811207 1 197  543   20.54
200220811220 1 297  244  346.77
200220811234 1 197  243   13.34
200220811272 1 197  344  346.77
200220811317 1 197  343   13.34
200220811336 1 997  343   13.34
200220811373 1 197  443   13.34
200220811399 1 297  443   13.34
200220811456 1 996 2043   18.36
200220811663 1 196  643   18.37
200220811689 1 196  643   18.37
200220812183 1 197  343   13.34
200220812183 2 197  343   13.34
200220812183 3 197  343   13.34
200220812199 1 997  343   13.34
200220812218 1 197  343   13.34
200220812229 1 197  343   13.34
200220812251 1 197  443   13.34
200220812346 1 196 1843   20.22
200220812383 1 196 2043   18.36
200220812401 1 196 2043   18.36
200220813357 1 196 2043   18.36
200220813404 1 196 2043   18.36
200220813485 1 197  543   20.54
200220813512 1 297  243   13.34
200220813551 1 197  243   13.34
200220813717 1 197  143   13.34
200220813802 1 197  343   13.34
200220813816 1 197  343   13.34
200220813871 1 197  443   13.34
200220813875 1 297  443   13.34
200220813878 1 197  443   13.34
200220813881 1 297  443   13.34
200220813920 1 197  243   13.34
200220813938 1 197  243   13.34
200220814447 1 196 4345   95.71
200220814963 1 196  643   18.37
200220815215 1 196 2043   18.36
200220815308 1 996 3344  345.49
200220815387 1 197  343   13.34
200220815503 1 997  443   13.34
200220815643 1 196 1143   19.66
200220815892 1 297  243   13.34
200220816128 1 196 2043   18.36
200220816524 1 997  143   13.34
200220816669 1 197  443   13.34
200220816748 1 197  343   13.34
200220816771 1 197  343   13.34
200220816776 1 197  343   13.34
200220816799 1 196 4346  111.66
200220816802 1 196 4343   15.95
200220816803 1 196 4343   15.95
200220816828 1 296 4343   15.95
200220817226 1 196 1143   19.66
200220817226 2 196 1143   19.66
200220817319 1 196 2043   18.36
200220817385 1 197  243   13.34
200220817408 1 197  243   13.34
200220817474 1 196  843   23.26
200220817571 1 196  843   23.26
200220817897 1 196 2043   18.36
200220818129 1 997  343   13.34
200220818137 1 197  343   13.34
200220818233 1 297  244  346.77
200220818245 1 197  243   13.34
200220818285 1 297  543   20.54
200220818372 1 996  143   20.00
200220818421 1 996  145   90.00
200220818512 1 196  643   18.37
200220818566 1 997  343   13.34
200220818702 1 996 2044  348.74
200220818877 1 196 4343   15.95
200220819060 1 196 1145   91.76
200220819073 1 196 1143   19.66
200220819485 1 996 3343   19.19
200220819529 1 996 3343   19.19
200220819937 1 196  843   23.26
200221231246 1 179  143   22.19
200221231281 1 179  143   22.19
200221973600 1 181  143   19.23
200221974439 1 181  743   20.75
200221974838 1 181 1143   21.31
200221976557 1 981 1043   24.04
200221976704 1 181  143   19.23
200221978493 1 281  143   19.23
200221978966 1 181  143   19.23
200221980337 1 181  343   19.23
200221981527 1 181  243   19.23
200221981864 1 181  143   19.23
200221982154 1 181 1043   24.04
200221982241 1 981  343   19.23
200221982562 1 281  143   19.23
200221983595 1 381  143   19.23
200221983813 1 181  443   19.23
200222286082 1 182  143   21.89
200222286231 1 182  143   21.89
200222286319 1 182  143   21.89
200222286346 1 182  143   21.89
200222286809 1 982  143   21.89
200222287000 1 182  143   21.89
200222287153 1 182  143   21.89
200222287493 1 182  143   21.89
200222287502 1 182  143   21.89
200222287502 2 182  143   21.89
200222287502 3 182  143   21.89
200222287504 1 182  142    5.47
200222288150 1 182  143   21.89
200222288198 1 182  143   21.89
200222288198 2 182  143   21.89
200222288472 1 182  143   21.89
200222288741 1 182  144  350.21
200222288750 1 182  143   21.89
200222288819 1 282  143   21.89
200222289119 1 182  143   21.89
200222289419 1 182  143   21.89
200222289629 1 182  144  350.21
200222289851 1 182  143   21.89
200222289897 1 282  143   21.89
200222290148 1 182  142    5.47
200222290195 1 182  143   21.89
200222290224 1 182  143   21.89
200222290442 1 182  143   21.89
200222290487 1 182  143   21.89
200222290811 1 182  143   21.89
200222291048 1 982  143   21.89
200222291286 1 182  144  350.21
200222291346 1 182  143   21.89
200222291367 1 282  143   21.89
200222291489 1 182  143   21.89
200222291692 1 182  143   21.89
200222291734 1 282  143   21.89
200222291929 1 182  143   21.89
200222291993 1 182  143   21.89
200222292329 1 282  143   21.89
200222292895 1 982  143   21.89
200222293510 1 282  143   21.89
200222293984 1 182  143   21.89
200222294282 1 982  143   21.89
200222294596 1 182  143   21.89
200222294876 1 982  143   21.89
200222294929 1 182  143   21.89
200222294967 1 182  143   21.89
200222295177 1 282  143   21.89
200222295198 1 182  143   21.89
200222295238 1 982  143   21.89
200222295250 1 282  143   21.89
200222295579 1 282  143   21.89
200222295622 1 982  143   21.89
200222295639 1 982  143   21.89
200222295852 1 182  143   21.89
200222295941 1 182  143   21.89
200222296190 1 182  143   21.89
200222296226 1 182  143   21.89
200222296226 2 182  143   21.89
200222296252 1 182  143   21.89
200222296557 1 982  143   21.89
200222296566 1 282  143   21.89
200222296608 1 182  143   21.89
200222296853 1 982  143   21.89
200222296964 1 982  143   21.89
200222297237 1 182  143   21.89
200229900349 1 1 1  413   33.89
200229900608 1 1 1  213   33.89
200229901922 1 1 1  813   33.89
200229901945 1 1 1  113   33.89
200229902052 1 2 1  213   33.89
200229902131 1 1 1  113   33.89
200229902342 1 1 1  213   33.89
200229902385 1 1 1  113   33.89
200229902545 1 2 1  813   33.89
200229902645 1 9 1  813   33.89
200229902689 1 1 1  413   33.89
200229902946 1 2 1  213   33.89
200229902958 1 1 1  213   33.89
200229903026 1 1 1  113   33.89
200229903409 1 1 1  115  101.66
200229904148 1 1 1  412   33.89
200229904884 1 1 1  813   33.89
200230000086 1 1 7  513   19.32
200230000277 1 1 7  513   19.32
200230000399 1 1 7  113   18.79
200230000422 1 1 7 1612   76.73
200230000440 1 1 7  813   34.57
200230000465 1 1 7  313   18.79
200230000730 1 1 7  313   18.79
200230000738 1 1 7  513   19.32
200230000769 1 1 7  113   18.79
200230000806 1 1 7  113   18.79
200230000834 1 1 7  313   18.79
200230000866 1 1 7  313   18.79
200230001022 1 1 7  113   18.79
200230001185 1 1 7 3014  363.46
200230001209 1 1 7  313   18.79
200230001406 1 1 7  213   18.79
200230001440 1 1 7  113   18.79
200230001499 1 1 7  213   18.79
200230001610 1 1 7  113   18.79
200230001616 1 1 7  313   18.79
200230001630 1 1 7  513   19.32
200230001682 1 1 7 3013  121.15
200230001748 1 1 7  313   18.79
200230001783 1 1 7  313   18.79
200230001824 1 1 7  313   18.79
200230001829 1 1 7  313   18.79
200230001829 2 1 7  313   18.79
200230001853 1 1 7 1013   52.04
200230001858 1 1 7 1013   52.04
200230001884 1 1 7  113   18.79
200230001921 1 1 7 1613   76.73
200230002031 1 1 7 1016  104.07
200230002119 1 2 7  813   34.57
200230002162 1 1 7  313   18.79
200230002164 1 1 7  314  347.68
200230002188 1 1 7 3013  121.15
200230002506 1 1 7 1013   52.04
200230002569 1 1 7  513   19.32
200230002924 1 1 7  314  347.68
200230002965 1 1 7  113   18.79
200230002987 1 1 7  113   18.79
200230003004 1 1 7  113   18.79
200230003032 1 1 7  212    9.40
200230003038 1 1 7  313   18.79
200230003099 1 1 7  312    9.40
200230003102 1 1 7  313   18.79
200230003464 1 1 7  114  347.68
200230003705 1 1 7 1013   52.04
200230201105 1 123  113   21.38
200230201115 1 123  113   21.38
200230201712 1 123  113   21.38
200230201877 1 123  113   21.38
200230202229 1 123  113   21.38
200230202401 1 123  113   21.38
200230202573 1 123  113   21.38
200230202592 1 123  114  342.10
200230202634 1 123  213   19.24
200230202716 1 123  613   17.87
200230202746 1 123  113   21.38
200230202895 1 123  913   21.42
200230202966 1 123  113   21.38
200230203503 1 123  413   19.24
200230203524 1 123  411    2.14
200230203703 1 123  311    2.14
200230204248 1 123  113   21.38
200230204278 1 123  113   21.38
200230204886 1 123  113   21.38
200230204966 1 123  113   21.38
200230205024 1 923  113   21.38
200230205026 1 223  113   21.38
200230205194 1 223  213   19.24
200230205278 1 123  613   17.87
200230205729 1 123  113   21.38
200230205785 1 123  114  342.10
200230206104 1 923  114  342.10
200230206108 1 123  113   21.38
200230206468 1 123  213   19.24
200230206663 1 123  113   21.38
200230207028 1 123  613   17.87
200230207028 2 123  613   17.87
200230207060 1 123  914  353.36
200230207146 1 123  614  351.35
200230207513 1 123  412    2.14
200230208067 1 123  113   21.38
200230208085 1 123  113   21.38
200230208321 1 123  113   21.38
200230208576 1 123  113   21.38
200230208689 1 123  113   21.38
200230208966 1 123  113   21.38
200230209547 1 123  113   21.38
200230209586 1 123  113   21.38
200230209661 1 123  113   21.38
200230300241 1 124  913   28.45
200230300712 1 124  913   28.45
200230300725 1 124  913   28.45
200230300725 2 124  913   28.45
200230300786 1 124 1213   39.97
200230301101 1 125  713   45.17
200230301472 1 124  914  341.35
200230301525 1 124  513   17.10
200230301681 1 124  513   17.10
200230301785 1 124  714  347.78
200230302185 1 124  913   28.45
200230302352 1 125  313   24.14
200230302499 1 125 1413  107.09
200230302500 1 125 1414  321.28
200230302554 1 125  114  350.04
200230302554 2 125  114  350.04
200230303236 1 124 1213   39.97
200230303435 1 125 1413  107.09
200230303456 1 124  714  347.78
200230303824 1 125  713   45.17
200230304045 1 124  913   28.45
200230304060 1 124  713   17.39
200230304113 1 124 1213   39.97
200230304211 1 925 1414  321.28
200230304436 1 124  914  341.35
200230304604 1 124 1213   39.97
200230304625 1 124  513   17.10
200230304942 1 125  614  365.52
200230304962 1 125  613   40.61
200230305017 1 125  713   45.17
200230305024 1 225  713   45.17
200230305025 1 125  714  361.38
200230305033 1 125  713   45.17
200230305326 1 124  914  341.35
200230305358 1 124  713   17.39
200230305400 1 125  214  350.04
200230305401 1 125  213   24.14
200230305482 1 125  113   24.14
200230305500 1 125  614  365.52
200230305946 1 124 1214  359.76
200230305996 1 124  513   17.10
200230306095 1 124  713   17.39
200230306214 1 124  913   28.45
200230306235 1 124  913   28.45
200230306260 1 124  913   28.45
200230306276 1 124  913   28.45
200230306393 1 125  213   24.14
200230306433 1 125  713   45.17
200230306569 1 125 1413  107.09
200230306831 1 124  914  341.35
200230307165 1 125 1413  107.09
200230307179 1 125 1413  107.09
200230307184 1 125 1414  321.28
200230307254 1 125  713   45.17
200230307344 1 125  713   45.17
200230307377 1 125  614  365.52
200230307390 1 125 1413  107.09
200230307485 1 124  913   28.45
200230307674 1 124  214  350.09
200230401432 1 133 1223   22.27
200230404542 1 133 1223   22.27
200230405049 1 133  323   18.47
200230405903 1 133  323   18.47
200230405934 1 933  323   18.47
200230406140 1 133 1623   22.77
200230406384 1 133  623   18.75
200230406750 1 133  323   18.47
200230407148 1 133  823   18.77
200230407166 1 133  623   18.75
200230407284 1 133 1223   22.27
200230407463 1 133  223   18.47
200230407532 1 233 1623   22.77
200230408300 1 133  323   18.47
200230409359 1 133 1223   22.27
200230410065 1 133  123   18.47
200230410452 1 133  623   18.75
200230411362 1 133  623   18.75
200230411440 1 933 1223   22.27
200230411440 2 933 1223   22.27
200230411569 1 133  123   18.47
200230411796 1 133 1623   22.77
200230412895 1 133 1623   22.77
200230412896 1 133 1623   22.77
200230506998 1 142  133   20.83
200230507376 1 142  233   20.83
200230707142 1 150  333   18.41
200230707969 1 150  433   18.41
200230708380 1 950 1033   38.20
200230708724 1 250  333   18.41
200230709352 1 950  332    4.60
200230709595 1 150  433   18.41
200230709640 1 150  333   18.41
200230710063 1 150 1033   38.20
200230710185 1 950  333   18.41
200230710371 1 150  333   18.41
200230710564 1 150 1033   38.20
200230710712 1 150  333   18.41
200230710883 1 150 1033   38.20
200230711144 1 250  333   18.41
200230711314 1 150  333   18.41
200230800353 1 991  923   19.88
200230800353 2 991  923   19.88
200230800353 3 991  923   19.88
200230800353 4 991  923   19.88
200230800631 1 191 4623   14.80
200230800878 1 191 2423   22.56
200230801503 1 991 4623   14.80
200230802282 1 191  923   19.88
200230802772 1 191  423   21.98
200230803001 1 191  322    5.64
200230803022 1 191  323   22.56
200230803218 1 991 5523   16.07
200230803367 1 991 1523   20.67
200230803663 1 191  723   22.64
200230803991 1 191 4623   14.80
200230804368 1 391 1423   17.64
200230804658 1 191  923   19.88
200230804686 1 99111323   30.41
200230804936 1 391 3223   20.73
200230804972 1 991 2423   22.56
200230805003 1 991 2423   22.56
200230805050 1 991 1523   20.67
200230805423 1 991  123   19.55
200230805721 1 191 4623   14.80
200230805802 1 191  323   22.56
200230805957 1 391  923   19.88
200230806399 1 991 6723   21.53
200230806448 1 191 6723   21.53
200230806475 1 991 6723   21.53
200230806503 1 191  723   22.64
200230806774 1 191  423   21.98
200230806851 1 191 3223   20.73
200230806851 2 191 3223   20.73
200230806851 3 191 3223   20.73
200230807047 1 391  323   22.56
200230807262 1 991 1523   20.67
200230807310 1 991 1523   20.67
200230807846 1 991  123   19.55
200230807987 1 191 1923   20.39
200230808122 1 191 1923   20.39
200230808122 2 191 1923   20.39
200230808182 1 991  423   21.98
200230808226 1 991  426  109.92
200230808638 1 191  923   19.88
200230808851 1 191 4623   14.80
200230809021 1 191 3223   20.73
200230809125 1 191 3223   20.73
200230809155 1 991 5523   16.07
200230809194 1 191 5523   16.07
200230809222 1 191 5523   16.07
200230809470 1 191  423   21.98
200230809585 1 391  923   19.88
200230809638 1 891  323   22.56
200230809711 1 991  323   22.56
200230810026 1 991 3223   20.73
200230810153 1 291 1923   20.39
200230810319 1 191 2423   22.56
200230810482 1 191  123   19.55
200230810748 1 191 1423   17.64
200230810842 1 191  723   22.64
200230810958 1 191  423   21.98
200230811366 1 191 1523   20.67
200230811752 1 891 3223   20.73
200230811991 1 991 1423   17.64
200230812828 1 99111223   30.41
200230812877 1 19111223   30.41
200230813163 1 391 6723   21.53
200230813218 1 991 6723   21.53
200230813220 1 191 6723   21.53
200230813699 1 991 5523   16.07
200230813707 1 991 5523   16.07
200231100188 1 122  613   60.61
200231100223 1 922 1113  156.78
200231100249 1 122  813   88.51
200231100425 1 122  613   60.61
200231100813 1 122  113   29.32
200231100929 1 122  113   29.32
200231100930 1 122  113   29.32
200231101028 1 122  613   60.61
200231101057 1 122  113   29.32
200231101482 1 122  113   29.32
200231101873 1 122  114  351.81
200231101909 1 122  615   60.61
200231101962 1 922  113   29.32
200231101979 1 922  113   29.32
200231102069 1 122  113   29.32
200231102596 1 122  113   29.32
200231102601 1 922  113   29.32
200231102870 1 122  113   29.32
200231102873 1 122  114  351.81
200231103033 1 122  813   88.51
200231103189 1 922  113   29.32
200231200355 1 126  211    4.24
200231200563 1 126  113   21.22
200231200744 1 126  311    8.33
200231201746 1 126 1313   33.33
200231201746 2 126 1313   33.33
200231201746 3 126 1313   33.33
200231202758 1 126  313   16.66
200231203553 1 126  713   15.80
200231203605 1 126  113   21.22
200231203804 1 126  714  347.65
200231203967 1 126  313   16.66
200231204106 1 126  313   16.66
200231204253 1 226  113   21.22
200231204573 1 126  113   21.22
200231204886 1 226  113   21.22
200231204969 1 126  214  348.00
200231205298 1 126  113   21.22
200231205398 1 126  313   16.66
200231205546 1 126  213   21.22
200231206003 1 126  713   15.80
200231206403 1 126  113   21.22
200231206455 1 126  213   21.22
200231206490 1 226  713   15.80
200231206724 1 126  113   21.22
200231207385 1 126  213   21.22
200231208414 1 126  211    4.24
200231300260 1 127  233   18.16
200231300273 1 127  234  354.08
200231300589 1 127  133   18.16
200231300918 1 127  233   18.16
200231300966 1 127  233   18.16
200231301004 1 127  233   18.16
200231301066 1 127  233   18.16
200231301131 1 127  132    9.08
200231301187 1 127  133   18.16
200231301191 1 127  133   18.16
200231301256 1 127  133   18.16
200231301288 1 127  133   18.16
200231301288 2 927  133   18.16
200231301476 1 127  233   18.16
200231301525 1 127  233   18.16
200231301899 1 127  131    9.08
200231301907 1 127  133   18.16
200231301915 1 127  133   18.16
200231302322 1 127  233   18.16
200231302579 1 127  233   18.16
200231302699 1 127  132    9.08
200231302755 1 127  133   18.16
200231302839 1 127  133   18.16
200231302883 1 127  133   18.16
200231302939 1 127  133   18.16
200231303028 1 127  133   18.16
200231303105 1 127  133   18.16
200231303268 1 127  236  108.95
200231303342 1 127  233   18.16
200231303409 1 127  233   18.16
200231303462 1 127  232    9.08
200231303607 1 127  233   18.16
200231303866 1 127  133   18.16
200231303942 1 127  133   18.16
200231304618 1 127  131    9.08
200231304716 1 127  133   18.16
200231304794 1 127  133   18.16
200231304855 1 127  133   18.16
200231304923 1 127  133   18.16
200231305230 1 127  132    9.08
200231305230 2 127  132    9.08
200231305303 1 227  133   18.16
200231305364 1 127  133   18.16
200231305464 1 127  233   18.16
200231305577 1 127  231    9.08
200231305597 1 127  233   18.16
200231305743 1 927  232    9.08
200231305967 1 127  136  108.95
200231305967 2 127  136  108.95
200231306041 1 127  133   18.16
200231306100 1 127  133   18.16
200231306221 1 127  133   18.16
200231306462 1 127  233   18.16
200231306730 1 127  133   18.16
200231306730 2 127  133   18.16
200231306896 1 127  133   18.16
200231306934 1 127  131    9.08
200231307058 1 127  133   18.16
200231307058 2 127  133   18.16
200231307327 1 127  233   18.16
200231307360 1 127  231    9.08
200231307487 1 127  131    9.08
200231307487 2 127  131    9.08
200231307802 1 127  233   18.16
200231307897 1 127  233   18.16
200231308279 1 127  133   18.16
200231308367 1 127  133   18.16
200231308550 1 127  233   18.16
200231308600 1 127  233   18.16
200231308769 1 127  133   18.16
200231308825 1 127  133   18.16
200231308856 1 127  133   18.16
200231308920 1 127  133   18.16
200231309098 1 127  133   18.16
200231309332 1 127  234  354.08
200231309469 1 127  233   18.16
200231309571 1 127  233   18.16
200231309702 1 127  133   18.16
200231309776 1 127  133   18.16
200231309837 1 127  133   18.16
200231309924 1 127  133   18.16
200231309925 1 127  134  354.08
200231310003 1 127  133   18.16
200231310038 1 127  134  354.08
200231310043 1 127  133   18.16
200231310151 1 127  133   18.16
200231310320 1 127  133   18.16
200231310926 1 127  432    9.08
200231311088 1 127  133   18.16
200231311350 1 127  133   18.16
200231311535 1 127  233   18.16
200231311644 1 127  233   18.16
200231311718 1 127  233   18.16
200231311762 1 127  233   18.16
200231312141 1 127  133   18.16
200231312202 1 127  133   18.16
200231312299 1 127  133   18.16
200231312341 1 127  133   18.16
200231313018 1 127  133   18.16
200231400336 1 128  134  323.24
200231400531 1 128  333  161.62
200231400554 1 128  133  161.62
200231400787 1 128  133  161.62
200231400934 1 128  333  161.62
200231400958 1 128  332  161.62
200231401043 1 128  133  161.62
200231500130 1 130  124  350.90
200231500360 1 130  123   22.64
200231501248 1 930  123   22.64
200231501398 1 930  123   22.64
200231501644 1 130  123   22.64
200231501774 1 130  123   22.64
200231501912 1 130  123   22.64
200231501985 1 130  123   22.64
200231502206 1 130  123   22.64
200231503005 1 129  223   17.18
200231503229 1 129  123   17.18
200231503885 1 130  123   22.64
200231503949 1 130  123   22.64
200231504408 1 930  123   22.64
200231504491 1 930  123   22.64
200231504763 1 130  123   22.64
200231505096 1 930  123   22.64
200231505375 1 130  123   22.64
200231506287 1 930  123   22.64
200231506400 1 930  123   22.64
200231506653 1 930  123   22.64
200231506682 1 130  123   22.64
200231506768 1 130  124  350.90
200231507219 1 130  123   22.64
200231507338 1 130  123   22.64
200231507341 1 130  123   22.64
200231507427 1 130  123   22.64
200231507439 1 130  123   22.64
200231507470 1 130  123   22.64
200231507542 1 130  123   22.64
200231508043 1 130  123   22.64
200231508458 1 930  123   22.64
200231509190 1 131  123   61.52
200231509308 1 330  123   22.64
200231509811 1 130  123   22.64
200231509832 1 130  123   22.64
200231509921 1 230  123   22.64
200231509921 2 130  123   22.64
200231509991 1 929  123   17.18
200231510049 1 130  123   22.64
200231510139 1 930  123   22.64
200231510282 1 130  123   22.64
200231510282 2 130  123   22.64
200231510295 1 230  123   22.64
200231510315 1 930  123   22.64
200231510856 1 130  123   22.64
200231510861 1 930  124  350.90
200231511129 1 130  123   22.64
200231511505 1 229  123   17.18
200231511505 2 229  123   17.18
200231511565 1 130  123   22.64
200231511602 1 130  123   22.64
200231511657 1 130  123   22.64
200231512149 1 229  123   17.18
200231513283 1 130  123   22.64
200231513768 1 130  123   22.64
200231514345 1 129  123   17.18
200231514366 1 129  123   17.18
200231514437 1 130  123   22.64
200231514459 1 130  123   22.64
200231514459 2 130  123   22.64
200231514964 1 130  123   22.64
200231700555 1 144  333   45.09
200231700773 1 144  633   85.16
200231700927 1 144  133   45.09
200231700958 1 144  333   45.09
200231701012 1 144  233   45.09
200231701509 1 144  333   45.09
200231702203 1 144  333   45.09
200231702370 1 144  333   45.09
200231702765 1 144  131   45.09
200231702902 1 144  133   45.09
200231702958 1 144  233   45.09
200231702988 1 144  333   45.09
200231703439 1 144  234  360.75
200231703479 1 144  433   45.09
200231703654 1 144  633   85.16
200231703771 1 144  133   45.09
200231703771 2 144  133   45.09
200231703803 1 144  236   90.19
200231703839 1 144  236   90.19
200231703932 1 344  133   45.09
200231703945 1 844  333   45.09
200231703996 1 144  334  360.75
200231704205 1 144  133   45.09
200231704283 1 344  433   45.09
200231704603 1 144  133   45.09
200231801253 1 146  433   22.46
200231801302 1 146  133   22.46
200231801750 1 146  333   22.46
200231801842 1 146  133   22.46
200231801953 1 146  733   52.01
200231802355 1 146  133   22.46
200231802458 1 146  331   22.46
200231802458 2 146  331   22.46
200231802584 1 946  133   22.46
200231803004 1 146  133   22.46
200231803089 1 146  131   22.46
200231803089 2 146  131   22.46
200231803089 3 146  131   22.46
200231803224 1 246  133   22.46
200231803262 1 146  433   22.46
200231803304 1 146  433   22.46
200231803426 1 146  233   22.46
200231803607 1 146  133   22.46
200231803823 1 146  133   22.46
200231804367 1 146  133   22.46
200231804510 1 146  233   22.46
200231804516 1 146  234  359.42
200231804898 1 146  433   22.46
200231805084 1 146  433   22.46
200231805227 1 146  333   22.46
200231805667 1 146  533   22.46
200231805904 1 146  131   22.46
200231806226 1 146  231   22.46
200232000092 1 161  533   34.72
200232000104 1 161  133   34.72
200232000150 1 161  233   34.72
200232000167 1 161  233   34.72
200232000172 1 161  233   34.72
200232000185 1 161  333   34.72
200232000265 1 161  133   34.72
200232000267 1 161  133   34.72
200232000268 1 161  133   34.72
200232000285 1 161  233   34.72
200232000295 1 161  233   34.72
200232000302 1 161  433   34.72
200232000334 1 161  133   34.72
200232000376 1 161  233   34.72
200232000385 1 161  233   34.72
200232000407 1 261  133   34.72
200232000408 1 161  133   34.72
200232000443 1 161  233   34.72
200232000492 1 161  133   34.72
200232000493 1 161  136  104.14
200232000534 1 161  133   34.72
200232000543 1 161  133   34.72
200232000596 1 161  233   34.72
200232000603 1 161  233   34.72
200232000644 1 161  133   34.72
200232000644 2 161  133   34.72
200232000659 1 161  133   34.72
200232000707 1 161  433   34.72
200232000752 1 261  133   34.72
200232000766 1 161  133   34.72
200232000804 1 161  233   34.72
200232000831 1 161  133   34.72
200232000836 1 161  133   34.72
200232000903 1 161  133   34.72
200232000913 1 161  133   34.72
200232000919 1 161  133   34.72
200232001000 1 161  433   34.72
200232001004 1 161  433   34.72
200232001023 1 161  132   34.72
200232001074 1 161  233   34.72
200232001081 1 161  233   34.72
200232001115 1 161  131   34.72
200232001167 1 161  433   34.72
200232001362 1 161  233   34.72
200232001366 1 161  233   34.72
200232001385 2 161  436  104.14
200232001385 3 161  436  104.14
200232001390 1 161  433   34.72
200232001451 1 161  233   34.72
200232001459 1 161  433   34.72
200232001459 2 161  433   34.72
200232001486 1 161  133   34.72
200232001498 1 161  133   34.72
200232001511 1 161  133   34.72
200232001550 1 161  233   34.72
200232001559 1 161  433   34.72
200232001562 1 161  433   34.72
200232001589 1 161  133   34.72
200232001627 1 161  233   34.72
200232001639 1 161  433   34.72
200232001666 1 161  533   34.72
200232001698 1 161  133   34.72
200232001722 1 161  233   34.72
200232001816 1 161  133   34.72
200232001848 1 161  233   34.72
200232001849 1 161  233   34.72
200232001876 1 161  533   34.72
200232001902 1 261  633   34.72
200232002002 1 161  233   34.72
200232002003 1 161  233   34.72
200232002050 1 161  133   34.72
200232002090 1 161  233   34.72
200232002267 1 161  233   34.72
200232002307 1 161  133   34.72
200232002315 1 161  133   34.72
200232002346 1 161  233   34.72
200232002361 1 161  433   34.72
200232002422 1 261  333   34.72
200232002437 1 161  233   34.72
200232002440 1 161  233   34.72
200232002442 1 161  233   34.72
200232002445 1 161  233   34.72
200232002453 1 161  433   34.72
200232002469 1 161  133   34.72
200232002478 1 161  133   34.72
200232002517 1 161  133   34.72
200232002519 1 161  133   34.72
200232002556 1 161  233   34.72
200232002558 1 161  233   34.72
200232002586 1 161  133   34.72
200232002603 1 161  634  347.15
200232002742 1 161  133   34.72
200232002743 1 161  133   34.72
200232002748 1 261  133   34.72
200232002822 1 161  233   34.72
200232002962 1 261  433   34.72
200232002970 1 261  433   34.72
200232003058 1 161  233   34.72
200232003101 1 161  136  104.14
200232003182 1 161  133   34.72
200232003193 1 161  132   34.72
200232003231 1 161  133   34.72
200232003311 1 161  133   34.72
200232003323 1 161  236  104.14
200232003332 1 161  233   34.72
200232003346 1 161  232   34.72
200232003346 2 161  232   34.72
200232003349 1 161  233   34.72
200232003349 2 161  233   34.72
200232003368 1 161  133   34.72
200232003385 1 161  133   34.72
200232003462 1 261  133   34.72
200232003469 1 161  133   34.72
200232003484 1 161  133   34.72
200232003506 1 161  233   34.72
200232003543 1 161  133   34.72
200232003556 1 161  133   34.72
200232003644 1 161  133   34.72
200232003646 1 161  133   34.72
200232003663 1 261  133   34.72
200232003685 1 161  133   34.72
200232003740 1 261  133   34.72
200232003741 1 161  133   34.72
200232003798 1 161  233   34.72
200232003802 1 161  233   34.72
200232003839 1 161  133   34.72
200232003873 1 161  233   34.72
200232003928 1 261  133   34.72
200232004000 1 161  433   34.72
200232004022 1 161  233   34.72
200232004060 1 161  133   34.72
200232004076 1 161  133   34.72
200232004105 1 161  133   34.72
200232004122 1 161  133   34.72
200232004125 1 161  133   34.72
200232004131 1 261  133   34.72
200232004147 1 161  133   34.72
200232004164 1 161  133   34.72
200232004165 1 161  133   34.72
200232004323 1 161  233   34.72
200232004332 1 161  333   34.72
200232004353 1 161  133   34.72
200232004373 1 161  133   34.72
200232100351 1 163  133   13.96
200232100579 1 163  133   13.96
200232100646 1 163  133   13.96
200232100784 1 963  133   13.96
200232100895 1 963  133   13.96
200232100907 1 963  133   13.96
200232101106 1 163  133   13.96
200232101305 1 163  133   13.96
200232101315 1 163  133   13.96
200232101555 1 163  133   13.96
200232101774 1 962  433   24.55
200232101804 1 962  634  360.26
200232102250 1 163  133   13.96
200232102250 2 163  133   13.96
200232102260 1 163  133   13.96
200232102421 1 163  133   13.96
200232102623 1 162  433   24.55
200232102895 1 163  133   13.96
200232103048 1 163  133   13.96
200232103065 1 163  133   13.96
200232103088 1 963  133   13.96
200232103159 1 963  133   13.96
200232103333 1 162  333   24.55
200232103502 1 163  133   13.96
200232103528 1 163  133   13.96
200232103547 1 163  133   13.96
200232103767 1 163  133   13.96
200232103969 1 163  133   13.96
200232103969 2 163  133   13.96
200232104132 1 162  233   24.55
200232104183 1 263  133   13.96
200232104406 1 162  133   24.55
200232104895 1 263  133   13.96
200232104915 1 163  133   13.96
200232104965 1 163  133   13.96
200232105041 1 262  233   24.55
200232105145 1 963  133   13.96
200232105203 1 163  133   13.96
200232105534 1 163  133   13.96
200232106584 1 963  135   83.77
200232106584 2 963  135   83.77
200232106830 1 163  135   83.77
200232106920 1 963  136  111.70
200232107247 1 163  133   13.96
200232107637 1 162  233   24.55
200232107640 1 162  233   24.55
200232107814 1 163  133   13.96
200232107871 1 162  135   98.21
200232107873 1 162  133   24.55
200232107944 1 263  133   13.96
200232108048 1 163  133   13.96
200232108120 1 163  133   13.96
200232108406 1 162  233   24.55
200232108509 1 162  633   40.03
200232108509 2 162  633   40.03
200232108759 1 962  634  360.26
200232108927 1 962  133   24.55
200232108945 1 962  233   24.55
200232109151 1 163  133   13.96
200232109180 1 163  133   13.96
200232109522 1 163  133   13.96
200232109859 1 163  133   13.96
200232109887 1 163  133   13.96
200232109906 1 163  133   13.96
200232110048 1 162  333   24.55
200232110434 1 162  333   24.55
200232110434 2 162  333   24.55
200232110734 1 162  433   24.55
200232110937 1 163  133   13.96
200232110978 1 263  133   13.96
200232110981 1 163  133   13.96
200232111122 1 162  233   24.55
200232111188 1 162  633   40.03
200232111227 1 162  133   24.55
200232111333 1 163  133   13.96
200232111388 1 163  133   13.96
200232111409 1 163  133   13.96
200232111448 1 163  133   13.96
200232111644 1 962  433   24.55
200232112411 1 163  133   13.96
200232112608 1 162  333   24.55
200232112763 1 162  333   24.55
200232112810 1 163  133   13.96
200232112844 1 163  133   13.96
200232112874 1 163  133   13.96
200232113195 1 163  133   13.96
200232200226 1 164  133   18.88
200232200239 1 164  133   18.88
200232200641 1 164  133   18.88
200232200885 1 964  133   18.88
200232202467 1 164  133   18.88
200232202728 1 164  133   18.88
200232203045 1 164  233   18.88
200232203218 1 164  133   18.88
200232203292 1 964  133   18.88
200232203482 1 164  133   18.88
200232203779 1 164  133   18.88
200232204399 1 164  133   18.88
200232204563 1 164  133   18.88
200232204772 1 164  133   18.88
200232205116 1 164  133   18.88
200232205509 1 164  133   18.88
200232205644 1 164  133   18.88
200232205653 1 964  133   18.88
200232205962 1 164  133   18.88
200232206002 1 164  133   18.88
200232206140 1 964  133   18.88
200232206897 1 164  133   18.88
200232207121 1 164  133   18.88
200232207130 1 964  133   18.88
200232207159 1 164  133   18.88
200232207329 1 164  133   18.88
200232207362 1 164  133   18.88
200232207526 1 964  133   18.88
200232207726 1 964  133   18.88
200232208080 1 164  231    4.72
200232208080 2 164  231    4.72
200232208080 3 164  231    4.72
200232208756 1 164  133   18.88
200232208922 1 164  133   18.88
200232209137 1 164  133   18.88
200232209264 1 164  133   18.88
200232209867 1 164  133   18.88
200232210691 1 964  232    4.72
200232300111 1 171  123   24.69
200232300589 1 171  223   24.69
200232301010 1 271  223   24.69
200232301568 1 971  223   24.69
200232301857 1 971  223   24.69
200232302044 1 171  223   24.69
200232302257 1 171  123   24.69
200232302427 1 171  723   40.21
200232302443 1 271  123   24.69
200232303000 1 971 1023   81.13
200232303031 1 171  121   12.35
200232303075 1 171  323   24.69
200232303201 1 971 1024  324.52
200232303272 1 171  123   24.69
200232303608 1 171  123   24.69
200232303852 1 171  123   24.69
200232303852 2 171  123   24.69
200232303858 1 171  223   24.69
200232303905 1 171  723   40.21
200232304004 1 271  323   24.69
200232304046 1 171  523   24.69
200232304148 1 971  723   40.21
200232304148 2 971  723   40.21
200232304316 1 171  123   24.69
200232304332 1 971  223   24.69
200232304464 1 971  523   24.69
200232304711 1 271 1023   81.13
200232305253 1 971  523   24.69
200232305337 1 971  223   24.69
200232306184 1 171 1023   81.13
200232400368 1 977  143   21.97
200232400368 2 977  143   21.97
200232400537 1 977  342    3.66
200232400640 1 977  143   21.97
200232400662 1 177  343   18.31
200232400820 1 177  143   21.97
200232400851 1 177  143   21.97
200232401223 1 977  143   21.97
200232401420 1 177  243   18.31
200232401588 1 177  143   21.97
200232401803 1 177  442    3.66
200232402028 1 177  243   18.31
200232402177 1 977  143   21.97
200232402407 1 977  243   18.31
200232402452 1 177  643   18.31
200232402484 1 977  143   21.97
200232402632 1 977  143   21.97
200232402918 1 177  143   21.97
200232403491 1 977  243   18.31
200232403608 1 977  243   18.31
200232403980 1 177  143   21.97
200232404265 1 177  243   18.31
200232404508 1 277  143   21.97
200232404621 1 177  143   21.97
200232404743 1 977  143   21.97
200232405180 1 177  143   21.97
200232405243 1 177  143   21.97
200232405430 1 177  342    3.66
200232405677 1 177  543   18.31
200232405917 1 177  243   18.31
200232406087 1 177  143   21.97
200232406119 1 177  143   21.97
200232406973 1 977  143   21.97
200232407176 1 177  145   87.87
200232407203 1 177  143   21.97
200232407423 1 177  243   18.31
200232407782 1 977  143   21.97
200232407927 1 977  443   18.31
200232408048 1 177  143   21.97
200232408100 1 177  143   21.97
200232408159 1 177  143   21.97
200232408461 1 177  143   21.97
200232408520 1 177  143   21.97
200232408568 1 177  143   21.97
200232408749 1 277  243   18.31
200232408898 1 977  143   21.97
200232408989 1 177  243   18.31
200232409121 1 977  143   21.97
200232409151 1 177  143   21.97
200232409216 1 977  143   21.97
200232409264 1 277  143   21.97
200232409595 1 177  143   21.97
200232409623 1 177  143   21.97
200232409884 1 177  143   21.97
200232409975 1 177  143   21.97
200232410125 1 177  143   21.97
200232410514 1 977  243   18.31
200232410642 1 177  143   21.97
200232410788 1 277  143   21.97
200232410890 1 977  143   21.97
200232411095 1 177  143   21.97
200232411271 1 177  443   18.31
200232411425 1 177  143   21.97
200232411448 1 177  142    7.32
200232411458 1 177  143   21.97
200232411471 1 977  143   21.97
200232411522 1 177  143   21.97
200232411548 1 977  143   21.97
200232411681 1 977  142    7.32
200232412302 1 977  144  351.47
200232412307 1 177  143   21.97
200232412338 1 977  143   21.97
200232412448 1 177  143   21.97
200232412713 1 177  143   21.97
200232413172 1 977  143   21.97
200232413270 1 177  143   21.97
200232413326 1 177  143   21.97
200232413343 1 177  143   21.97
200232413569 1 177  442    3.66
200232413958 1 977  143   21.97
200232414238 1 177  143   21.97
200232414296 1 177  143   21.97
200232414591 1 977  243   18.31
200232415159 1 977  143   21.97
200232415289 1 177  143   21.97
200232500304 1 180  343   19.69
200232500571 1 180  544  350.85
200232500962 1 180 1143   27.77
200232501005 1 980  443   19.69
200232501419 1 180  243   19.69
200232501473 1 280  543   25.06
200232501773 1 980  243   19.69
200232501845 1 980  343   19.69
200232502101 1 180  843   13.63
200232502468 1 180  143   19.69
200232502850 1 180  443   19.69
200232503006 1 180  343   19.69
200232503020 1 180  343   19.69
200232503163 1 180  143   19.69
200232503291 1 180  243   19.69
200232503309 1 180  243   19.69
200232503445 1 180  143   19.69
200232503542 1 180  343   19.69
200232503742 1 180  543   25.06
200232503962 1 180  443   19.69
200232503996 1 180  843   13.63
200232503998 1 180  843   13.63
200232504029 1 180  843   13.63
200232504133 1 180  243   19.69
200232504224 1 280  543   25.06
200232504600 1 180  243   19.69
200232504614 1 980  343   19.69
200232504787 1 180  843   13.63
200232504814 1 180  843   13.63
200232504876 1 180  243   19.69
200232504885 1 180  343   19.69
200232505030 1 980  243   19.69
200232505208 1 980  843   13.63
200232505498 1 180  843   13.63
200232505500 1 180  843   13.63
200232506015 1 180  843   13.63
200232506233 1 180  243   19.69
200232506283 1 980  243   19.69
200232506534 1 980  143   19.69
200232506618 1 180  343   19.69
200232506639 1 180  543   25.06
200232506713 1 980  143   19.69
200232506965 1 180  543   25.06
200232507262 1 180  243   19.69
200232507284 1 980  243   19.69
200232507425 1 180  843   13.63
200232507551 1 980  543   25.06
200232507760 1 280  443   19.69
200232507850 1 180  143   19.69
200232507922 1 180  243   19.69
200232507936 1 180  244  347.82
200232508009 1 180 1143   27.77
200232508026 1 180 1143   27.77
200232508230 1 280  543   25.06
200232508393 1 180  343   19.69
200232508634 1 180  243   19.69
200232508707 1 180  343   19.69
200232508973 1 280  343   19.69
200232509051 1 180  843   13.63
200232509051 2 180  843   13.63
200232509356 1 180  243   19.69
200232509486 1 180  543   25.06
200232509881 1 980  143   19.69
200232510953 1 280  543   25.06
200232600215 1 192 1623   19.12
200232600284 1 192  321    3.36
200232600709 1 992  123   20.15
200232604970 1 992  121    3.36
200232604979 1 992  121    3.36
200232605092 1 992 1624  344.23
200232605106 1 992 1623   19.12
200232605178 1 192 1523   16.06
200232605270 1 292 1123   20.60
200232606283 1 192  123   20.15
200232606619 1 192  121    3.36
200232607951 1 992  123   20.15
200232608181 1 192 1523   16.06
200232608196 1 192  721    6.19
200232608217 1 192  723   18.56
200232608804 1 192 4123   46.50
200232609401 1 292  123   20.15
200232609658 1 992  521    6.44
200232611958 1 192  123   20.15
200232612619 1 192  123   20.15
200232612948 1 192 1623   19.12
200232613090 1 192  123   20.15
200232613238 1 192  323   20.15
200232616257 1 992 1523   16.06
200232616870 1 192  423   20.15
200232618130 1 192 3823   46.92
200232618245 1 192 1623   19.12
200232618253 1 192 1623   19.12
200232618264 1 192 1623   19.12
200232618313 1 192 1622   19.12
200232619289 1 192 4121   46.50
200232700991 1 993  422   94.56
200232800433 1 195  143   18.19
200232800767 1 195  143   18.19
200232800904 1 195  143   18.19
200232801736 1 195  143   18.19
200232802801 1 995  143   18.19
200232803043 1 995  143   18.19
200232803475 1 995  143   18.19
200232803649 1 195  143   18.19
200232804163 1 195  143   18.19
200232804609 1 195  143   18.19
200232804701 1 295  243   21.22
200232804838 1 195  143   18.19
200232804877 1 195  143   18.19
200232805155 1 195  143   18.19
200232805229 1 995  143   18.19
200232805229 2 995  143   18.19
200232805295 1 995  141    6.06
200232805638 1 995  143   18.19
200232805674 1 995  143   18.19
200232805856 1 195  143   18.19
200232806193 1 995  242    3.03
200232806458 1 195  143   18.19
200232806470 1 195  143   18.19
200232807272 1 195  143   18.19
200232807281 1 195  143   18.19
200232808003 1 195  143   18.19
200232808656 1 195  143   18.19
200232808958 1 195  143   18.19
200232809685 1 195  143   18.19
200232809719 1 995  143   18.19
200232809768 1 995  143   18.19
200247723437 1 178  243   55.32
200247723475 1 178  143   55.32
200247723486 1 178  143   55.32
200247723496 1 178  143   55.32
200247723585 1 178  143   55.32
200247723631 1 178  243   55.32
200247723669 1 978  143   55.32
200247723676 1 178  143   55.32
200247723712 1 978  243   55.32
200247723880 1 278  143   55.32
200247723934 1 278  143   55.32
200247724034 1 178  443   55.32
200247724051 1 178  143   55.32
200247724057 1 178  143   55.32
200247724115 1 178  243   55.32
200247724128 1 978  341   55.32
200247724160 1 978  143   55.32
200249510450 1 113  124  350.70
200249510580 1 113  123   38.97
200249510803 1 113  423   38.97
200249510861 1 113  123   38.97
200249510903 1 113  123   38.97
200249511273 1 113  123   38.97
200249511388 1 913  123   38.97
200249511548 1 113  124  350.70
200249511807 1 113  123   38.97
200253516222 1 1 6 2013   14.82
200253516272 1 1 6 1413   23.24
200253516341 1 1 6  113   19.34
200253516341 2 1 6  113   19.34
200253516347 1 1 6 1113   17.88
200253516347 2 1 6 1113   17.88
200253516347 3 1 6 1113   17.88
200253516347 4 1 6 1113   17.88
200253516364 1 1 6 2614  344.12
200253516395 1 1 6 2013   14.82
200253516562 1 1 6 2613   20.24
200253516595 1 1 6 2013   14.82
200253516624 1 1 6  213   19.34
200253516624 2 1 6  213   19.34
200253516624 3 1 6  213   19.34
200253516727 1 1 6 1113   17.88
200253516750 1 1 6  713   21.95
200253516841 1 1 6 2014  355.68
200253516850 1 1 6 1414  348.62
200253516869 1 1 6  113   19.34
200253516887 1 1 6 1113   17.88
200253516915 1 1 6  413   17.24
200253517017 1 1 6  714  351.20
200253517054 1 1 6  413   17.24
200253517085 1 1 6 2613   20.24
200253517277 1 1 6 1413   23.24
200253517279 1 1 6 1413   23.24
200253517303 1 1 6 1113   17.88
200253517341 1 1 6 2613   20.24
200253517367 1 1 6 2013   14.82
200253517396 1 1 6  213   19.34
200253517523 1 1 6  711    5.49
200253517552 1 1 6  713   21.95
200253517657 1 1 6  513   21.82
200253517669 1 1 6  713   21.95
200253517669 2 1 6  713   21.95
200253517679 1 1 6 1413   23.24
200253517679 2 1 6 1413   23.24
200253517721 1 1 6  213   19.34
200253517732 1 1 6  413   17.24
200253517762 1 1 6 2614  344.12
200253517820 1 1 6 1413   23.24
200253517850 1 1 6  113   19.34
200253517924 1 1 6 2013   14.82
200253517930 1 1 6 1413   23.24
200253518029 1 1 6  713   21.95
200253518040 1 1 6  713   21.95
200253518046 1 1 6 2014  355.68
200253518065 1 1 6 1413   23.24
200253518118 1 1 6  413   17.24
200253518208 1 1 6 1413   23.24
200253518224 1 1 6  114  350.84
200253518225 1 1 6  113   19.34
200253518241 1 1 6 1113   17.88
200253518280 1 1 6  513   21.82
200253518295 1 1 6  714  351.20
200253518333 1 1 6  213   19.34
200253518403 1 1 6 2013   14.82
200253518403 2 1 6 2013   14.82
200253518404 1 1 6 2013   14.82
200253518409 1 1 6 1414  348.62
200253518419 1 1 6 1413   23.24
200253518484 1 1 6 2613   20.24
200253518503 1 1 6 2013   14.82
200253518506 1 9 6 2013   14.82
200253518509 1 1 6 1413   23.24
200253518555 1 1 6  413   17.24
200253518595 1 1 6  514  349.09
200253518627 1 1 6 2014  355.68
200253518681 1 1 6 2614  344.12
200253518682 1 1 6 2613   20.24
200253518686 1 1 6 2613   20.24
200253518687 1 1 6 2613   20.24
200253518689 1 1 6  513   21.82
200253518734 1 1 6 1413   23.24
200253518740 1 1 6  113   19.34
200253518763 1 1 6  213   19.34
200253518801 1 1 6 2613   20.24
200253518830 1 1 6 2013   14.82
200253518857 1 1 6 1113   17.88
200253518892 1 1 6  413   17.24
200253518933 1 1 6 2013   14.82
200253518934 1 1 6 2013   14.82
200253518937 1 1 6 2013   14.82
200253518941 1 1 6 1413   23.24
200253518941 2 1 6 1413   23.24
200253518944 1 1 6 1413   23.24
200253518945 1 1 6 1414  348.62
200253518969 1 1 6 1113   17.88
200253519040 1 1 6  513   21.82
200253519056 1 1 6 1413   23.24
200253519066 1 1 6  113   19.34
200253519090 1 1 6  713   21.95
200253519160 1 1 6 2613   20.24
200253519249 1 1 6  214  350.84
200253519280 1 1 6 2613   20.24
200253519312 1 1 6 1413   23.24
200253519326 1 1 6 1413   23.24
200253519357 1 1 6 1113   17.88
200253519480 1 1 6 1413   23.24
200253519485 1 1 6  113   19.34
200253519515 1 1 6  213   19.34
200253519542 1 1 6  413   17.24
200253519551 1 1 6  414  350.51
200253519611 1 1 6  513   21.82
200253519650 1 9 6 2013   14.82
200253519689 1 1 6 2013   14.82
200253519698 1 1 6 1414  348.62
200253519720 1 1 6 1113   17.88
200253519789 1 1 6  113   19.34
200253519824 1 1 6 2013   14.82
200253519915 1 1 6 1413   23.24
200253519948 1 1 6  213   19.34
200253519960 1 2 6  413   17.24
200253520028 1 1 6 1113   17.88
200253520055 1 1 6 2613   20.24
200253520064 1 1 6 2013   14.82
200253520123 1 1 6  513   21.82
200253520146 1 1 6 2013   14.82
200253520168 1 1 6  113   19.34
200253520214 1 1 6  213   19.34
200253520345 1 1 6  713   21.95
200253520414 1 1 6 1113   17.88
200253520464 1 1 6 2613   20.24
200253520494 1 1 6 2013   14.82
200253520498 1 1 6 2013   14.82
200253520515 1 1 6  413   17.24
200253520577 1 1 6  213   19.34
200253520611 1 1 6 1413   23.24
200253520635 1 1 6  513   21.82
200253520651 1 1 6 2013   14.82
200253520709 1 1 6 2013   14.82
200253520711 1 1 6 2013   14.82
200253520712 1 1 6 2014  355.68
200253520715 1 1 6 2013   14.82
200253520843 1 1 6 1413   23.24
200253520845 1 1 6 1413   23.24
200253520847 1 1 6 1413   23.24
200253520851 1 1 6 2013   14.82
200253520876 1 1 6  713   21.95
200253520917 1 1 6 1413   23.24
200253520943 1 1 6  413   17.24
200253521035 1 1 6 1413   23.24
200253521154 1 1 6  113   19.34
200253521219 1 1 6 2013   14.82
200253521223 1 1 6  713   21.95
200253521261 1 1 6 2613   20.24
200253521300 1 1 6 1413   23.24
200253521326 1 1 6 1113   17.88
200253521441 1 1 6  413   17.24
200253521520 1 1 6 1113   17.88
200253521596 1 1 6 1413   23.24
200253521654 1 1 6 1112    8.94
200253521700 1 1 6 2614  344.12
200253521719 1 1 6  713   21.95
200253521759 1 1 6  113   19.34
200253521801 1 1 6 2613   20.24
200253521810 1 1 6  513   21.82
200253521833 1 1 6 2613   20.24
200253521904 1 1 6  413   17.24
200253522038 1 1 6 2012   14.82
200253522043 1 1 6 1413   23.24
200253522067 1 1 6 1113   17.88
200253624905 1 1 9  433   19.19
200253627525 1 1 9  433   19.19
200253627692 1 1 9  433   19.19
200253627710 1 1 9 1333   24.30
200253627958 1 1 9  433   19.19
200253627989 1 1 9  433   19.19
200253628016 1 1 9  433   19.19
200253628066 1 1 9 1333   24.30
200255607629 1 179  743   22.19
200255607639 1 179  743   22.19
200255607998 1 179  743   22.19
200255608441 1 179  743   22.19
200255608441 2 179  743   22.19
200255608488 1 179  143   22.19
200255608662 1 179  743   22.19
200255609031 1 179  743   22.19
200255609195 1 179  744  349.46
200255609228 1 179  743   22.19
200255609375 1 179  743   22.19
200255609523 1 179  743   22.19
200255609647 1 179  743   22.19
200255609669 1 179  743   22.19
200255610033 1 279  743   22.19
200255610047 1 179  743   22.19
200255610049 1 179  744  349.46
200255610199 1 179  743   22.19
200255610483 1 279  743   22.19
200255610702 1 979  743   22.19
200255611252 1 179  743   22.19
200255612198 1 279  743   22.19
200255707007 1 978  143   55.32
200255707090 1 178  142   55.32
200255707126 1 178  243   55.32
200255707187 1 178  143   55.32
200255707322 1 178  143   55.32
200255707325 1 178  143   55.32
200255707333 1 178  143   55.32
200255707621 1 278  143   55.32
200255707778 1 178  143   55.32
200255707805 1 178  143   55.32
200255707811 1 178  143   55.32
200255707864 1 178  143   55.32
200255707971 1 178  143   55.32
200255708016 1 278  143   55.32
200255708061 1 178  343   55.32
200255708141 1 978  143   55.32
200255708146 1 178  143   55.32
200255708205 1 178  143   55.32
200255708286 1 178  143   55.32
200255708421 1 978  143   55.32
200255708519 1 178  143   55.32
200255708580 1 178  143   55.32
200255708792 1 178  243   55.32
200255708845 1 178  145  110.64
200255708912 1 178  343   55.32
200255709030 1 178  143   55.32
200255709084 1 278  143   55.32
200255709150 1 178  443   55.32
200255709315 1 978  143   55.32
200255709480 1 978  146  110.64
200255709602 1 178  143   55.32
200259600121 1 994  443   15.76
200259600134 1 994  443   15.76
200259600245 1 194  143   15.76
200259600271 1 194  143   15.76
200259600414 1 194  143   15.76
200259600480 1 994  143   15.76
200259600484 1 994  143   15.76
200259600518 1 194  343   15.76
200259600528 1 294  343   15.76
200259600528 1 894  343   15.76
200259600533 1 994  343   15.76
200259600534 1 294  343   15.76
200259600858 1 194  143   15.76
200259600862 1 994  143   15.76
200259601077 1 194  443   15.76
200259601305 1 294  143   15.76
200259601305 1 894  143   15.76
200259601779 1 194  143   15.76
200259602163 1 994  143   15.76
200259602197 1 294  143   15.76
200259602257 1 994  543   31.22
200259602343 1 194  443   15.76
200259602437 1 194  143   15.76
200259602482 1 194  343   15.76
200259602526 1 194  343   15.76
200259602577 1 194  343   15.76
200259602660 1 994  143   15.76
200259602701 1 194  143   15.76
200259602703 1 994  143   15.76
200259602823 1 175  443   16.15
200259602900 1 194  343   15.76
200259602923 1 194  343   15.76
200259603088 1 194  143   15.76
200259603097 1 194  143   15.76
200259603106 1 294  143   15.76
200259603335 1 394  443   15.76
200259603359 1 994  243   15.76
200259603647 1 194  243   15.76
200259603674 1 294  243   15.76
200259603758 1 194  143   15.76
200259603773 1 294  143   15.76
200259603773 2 294  143   15.76
200259603842 1 194  343   15.76
200259603855 1 194  343   15.76
200259603896 1 194  343   15.76
200259603925 1 194  343   15.76
200259603990 1 194  343   15.76
200259604036 1 194  243   15.76
200259604073 1 194  243   15.76
200259604229 1 294  243   15.76
200259604289 1 294  243   15.76
200259604368 1 194  143   15.76
200259604392 1 194  143   15.76
200259604397 1 994  143   15.76
200259604739 1 294  143   15.76
200259604743 1 194  143   15.76
200259604744 1 294  143   15.76
200259604768 1 994  143   15.76
200259604782 1 294  143   15.76
200259604867 1 975  443   16.15
200259604900 1 194  343   15.76
200259604910 1 194  343   15.76
200259604921 1 194  343   15.76
200259604988 1 194  344  346.70
200259604991 1 194  343   15.76
200259604997 1 194  343   15.76
200259605146 1 994  143   15.76
200259605147 1 194  143   15.76
200259605187 1 194  143   15.76
200259605195 1 194  143   15.76
200259605258 1 194  243   15.76
200259605260 1 194  243   15.76
200259605725 1 175  443   16.15
200259605806 1 994  144  346.70
200259605818 1 294  143   15.76
200259605929 1 994  243   15.76
200259605983 1 194  343   15.76
200259606008 1 194  343   15.76
200259606167 1 294  243   15.76
200259606247 1 294  243   15.76
200259606329 1 194  143   15.76
200259606341 1 294  143   15.76
200259606358 1 294  143   15.76
200259606388 1 294  143   15.76
200259606418 1 294  143   15.76
200259606425 1 194  143   15.76
200259606438 1 994  543   31.22
200259606524 1 294  443   15.76
200259606620 1 994  443   15.76
200259606663 1 194  443   15.76
200259606724 1 294  243   15.76
200259606793 1 994  143   15.76
200259606850 1 294  243   15.76
200259607018 1 194  343   15.76
200259607101 1 194  146  110.31
200259607127 1 294  143   15.76
200259607147 1 194  143   15.76
200259607151 1 294  143   15.76
200259607156 1 194  143   15.76
200259607172 1 194  143   15.76
200259607189 1 194  143   15.76
200259607204 1 194  144  346.70
200259607208 1 194  143   15.76
200259607212 1 294  143   15.76
200259607227 1 194  143   15.76
200259607268 1 294  543   31.22
200259607270 1 194  543   31.22
200259607390 1 194  343   15.76
200259607433 1 994  344  346.70
200259607456 1 194  343   15.76
200259607573 1 994  443   15.76
200259607673 1 194  143   15.76
200259607712 1 194  143   15.76
200259607743 1 194  143   15.76
200259607756 1 194  143   15.76
200259607775 1 194  143   15.76
200259607817 1 194  443   15.76
200259607920 1 994  444  346.70
200259608023 1 994  143   15.76
200259608088 1 294  143   15.76
200259608091 1 994  143   15.76
200259608131 1 194  143   15.76
200259608235 1 194  343   15.76
200259608236 1 194  343   15.76
200259608236 2 194  343   15.76
200259608403 1 194  143   15.76
200259608415 1 194  143   15.76
200259608421 1 194  143   15.76
200259608438 1 194  143   15.76
200259608469 1 194  143   15.76
200259608470 1 194  143   15.76
200259608506 1 194  143   15.76
200259608542 1 294  143   15.76
200259608606 1 294  443   15.76
200259608766 1 994  143   15.76
200259608799 1 194  143   15.76
200259608815 1 194  143   15.76
200259608850 1 394  143   15.76
200259608995 1 994  343   15.76
200259609238 1 294  243   15.76
200259609337 1 194  143   15.76
200259609351 1 194  143   15.76
200259609351 2 194  143   15.76
200259609395 1 994  143   15.76
200259609428 1 294  543   31.22
200259609575 1 194  443   15.76
200259609815 1 194  143   15.76
200259609821 1 194  143   15.76
200259609883 1 194  143   15.76
200259610033 1 194  343   15.76
200259610161 1 194  143   15.76
200259610226 1 194  143   15.76
200259610347 1 994  443   15.76
200259610587 1 194  343   15.76
200259610587 2 194  343   15.76
200259610923 1 294  443   15.76
200260331392 1 111  123   19.05
200260428613 1 111  426  114.30
200260429348 1 111  423   19.05
200260524766 1 111  323   19.05
200260524818 1 111  323   19.05
200260524828 1 211  323   19.05
200260525650 1 111  323   19.05
200260525733 1 111  323   19.05
200260526020 1 111  323   19.05
200260526444 1 111  323   19.05
200260526877 1 911  323   19.05
200260527420 1 111  323   19.05
200260527521 1 111  323   19.05
200260528069 1 111  323   19.05
200260528568 1 111  323   19.05
200260529009 1 111  323   19.05
200260529031 1 111  323   19.05
200260529090 1 111  323   19.05
200260529240 1 111  323   19.05
200260529544 1 111  323   19.05
200260529675 1 111  323   19.05
200260531382 1 111  323   19.05
200260531391 1 111  323   19.05
200260822747 1 175  543   14.07
200260823725 1 175  244  347.23
200260823946 1 175  243   16.15
200260824137 1 975  243   16.15
200260928504 1 112  123   18.91
200260929835 1 112  123   18.91
200260930716 1 112  423   18.91
200260932822 1 112  923   20.79
200260933004 1 112  123   18.91
200260933622 1 112  123   18.91
200260936167 1 112  123   18.91
200261026449 1 112  423   18.91
200261029660 1 112  123   18.91
200261031514 1 112  323   18.91
200261806978 1 113  223   38.97
200261807587 1 113  223   38.97
200261807881 1 113  223   38.97
200261808827 1 113  223   38.97
200261809200 1 113  323   38.97
200261809294 1 113  223   38.97
200261809295 1 113  223   38.97
200261809482 1 113  223   38.97
200261810164 1 113  224  350.70
200261810412 1 113  223   38.97
200261810412 2 113  223   38.97
200261907507 1 113  523   38.97
200261907885 1 113  623   38.97
200261908458 1 113  124  350.70
200261908556 1 113  123   38.97
200261908630 1 113  623   38.97
200261908633 1 113  623   38.97
200261908674 1 113  323   38.97
200261908854 1 113  123   38.97
200261909046 1 113  623   38.97
200261909189 1 113  623   38.97
200261909249 1 113  623   38.97
200261909255 1 113  123   38.97
200261909396 1 113  123   38.97
200261909675 1 213  123   38.97
200261909699 1 113  524  350.70
200261909760 1 113  623   38.97
200261909760 2 913  623   38.97
200261909786 1 113  123   38.97
200261909896 1 113  623   38.97
200261909902 1 113  623   38.97
200261909933 1 113  123   38.97
200261909978 1 113  223   38.97
200261910036 1 113  123   38.97
200261910192 1 113  623   38.97
200261910196 1 113  623   38.97
200261910210 1 113  124  350.70
200261910214 1 913  123   38.97
200261910327 1 113  623   38.97
200261910332 1 913  124  350.70
200261910337 1 113  123   38.97
200261930209 1 211  323   19.05
200261930356 1 111  323   19.05
200261930790 1 111  324  342.91
200261930798 1 111  323   19.05
200261930806 1 211  323   19.05
200261931037 1 111  323   19.05
200261931440 1 111  323   19.05
200261931657 1 111  323   19.05
200261931663 1 111  323   19.05
200261931792 1 111  324  342.91
200261932721 1 111  323   19.05
200261932725 1 111  323   19.05
200261934106 1 111  324  342.91
200262007221 1 113  123   38.97
200262007902 1 113  323   38.97
200262009224 1 913  523   38.97
200262009449 1 113  523   38.97
200262009944 1 113  523   38.97
200262010107 1 113  523   38.97
200262010116 1 113  524  350.70
200262010692 1 113  623   38.97
200262010806 1 113  623   38.97
200262010818 1 113  523   38.97
200262010827 1 113  523   38.97
200262011187 1 113  123   38.97
200262011218 1 113  123   38.97
200262011641 1 113  523   38.97
200262011641 2 113  523   38.97
200262012101 1 113  623   38.97
200262012203 1 113  323   38.97
200262012844 1 113  123   38.97
200262012851 1 113  123   38.97
200262772435 1 145  133   20.21
200262775317 1 145  333   20.21
200262775998 1 145  333   20.21
200262860801 1 145  133   20.21
200262862484 1 145  233   20.21
200262960811 1 145  233   20.21
200262961274 1 145  133   20.21
200262965291 1 145  133   20.21
200262965977 1 145  133   20.21
200262969010 1 145  133   20.21
200262970657 1 145  133   20.21
200262971382 1 145  133   20.21
200262974768 1 145  133   20.21
200262975456 1 145  133   20.21
200262975752 1 145  133   20.21
200263137203 1 1 9  633   19.19
200263137476 1 1 9  533   19.19
200263137537 1 1 9  533   19.19
200263137954 1 1 9  533   19.19
200263138107 1 1 9  533   19.19
200263138479 1 1 9  533   19.19
200263138610 1 1 9  533   19.19
200263139257 1 1 9  533   19.19
200263139394 1 1 9  531    4.80
200263139463 1 1 9  533   19.19
200263139548 1 1 9  633   19.19
200263139799 1 1 9  533   19.19
200263140060 1 1 9  633   19.19
200263224973 1 1 9  333   19.19
200263225152 1 1 9  333   19.19
200263229455 1 1 9  333   19.19
200263229556 1 1 9  334  350.22
200263230124 1 1 9  333   19.19
200263230583 1 1 9  333   19.19
200263230667 1 1 9  333   19.19
200263230850 1 1 9  232    4.80
200263230951 1 1 9  333   19.19
200263324914 1 1 9  132    4.80
200263331263 1 1 9  133   19.19
200263331569 1 1 9 1333   24.30
200263331713 1 1 9  433   19.19
200263331821 1 1 9  433   19.19
200263332068 1 1 9  433   19.19
200263332660 1 1 9  433   19.19
200263333126 1 1 9  333   19.19
200263333183 1 1 9  433   19.19
200263333619 1 1 9  333   19.19
200263333762 1 1 9  433   19.19
200263333786 1 1 9  333   19.19
200263334344 1 1 9  433   19.19
200263334473 1 1 9  333   19.19
200263334684 1 1 9  333   19.19
200263334990 1 1 9  333   19.19
200263335110 1 1 9  333   19.19
200263335301 1 1 9  433   19.19
200263335394 1 1 9  433   19.19
200263429838 1 179  143   22.19
200263429888 1 179  143   22.19
200263429939 1 179  143   22.19
200263430048 1 179  143   22.19
200263430246 1 279  143   22.19
200263430300 1 179  143   22.19
200263433247 1 179  143   22.19
200263531352 1 279  143   22.19
200263531395 1 179  143   22.19
200263531655 1 979  143   22.19
200263531987 1 179  143   22.19
200263532272 1 179  143   22.19
200263532281 1 179  143   22.19
200263532950 1 979  143   22.19
200263532961 1 979  143   22.19
200263532961 2 979  143   22.19
200263533123 1 179  143   22.19
200263533146 1 179  143   22.19
200263533223 1 179  143   22.19
200263533308 1 179  143   22.19
200263533328 1 279  143   22.19
200263533978 1 179  143   22.19
200263630753 1 179  143   22.19
200263630778 1 279  143   22.19
200263630863 1 179  143   22.19
200263630901 1 179  143   22.19
200263630925 1 179  143   22.19
200263630933 1 979  143   22.19
200263630957 1 179  143   22.19
200263631044 1 179  143   22.19
200263631548 1 179  143   22.19
200263631585 1 179  143   22.19
200263631665 1 979  743   22.19
200263632186 1 179  143   22.19
200263633306 1 179  143   22.19
200263634451 1 179  143   22.19
200263634491 1 179  743   22.19
200263706793 1 1 812013   98.86
200263706899 1 1 8 1513   28.38
200263707144 1 1 8 1514  340.59
200263707198 1 1 8  514  346.06
200263707391 1 1 812013   98.86
200263707513 1 1 8 4713   58.59
200263707613 1 1 8 1513   28.38
200263707651 1 1 8 1513   28.38
200263707652 1 1 8 1513   28.38
200263708007 1 1 8  513   17.30
200263708124 1 1 8 1513   28.38
200263708153 1 1 8 4714  351.52
200263708193 1 1 8 4713   58.59
200263708273 1 1 8 1513   28.38
200264281432 1 981  443   19.23
200264423687 1 143  233   24.44
200264423839 1 143  233   24.44
200264424575 1 143  233   24.44
200264425983 1 143 1033   57.35
200264426053 1 143  233   24.44
200264426221 1 143 1033   57.35
200264426462 1 143 1033   57.35
200264426667 1 143  233   24.44
200264426685 1 143  233   24.44
200264514211 1 143  133   24.44
200264614087 1 143  133   24.44
200264811365 1 141  333   20.05
200264820317 1 141  133   20.05
200264820847 1 141  133   20.05
200264820907 1 141  133   20.05
200264823085 1 141  333   20.05
200264823613 1 141  233   20.05
200264823869 1 141  333   20.05
200264825394 1 141  233   20.05
200264825709 1 141  233   20.05
200264825866 1 141  233   20.05
200264826004 1 141  233   20.05
200264826150 1 241  233   20.05
200264826590 1 141  233   20.05
200264826595 1 141  233   20.05
200264921079 1 141  133   20.05
200264921087 1 141  133   20.05
200264921101 1 141  133   20.05
200264921254 1 141  133   20.05
200264921264 1 141  133   20.05
200264921271 1 141  133   20.05
200264921375 1 141  133   20.05
200264921452 1 141  133   20.05
200264921461 1 141  133   20.05
200264921518 1 141  133   20.05
200264921721 1 141  133   20.05
200264921796 1 141  133   20.05
200264922046 1 141  135   90.24
200264922073 1 141  133   20.05
200264922084 1 141  133   20.05
200264922307 1 141  133   20.05
200264922310 1 141  133   20.05
200264922428 1 141  133   20.05
200264922433 1 141  135   90.24
200264922447 1 141  133   20.05
200264922577 1 241  133   20.05
200264922584 1 141  133   20.05
200264922595 1 141  133   20.05
200264922691 1 241  133   20.05
200264922715 1 141  133   20.05
200264922893 1 141  133   20.05
200264922918 1 141  133   20.05
200264923283 1 141  133   20.05
200264923398 1 141  134  350.94
200264923520 1 241  133   20.05
200264923772 1 141  133   20.05
200264923785 1 141  132   10.03
200264923798 1 141  133   20.05
200264923915 1 141  133   20.05
200264923951 1 141  133   20.05
200264924150 1 141  133   20.05
200264924352 1 141  136  110.30
200264924615 1 141  133   20.05
200264924622 1 141  133   20.05
200264924884 1 141  133   20.05
200264924884 2 141  133   20.05
200264924927 1 141  133   20.05
200264924935 1 941  133   20.05
200264924947 1 141  133   20.05
200264925247 1 241  133   20.05
200265019754 1 141  233   20.05
200265020510 1 141  233   20.05
200265020510 2 141  233   20.05
200265020522 1 141  233   20.05
200265020733 1 141  233   20.05
200265021136 1 141  233   20.05
200265021136 2 241  233   20.05
200265021143 1 141  233   20.05
200265021330 1 141  233   20.05
200265021417 1 141  233   20.05
200265021587 1 141  233   20.05
200265021595 1 141  234  350.94
200265021607 1 141  233   20.05
200265021822 1 141  233   20.05
200265021859 1 141  233   20.05
200265022127 1 141  233   20.05
200265022158 1 141  233   20.05
200265022822 1 141  234  350.94
200265022826 1 141  233   20.05
200265023016 1 141  233   20.05
200265023317 1 141  232   10.03
200265023324 1 141  233   20.05
200265023422 1 141  232   10.03
200265023431 1 941  233   20.05
200265023692 1 141  233   20.05
200265023810 1 141  231   10.03
200265023822 1 141  233   20.05
200265023837 1 141  233   20.05
200265024070 1 141  233   20.05
200265024098 1 141  233   20.05
200265024714 1 141  233   20.05
200265024752 1 141  233   20.05
200265025029 1 141  234  350.94
200265025104 1 141  233   20.05
200265721474 1 1 4  213   26.09
200265725285 1 1 4  214  352.26
200265725454 1 1 4  213   26.09
200265726322 1 1 4  714  339.21
200265727822 1 1 4  213   26.09
200265729037 1 1 4  713   33.92
200265729050 1 1 4  613   27.14
200265729209 1 1 4  713   33.92
200265729259 1 1 4  413   26.09
200265730340 1 1 4  213   26.09
200265827606 1 1 4 1715  121.59
200265827606 2 1 4 1715  121.59
200265827748 1 1 4 1113   59.36
200265828964 1 1 4 1713  121.59
200265830423 1 3 4 1713  121.59
200265830722 1 1 4  313   26.09
200265830902 1 1 4 1713  121.59
200265830905 1 1 4 1714  364.78
200265831062 1 1 4 1713  121.59
200266138247 1 173  123   21.96
200266139269 1 973  124  351.38
200266140244 1 173  123   21.96
200266140405 1 973  122    5.49
200266140486 1 973  123   21.96
200266140486 2 973  123   21.96
200266263866 1 1 3  114  351.20
200266264190 1 1 3 1613   23.43
200266364060 1 1 3  313   20.32
200266364112 1 1 3  113   19.93
200266366816 1 1 3 1313   22.14
200266367379 1 1 3  113   19.93
200266368442 1 1 3  113   19.93
200266369154 1 9 3 2113   14.57
200266369263 1 1 3  713   20.22
200266369694 1 1 3  712    5.06
200266369967 1 1 3 1313   22.14
200266370124 1 1 3 2113   14.57
200266370651 1 1 3  313   20.32
200267343030 1 973  524  354.40
200267344103 1 173  523   20.25
200276807182 1 1 8  413   24.87
200276907106 1 1 9  833   23.63
200276907455 1 1 9  833   23.63
200276907464 1 1 9  833   23.63
200276907688 1 2 9  834  346.58
200276908387 1 1 9 1333   24.30
200276908563 1 1 9  333   19.19
200276908759 1 1 9  833   23.63
200276909030 1 1 9 1333   24.30
200276909490 1 1 9  833   23.63
200276909501 1 1 9 1331   24.30
200276909551 1 1 9  834  346.58
200276925574 1 1 9  832    7.88
200277007467 1 211  123   19.05
200277007605 1 111  123   19.05
200277007780 1 111  123   19.05
200277007943 1 111  123   19.05
200277007956 1 111  123   19.05
200277008146 1 111  123   19.05
200277008259 1 111  123   19.05
200277008371 1 111  123   19.05
200277008391 1 111  123   19.05
200277008600 1 111  123   19.05
200277008601 1 111  123   19.05
200277008761 1 111  123   19.05
200277008925 1 111  123   19.05
200277009162 1 111  123   19.05
200277009943 1 111  123   19.05
200277136399 1 112  323   18.91
200277207531 1 143  333   24.44
200277207592 1 143  333   24.44
200277208160 1 143 1033   57.35
200277208364 1 143  633   41.42
200277209021 1 143  333   24.44
200277364894 1 145  133   20.21
200277365632 1 145  133   20.21
200277366315 1 145  133   20.21
200277367286 1 145  133   20.21
200277368832 1 145  133   20.21
200277371020 1 145  133   20.21
200277371806 1 145  133   20.21
200277373348 1 145  133   20.21
200277375096 1 145  133   20.21
200277375150 1 145  133   20.21
200277376141 1 145  133   20.21
200277376141 2 145  133   20.21
200277376747 1 145  133   20.21
200277807520 1 175  344  347.23
200277807815 1 175  344  347.23
200277808026 1 175  343   16.15
200277808105 1 175  343   16.15
200277808249 1 175  343   16.15
200277808831 1 175  343   16.15
200277825642 1 975  243   16.15
200277826538 1 975  243   16.15
200277827830 1 175  243   16.15
200277828464 1 275  243   16.15
200280157639 1 1 3 2113   14.57
200280157639 2 1 3 2113   14.57
200280158020 1 1 3  313   20.32
200280158809 1 1 3  314  350.43
200280158827 1 1 3  313   20.32
200280159752 1 1 3 2113   14.57
200280159862 1 1 3  113   19.93
200280168765 1 1 3 1313   22.14
200280169265 1 1 3  413   19.90
200280170444 1 1 3  413   19.90
200280228963 1 1 4  313   26.09
200280233408 1 1 4  713   33.92
200280507264 1 1 811813   98.86
200280507319 1 1 8 3313   45.15
200280507447 1 1 8 5114  369.28
200280507582 1 1 8 3313   45.15
200280507845 1 1 8 3313   45.15
200280508021 1 1 8 3313   45.15
200280508037 1 1 8 3315   90.31
200280508097 1 1 8  213   25.69
200280508261 1 3 8 5113   61.55
200280508445 1 1 8  213   25.69
200280627641 1 1 9 1633   27.04
200280628008 1 1 9 1633   27.04
200280628260 1 1 9 1634  351.53
200280628385 1 1 9  333   19.19
200280628524 1 1 9  333   19.19
200280628556 1 1 9  333   19.19
200280629715 1 1 9 1633   27.04
200280629945 1 1 9  733   19.19
200280725261 1 311  422   19.05
200280825525 1 112  123   18.91
200280827399 1 112  523   24.42
200280828626 1 112  423   18.91
200280830286 1 112  123   18.91
200280830935 1 112  123   18.91
200280833746 1 112  423   18.91
200281114317 1 143  433   24.44
200281343285 1 248  133   51.96
200281819730 1 275  243   16.15
200281819848 1 175  243   16.15
200281820008 1 975  243   16.15
200281820210 1 175  243   16.15
200281823408 1 975  243   16.15
200281913187 1 276  243  105.29
200281913190 1 176  343  105.29
200281913411 1 176  443  105.29
200281913413 1 176  443  105.29
200282129652 1 979  143   22.19
200282130176 1 979  143   22.19
200282132721 1 179  143   22.19
200282133022 1 979  743   22.19
200282133898 1 179  143   22.19
200283819976 1 975  343   16.15
200283819994 1 975  343   16.15
200283820076 1 975  343   16.15
200283820604 1 175  543   14.07
200283820617 1 175  543   14.07
200286240459 1 148  133   51.96
200286240575 1 148  233   51.96
200286240726 1 148  433   51.96
200286240873 1 948  233   51.96
200286242648 1 148  433   51.96
200286242963 1 148  433   51.96
200286242963 2 148  433   51.96
200286242997 1 148  133   51.96
200286243126 1 948  133   51.96
200286244369 1 148  133   51.96
200286244695 1 148  133   51.96
200286245241 1 148  233   51.96
200286245511 1 948  433   51.96
200286245649 1 148  433   51.96
200286246145 1 948  133   51.96
200286246329 1 948  334  363.75
200286246672 1 948  331   51.96
200286246826 1 148  133   51.96
200286247798 1 148  232   51.96
200286248117 1 148  233   51.96
200286248282 1 148  133   51.96
200286797525 1 282  143   21.89
200286797550 1 282  143   21.89
200286797767 1 182  143   21.89
200286797798 1 182  143   21.89
200286797840 1 982  143   21.89
200286798110 1 182  143   21.89
200286798368 1 182  143   21.89
200286798377 1 182  143   21.89
200286798493 1 982  143   21.89
200286798665 1 282  143   21.89
200286799124 1 182  143   21.89
200286799643 1 182  242    5.47
200286799643 2 182  242    5.47
200286799674 1 182  143   21.89
200286799968 1 982  143   21.89
200286800102 1 182  143   21.89
200286800111 1 182  143   21.89
200286800290 1 282  143   21.89
200286800319 1 182  246  109.44
200286800612 1 182  143   21.89
200286800714 1 182  143   21.89
200287624808 1 1 4  613   27.14
200287624808 2 1 4  613   27.14
200287624850 1 1 4 1114  356.17
200287624938 1 1 4  113   26.09
200287625139 1 1 4  313   26.09
200287626502 1 1 4  113   26.09
200287626557 1 1 4  613   27.14
200287626562 1 1 4  713   33.92
200287626668 1 1 4  413   26.09
200287627314 1 1 4  213   26.09
200287627642 1 1 4  113   26.09
200287628530 1 1 4  213   26.09
200287628660 1 1 4  113   26.09
200287629049 1 2 4  116  104.37
200287629073 1 1 4  113   26.09
200287629526 1 1 4  113   26.09
200287629972 1 9 4  114  352.26
200287630138 1 1 4  113   26.09
200287631388 1 1 4  313   26.09
200287631541 1 1 4  113   26.09
200287632755 1 1 4  113   26.09
200287633451 1 1 4  116  104.37
200287633478 1 1 4  114  352.26
200288321494 1 141  333   20.05
200288474014 1 381  443   19.23
200290801708 1 142  333   20.83
200290802255 1 142  335   91.66
200290802305 1 142 1132   11.90
200290802820 1 142  333   20.83
200290802820 2 142  333   20.83
200290901115 1 147  433   19.61
200290904105 1 147  333   19.61
200291000095 1 150 1033   38.20
200291001347 1 150  133   18.41
200291001540 1 950  533   18.41
200291001569 1 150  733   13.68
200291002444 1 150  733   13.68
200291002911 1 150  233   18.41
200291002944 1 150  733   13.68
200291003514 1 150  733   13.68
200291102204 1 342  632    4.23
200291107252 1 142  632    4.23
200291107702 1 142  433   20.83
200291107921 1 142  432    4.17
200291108249 1 142  231    4.17
200291108385 1 142  433   20.83
200291108486 1 142 1033   22.36
200291108837 1 142  433   20.83
200291109184 1 142  233   20.83
200291111295 1 142  133   20.83
200291111371 1 142  131    4.17
200291111632 1 142  433   20.83
200291111843 1 142  133   20.83
200291112487 1 142  233   20.83
200291112911 1 142  434  349.96
200291113029 1 142  433   20.83
200291114081 1 142  233   20.83
200291114763 1 142  231    4.17
200291114778 1 142  233   20.83
200291114861 1 142  634  350.80
200291114958 1 142  233   20.83
200291115048 1 942  233   20.83
200291115358 1 142  233   20.83
200291115487 1 142  631    4.23
200291115725 1 142  631    4.23
200291307000 1 147 1733  180.38
200291507206 1 950  233   18.41
200291507464 1 150  233   18.41
200291507520 1 150  233   18.41
200291507666 1 150  233   18.41
200291507751 1 150  233   18.41
200291508261 1 950  233   18.41
200291508580 1 150  233   18.41
200291508866 1 150  233   18.41
200291509022 1 150  233   18.41
200291603051 1 150  133   18.41
200291608062 1 150  133   18.41
200291608364 1 150  133   18.41
200291608561 1 150  133   18.41
200291609133 1 150  432    4.60
200291609226 1 150  433   18.41
200291610287 1 150  133   18.41
200291700198 1 142  433   20.83
200291700468 1 142  134  349.96
200291700585 1 142  332    4.17
200291700801 1 142  231    4.17
200291700888 1 142 1133   23.80
200291701078 1 142 1133   23.80
200291701084 1 142 1133   23.80
200291707304 1 142  133   20.83
200291707304 2 142  133   20.83
200291707376 1 142  133   20.83
200291707376 2 142  133   20.83
200291708020 1 142  133   20.83
200291708044 1 142  131    4.17
200291708062 1 142  133   20.83
200291708144 1 142  132    4.17
200291708230 1 142  133   20.83
200291708342 1 142  133   20.83
200291708649 1 142  133   20.83
200291711051 1 142  433   20.83
200291711927 1 142  133   20.83
200291712520 1 142  433   20.83
200291712520 2 142  433   20.83
200291712784 1 142  133   20.83
200291713312 1 142  133   20.83
200291713541 1 142  132    4.17
200291714792 1 142  133   20.83
200291714831 1 142  433   20.83
200293500230 1 121  913   23.85
200293500649 1 821  413   20.89
200293500742 1 121  213   20.89
200293501347 1 121  213   20.89
200293501962 1 121  211    2.32
200293502548 1 121  913   23.85
200293502639 1 121  413   20.89
200293502689 1 121  213   20.89
200293502935 1 121  916  111.30
200293503207 1 121  413   20.89
200293503343 1 121 4013   41.90
200293503343 2 121 4013   41.90
200293503402 1 221  213   20.89
200293503720 1 121  413   20.89
200293504211 1 121  413   20.89
200293505048 1 121  213   20.89
200293600984 1 129  523   43.97
200293601191 1 131  323   61.52
200293601297 1 129  423   38.98
200293601601 1 931  323   61.52
200293601718 1 129  523   43.97
200293601752 1 129 1023  121.61
200293601865 1 931  323   61.52
200293601865 2 931  323   61.52
200293601869 1 931  323   61.52
200293601874 1 931  323   61.52
200293601887 1 931  323   61.52
200293601904 1 931  323   61.52
200293602202 1 131  323   61.52
200293602473 1 131  423   61.52
200293602600 1 231  324  369.15
200293602712 1 129 1023  121.61
200293602712 2 129 1023  121.61
200293602824 1 931  423   61.52
200293603082 1 131  423   61.52
200293603086 1 131  424  369.15
200293603222 1 131  326  123.05
200293603307 1 229  423   38.98
200293603346 1 129  423   38.98
200293603407 1 129  523   43.97
200293604223 1 129 1024  364.82
200293604271 1 131  323   61.52
200293604389 1 929  426  116.94
200293604704 1 131  324  369.15
