200310401260 1 1 2  613   49.28
200310402038 1 0 2  613   49.28
200310402312 1 0 2  914  287.62
200310402372 1 0 2 1613  106.65
200310402534 1 0 2  414  269.43
200310402708 1 0 2  613   49.28
200310402708 2 0 2  613   49.28
200310402740 122 2  913   57.52
200310403112 1 0 2  313   27.15
200310702476 1 0 3  814  258.23
200310702961 1 0 3 1314  258.27
200310703189 1 0 3  814  258.23
200310704700 1 0 3 1313   22.14
200310704829 1 0 3  314  259.02
200310705672 1 0 3 2113   14.57
200310705706 1 1 3 1613   23.43
200310705803 1 0 3  813   19.86
200310706097 1 1 3  313   20.32
200310706141 1 1 3  413   19.90
200310706403 1 1 3  113   19.93
200310706782 199 3  313   20.32
200310710009 1 0 3  313   20.32
200310710390 1 1 3 1613   23.43
200310710873 1 1 3  813   19.86
200310710943 1 0 3  313   20.32
200310712483 1 0 3  313   20.32
200310713663 1 1 3 1014  258.30
200310714977 1 0 3  314  259.02
200311102137 1 1 4  713   33.92
200311102159 121 4  213   26.09
200311102520 1 0 4  713   33.92
200311102730 1 0 4  213   26.09
200311102976 1 1 4 1114  237.45
200311102999 1 0 4  114  260.93
200311103138 1 0 4 1713  121.59
200311103993 1 0 4  213   26.09
200311104585 1 0 4  214  260.93
200311105143 1 0 4  313   26.09
200311105442 1 1 4  112   13.05
200311106508 1 0 4 1713  121.59
200311106849 1 0 4  313   26.09
200311106867 1 0 4  213   26.09
200311106867 2 0 4  213   26.09
200311107018 1 0 4  213   26.09
200311107238 1 0 4 1114  237.45
200311107389 1 0 4  213   26.09
200311107453 1 0 4  214  260.93
200311107542 121 4  313   26.09
200311108429 1 0 4  113   26.09
200311108689 1 0 4  413   26.09
200311500630 1 0 5 2214  245.66
200311500907 1 1 5 2213   30.71
200311500924 121 5  813   16.46
200311501030 1 0 5 1113   21.10
200311501060 1 0 5  813   16.46
200311501206 1 0 5  513   16.07
200311501308 1 1 5  312    5.52
200311501308 198 5  312    5.52
200311701119 1 042  233   20.83
200311701743 1 042 1033   22.36
200311701988 1 142  233   20.83
200311703313 1 142 1034  257.16
200311706140 19842 1033   22.36
200311706429 1 042 1033   22.36
200311707598 1 142  233   20.83
200311801130 1 042  433   20.83
200311802570 1 142  433   20.83
200311803302 1 142  433   20.83
200311804326 1 042  133   20.83
200311804512 1 042  133   20.83
200311804813 1 042  133   20.83
200311804869 1 142  133   20.83
200311805848 1 042  133   20.83
200311806843 1 142  433   20.83
200312400868 1 0 8 1513   28.38
200312400957 1 0 8 1513   28.38
200312401071 1 0 812013   98.86
200312401162 1 0 8 1513   28.38
200312401240 1 0 8  213   25.69
200312401303 1 0 8 6916   99.48
200312401598 121 8 1513   28.38
200313100605 1 042  132    4.17
200313100809 1 142  134  258.30
200313100954 1 042  133   20.83
200313201903 1 043  333   24.44
200313308255 1 032  123   20.94
200313329315 1 410 1723   17.01
200313332042 1 010  423   18.91
200313333320 1 110 2423   27.10
200313337294 1 110  223   18.91
200313337778 1 010 1723   17.01
200313338874 12110  223   18.91
200313339439 1 110  323   18.91
200313339644 1 032  123   20.94
200313339680 1 032  124  251.23
200313339697 1 032  123   20.94
200313339773 19910 1523   13.60
200313341001 1 132  123   20.94
200313342046 1 032  123   20.94
200313342113 12232  123   20.94
200313342160 1 132  123   20.94
200313342163 12232  123   20.94
200313344608 1 010 1724  255.09
200313437689 1 043  133   24.44
200313501602 1 011  523   19.05
200313502278 1 111  323   19.05
200313503506 12111  323   19.05
200313504303 1 011  223   19.05
200313504591 1 011  623   19.05
200313504705 1 011  323   19.05
200313504819 1 011  123   19.05
200313505100 1 011  223   19.05
200313505113 1 111  223   19.05
200313505120 1 111  523   19.05
200313505394 1 011  123   19.05
200313505502 1 011  323   19.05
200313505737 1 011  323   19.05
200313506006 1 111  323   19.05
200313506127 12111  323   19.05
200313506129 1 111  323   19.05
200313506322 1 111  323   19.05
200313506373 1 111  323   19.05
200313506462 1 011  323   19.05
200313506521 1 011  323   19.05
200313507079 1 111  324  266.71
200313508297 1 011  323   19.05
200313508447 1 011  223   19.05
200313508703 1 111  723   48.99
200313508781 1 111  623   19.05
200313509065 1 111  223   19.05
200313602671 1 043  233   24.44
200313604363 1 043 1033   57.35
200313604363 2 043 1033   57.35
200314002108 1 012  124  258.41
200314003034 1 012  123   18.91
200314004066 1 012  523   24.42
200314005029 1 112  924  270.24
200314005968 1 112  123   18.91
200314006502 1 012  124  258.41
200314007536 1 012  123   18.91
200314008879 1 012  124  258.41
200314009362 1 012  123   18.91
200314009770 1 012  123   18.91
200314100086 1 143  133   24.44
200314500453 1 079  143   22.19
200314700682 12113  124  272.77
200314701454 1 113  123   38.97
200314701872 1 113  123   38.97
200314702034 1 013  123   38.97
200314702178 1 113  123   38.97
200314702715 1 113  123   38.97
200314702842 1 013  323   38.97
200314702963 1 013  323   38.97
200314703103 1 013  624  272.77
200314703285 1 013  123   38.97
200314703386 19913  523   38.97
200314703408 1 113  123   38.97
200314703412 1 113  124  272.77
200314703491 12113  723   91.69
200314703536 19913  124  272.77
200314703819 1 413  123   38.97
200314704135 1 013  123   38.97
200314704920 1 013  123   38.97
200314705376 1 013  523   38.97
200314806072 1 021  513   20.89
200314807323 12121  513   20.89
200314807469 1 021  613   21.92
200314807587 1 121 1113   17.58
200315327262 19975  343   16.15
200315327265 19975  344  258.41
200315328072 19975  443   16.15
200315328072 29975  443   16.15
200315400945 12141  132   10.03
200315400954 1 041  133   20.05
200315401040 1 041  133   20.05
200315401068 1 041  233   20.05
200315401397 1 041  133   20.05
200315401470 1 041  233   20.05
200315401563 1 041  133   20.05
200315401592 1 041  133   20.05
200315401723 1 141  233   20.05
200315401779 1 041  136  100.27
200315401856 1 041  133   20.05
200315401968 1 041  133   20.05
200315402098 1 041  233   20.05
200315402246 1 041  133   20.05
200315402328 1 041  233   20.05
200315402330 1 041  233   20.05
200315402477 1 141  133   20.05
200315402512 1 041  233   20.05
200315402560 1 041  133   20.05
200315402829 1 041  233   20.05
200315402829 2 041  233   20.05
200315402928 1 141  133   20.05
200315402944 1 041  233   20.05
200315403011 1 041  233   20.05
200315403241 1 041  233   20.05
200315403253 1 141  233   20.05
200315403345 1 041  233   20.05
200315403536 1 041  233   20.05
200315403573 1 041  133   20.05
200315403595 1 141  133   20.05
200315403602 1 041  133   20.05
200315403851 1 041  133   20.05
200315404052 1 041  133   20.05
200315404334 1 941  233   20.05
200315404346 1 041  233   20.05
200315404477 1 041  133   20.05
200315404535 1 141  133   20.05
200315404687 1 141  233   20.05
200315404829 12141  133   20.05
200315404843 1 041  133   20.05
200315404888 1 141  234  260.70
200315404936 1 041  133   20.05
200315404945 1 041  133   20.05
200315404951 1 041  133   20.05
200315405047 1 141  133   20.05
200315405148 1 041  132   10.03
200315405152 12141  133   20.05
200315405174 1 041  133   20.05
200315405246 1 041  133   20.05
200315405295 1 041  133   20.05
200315405322 1 141  333   20.05
200315405420 12141  133   20.05
200315405466 1 141  133   20.05
200315405814 1 041  133   20.05
200315405848 12141  233   20.05
200315405916 12141  233   20.05
200315405999 1 041  133   20.05
200315406280 1 041  133   20.05
200315411679 1 041  233   20.05
200315411715 1 141  233   20.05
200315411738 1 041  233   20.05
200315411862 1 041  233   20.05
200315411891 1 041  233   20.05
200315426817 1 141  133   20.05
200315426841 1 041  133   20.05
200315427012 12141  133   20.05
200315427101 1 141  133   20.05
200316100364 1 143  433   24.44
200316100903 1 043  633   41.42
200316245393 1 073  223   21.96
200316503401 1 045  333   20.21
200316505849 1 045  134  262.76
200316560836 12145  133   20.21
200316561127 1 045  133   20.21
200316562203 1 045  233   20.21
200317103765 1 051  134  238.97
200317103795 1 051  133   79.66
200317104125 1 051  133   79.66
200317104887 1 051  133   79.66
200317105002 1 051  133   79.66
200317105303 12151  133   79.66
200317105489 1 051  133   79.66
200317105534 1 151  133   79.66
200317105597 1 051  133   79.66
200317105801 1 051  134  238.97
200317106028 1 051  133   79.66
200317201498 1 048  133   51.96
200317202151 1 048  333   51.96
200317202354 1 048  133   51.96
200317202671 1 148  133   51.96
200317203475 1 048  133   51.96
200317203544 1 148  133   51.96
200317204408 1 048  134  259.82
200317204642 12148  333   51.96
200317206186 12148  333   51.96
200317206247 1 148  133   51.96
200317207278 1 048  133   51.96
200317600598 1 049  133   20.86
200317602696 1 049  133   20.86
200317655994 1 149  133   20.86
200317657289 1 049  133   20.86
200317657552 1 049  133   20.86
200317659135 1 149  133   20.86
200317659456 1 049  133   20.86
200317660367 1 049  133   20.86
200317660912 1 049  133   20.86
200317661384 12149  133   20.86
200317664466 1 049  133   20.86
200318401962 1 072  323   20.00
200318402448 1 172  623   20.00
200318402448 1 972  623   20.00
200318403758 1 172  323   20.00
200318407904 1 072  223   20.00
200318408888 1 172  322    5.00
200318410176 1 072  423   20.00
200318410447 12172  123   20.00
200318410615 1 172  423   20.00
200318411384 1 072  223   20.00
200318412330 1 072  323   20.00
200318412334 12272  323   20.00
200318412946 1 072  722    2.00
200318413198 1 172  423   20.00
200318413457 1 172  323   20.00
200318413695 1 072  123   20.00
200318414029 19972  423   20.00
200318414501 1 072  623   20.00
200318414501 2 072  623   20.00
200318414725 12172  223   20.00
200318414733 1 072  223   20.00
200318415376 1 172  323   20.00
200318416174 1 072  423   20.00
200318417016 1 072  323   20.00
200318417402 1 172  223   20.00
200318417780 1 072  623   20.00
200318419261 12172  123   20.00
200318419261 22172  123   20.00
200318419265 1 072  123   20.00
200318504403 1 150  133   18.41
200318504403 2 150  133   18.41
200318505175 1 050  433   18.41
200318505548 1 150  133   18.41
200318506742 1 050  233   18.41
200318506742 2 050  233   18.41
200318531555 12150  233   18.41
200318532047 12150  334  257.71
200318532771 1 050  133   18.41
200318532964 1 050  133   18.41
200318533976 1 050  133   18.41
200318901290 1 073  923   21.64
200318902866 12173  923   21.64
200318903871 1 073 1023   31.93
200318904931 1 073  123   21.96
200318905081 1 173 1023   31.93
200318905332 1 073  923   21.64
200318906471 12173  923   21.64
200319101748 19975  443   16.15
200319101859 19975  343   16.15
200319102184 1 175  343   16.15
200319102662 19975  543   14.07
200319102811 19975  343   16.15
200319102876 19975  343   16.15
200319103031 19975  343   16.15
200319103041 19975  343   16.15
200319103686 19975  343   16.15
200319103808 19975  443   16.15
200319303740 1 074  924  258.90
200319305762 1 174  223   20.88
200320131935 12175  243   16.15
200320132353 1 075  443   16.15
200320133555 19975  243   16.15
200320133825 19975  143   16.15
200320134300 1 175  143   16.15
200320134564 19975  243   16.15
200320135166 19975  243   16.15
200320135267 19975  243   16.15
200320136129 1 175  143   16.15
200320500420 1 076  343  105.29
200320500755 1 076  644  210.58
200320500843 1 176  343  105.29
200320501228 1 076  243  105.29
200320501228 2 076  243  105.29
200320501614 1 076  243  105.29
200320501844 1 076  343  105.29
200320502156 1 176  344  210.58
200320502221 1 076  344  210.58
200320502306 12176  243  105.29
200320502306 22176  243  105.29
200320808045 1 197  443   13.34
200320808077 12197  243   13.34
200320808478 1 096 1843   20.22
200320809146 1 196 2043   18.36
200320809177 1 196 2043   18.36
200320809418 19997  243   13.34
200320809605 1 197  443   13.34
200320809790 1 196 1143   19.66
200320810126 1 196 4343   15.95
200320820580 1 097  343   13.34
200320821014 19997  343   13.34
200320821028 1 197  343   13.34
200320821098 1 097  341   13.34
200320821171 1 197  443   13.34
200320821248 12196 1143   19.66
200320822277 1 196 1843   20.22
200320822684 1 097  343   13.34
200320822751 1 197  343   13.34
200320822788 1 097  443   13.34
200320823076 12196 3343   19.19
200320823254 12197  343   13.34
200320823254 22197  343   13.34
200320823705 1 096  843   23.26
200320823832 1 096  843   23.26
200320824031 1 096 4343   15.95
200320824090 1 096 2043   18.36
200320824181 1 197  243   13.34
200320824191 1 097  543   20.54
200320825228 12196 2043   18.36
200320825294 1 196 2043   18.36
200320825471 1 097  143   13.34
200320825785 1 196 3343   19.19
200320826330 1 197  343   13.34
200320826366 1 097  344  253.41
200320826596 1 096 1843   20.22
200320826651 1 096 2043   18.36
200320826859 1 097  143   13.34
200320827025 1 197  443   13.34
200320827027 1 097  443   13.34
200320827123 12197  243   13.34
200320827663 1 096 1143   19.66
200320827756 1 096 2043   18.36
200320827905 19996  243   20.00
200320828174 1 097  143   13.34
200320828228 12197  243   13.34
200320828318 1 097  344  253.41
200320828614 1 196 4343   15.95
200320828621 1 096 4343   15.95
200320828637 1 196 4343   15.95
200320828939 12196  843   23.26
200320829151 1 196 2044  256.97
200320829437 1 097  243   13.34
200320829708 1 096 2043   18.36
200320829772 19997  443   13.34
200320829878 12197  343   13.34
200320829902 1 197  343   13.34
200320829929 1 097  343   13.34
200320830411 1 097  143   13.34
200320830435 19897  143   13.34
200320830487 1 097  243   13.34
200320830493 1 097  243   13.34
200320830549 19997  443   13.34
200320830573 1 197  343   13.34
200320831316 14096  843   23.26
200320831375 1 096 4343   15.95
200320831877 1 097  343   13.34
200320832214 1 096 4343   15.95
200320832496 1 196 2043   18.36
200320832557 1 097  243   13.34
200320832911 1 097  343   13.34
200320833081 1 096  843   23.26
200320833545 1 097  143   13.34
200320834162 1 096 4343   15.95
200320835093 1 097  143   13.34
200320835249 12197  243   13.34
200320835297 1 097  443   13.34
200320835301 12197  443   13.34
200320836144 1 096  343   20.00
200320836170 1 196 3343   19.19
200320836649 1 196 2043   18.36
200320836704 1 196 4343   15.95
200320836952 1 097  344  253.41
200320837055 1 197  443   13.34
200320837091 12197  243   13.34
200320837095 1 197  244  253.41
200321000217 1 179  143   22.19
200321000265 1 179  144  255.16
200321000433 1 079  143   22.19
200321000446 1 079  143   22.19
200321000454 1 179  143   22.19
200321000462 1 079  143   22.19
200321000547 1 079  143   22.19
200321000640 1 079  144  255.16
200321000805 1 079  143   22.19
200321102187 1 079  743   22.19
200321102679 1 179  743   22.19
200321103602 1 079  743   22.19
200321103775 1 179  743   22.19
200321105092 19979  743   22.19
200321105883 1 079  743   22.19
200321106063 19979  743   22.19
200321106204 1 179  743   22.19
200321106586 1 079  743   22.19
200321106692 1 179  743   22.19
200321106967 1 079  143   22.19
200321106972 1 079  143   22.19
200321107127 1 079  746   99.85
200321107796 1 179  743   22.19
200321300185 1 079  743   22.19
200321500355 1 078  143   55.32
200321500460 1 078  143   55.32
200321500702 1 078  343   55.32
200321500722 1 078  143   55.32
200321500819 1 078  144  276.59
200321500896 12178  143   55.32
200321501209 1 078  143   55.32
200321501303 1 078  143   55.32
200321501396 1 078  143   55.32
200321501762 1 078  243   55.32
200321501830 1 078  143   55.32
200321502113 1 078  143   55.32
200321502864 1 178  143   55.32
200321502948 1 078  143   55.32
200321503069 1 178  143   55.32
200321503071 1 178  143   55.32
200321503130 12178  243   55.32
200321503164 12178  143   55.32
200321503170 1 078  143   55.32
200321503259 1 078  143   55.32
200321503405 1 178  143   55.32
200321503520 1 078  143   55.32
200321503527 1 178  143   55.32
200321503602 12178  143   55.32
200321503767 1 078  143   55.32
200321503813 1 078  143   55.32
200321503939 1 078  243   55.32
200321504079 1 078  143   55.32
200321504087 1 078  143   55.32
200321700311 1 179  143   22.19
200321700319 1 179  143   22.19
200321700452 1 079  143   22.19
200321700587 1 079  144  255.16
200321800161 1 079  143   22.19
200321800345 1 179  143   22.19
200321800585 1 179  143   22.19
200322003015 1 181  443   19.23
200322004673 1 081  141    4.81
200322006683 1 181  143   19.23
200322009165 1 181  442    2.40
200322301557 1 082  143   21.89
200322302451 1 082  143   21.89
200322302957 1 082  143   21.89
200322303564 1 082  143   21.89
200322304189 1 082  143   21.89
200322304237 1 182  143   21.89
200322304485 1 082  143   21.89
200322305123 1 082  143   21.89
200322305297 1 182  143   21.89
200322305403 1 082  143   21.89
200322306281 1 082  143   21.89
200322306674 1 182  143   21.89
200322306930 1 082  143   21.89
200322306969 1 182  143   21.89
200322307272 1 182  143   21.89
200322307297 1 482  143   21.89
200322307563 1 182  143   21.89
200322308099 1 082  143   21.89
200322308416 1 082  143   21.89
200322308716 1 082  143   21.89
200322309338 1 082  143   21.89
200322309364 1 082  143   21.89
200322309729 1 182  143   21.89
200322309763 1 182  143   21.89
200322309912 1 082  143   21.89
200322310281 1 182  143   21.89
200322310628 1 082  143   21.89
200322311527 1 082  143   21.89
200322312564 19982  143   21.89
200322312564 29982  143   21.89
200322312639 1 082  143   21.89
200322314273 1 182  143   21.89
200322403304 1 082  143   21.89
200326800826 1 011  123   19.05
200326800952 1 111  123   19.05
200326801209 1 111  124  266.71
200327600890 1 1 9 1333   24.30
200327601884 1 0 9  833   23.63
200327701863 1 0 9  533   19.19
200329905131 121 1  113   33.89
200329907147 1 0 1  114  271.10
200329907602 1 0 1  113   33.89
200329907609 1 0 1  113   33.89
200329907902 1 0 1  813   33.89
200329907907 1 0 1  813   33.89
200329908125 1 1 1  113   33.89
200329908265 1 0 1  813   33.89
200329908498 1 1 1  813   33.89
200329909050 1 0 1  213   33.89
200330004262 1 0 7  113   18.79
200330004470 1 0 7  113   18.79
200330004781 1 0 7 1613   76.73
200330004940 1 0 7  213   18.79
200330005114 121 7  314  263.11
200330005530 1 1 7  114  263.11
200330005568 1 0 7  814  276.59
200330005721 1 0 7  313   18.79
200330006084 199 7 1013   52.04
200330006229 1 0 7  313   18.79
200330006762 199 7  313   18.79
200330211400 1 023  114  256.57
200330212111 1 023  113   21.38
200330212313 12123  113   21.38
200330212748 12123  113   21.38
200330213071 19923  913   21.42
200330213453 1 023  113   21.38
200330213649 1 023  213   19.24
200330214323 1 023  114  256.57
200330214384 1 023  113   21.38
200330214603 1 023  113   21.38
200330214734 1 023  113   21.38
200330214761 1 123  114  256.57
200330214925 1 023  213   19.24
200330215301 1 023  113   21.38
200330215865 1 023  113   21.38
200330215883 1 023  113   21.38
200330216262 1 123  112   21.38
200330216905 1 023  113   21.38
200330216994 1 023  113   21.38
200330217261 1 123  113   21.38
200330217323 1 123  113   21.38
200330217705 1 123  116  106.91
200330217760 1 023  113   21.38
200330218024 1 123  116  106.91
200330308569 1 125  213   24.14
200330308595 1 125  614  243.68
200330308777 12125 1413  107.09
200330309601 1 025  213   24.14
200330309642 1 124  713   17.39
200330311083 12125  113   24.14
200330311317 1 124  713   17.39
200330311628 1 125  714  271.03
200330311628 2 125  714  271.03
200330311847 19924  714  260.84
200330312000 1 124  113   16.72
200330312327 1 024 1213   39.97
200330312336 1 124 1213   39.97
200330312738 19924  714  260.84
200330313226 1 125  614  243.68
200330415798 1 033  823   18.77
200330418609 1 133  623   18.75
200330419531 1 133  623   18.75
200330421596 1 033  322    4.62
200330422246 1 033 1624  250.49
200330422386 1 133  323   18.47
200330422853 1 033  623   18.75
200330423859 1 133 1224  256.11
200330426610 1 033 1623   22.77
200330427433 1 033  823   18.77
200330713229 1 050  433   18.41
200330815260 1 091 3223   20.73
200330816257 1 091  923   19.88
200330816608 12191 3223   20.73
200330816788 1 191 2423   22.56
200330817050 1 091  423   21.98
200330817449 1 091  323   22.56
200330818227 1 091  123   19.55
200330818517 1 09111223   30.41
200330818695 1 091 5523   16.07
200330818915 1 091 3223   20.73
200330818946 1 091 4623   14.80
200330820426 1 191  923   19.88
200330820516 1 091 4623   14.80
200330820717 1 091  323   22.56
200330821512 1 09111223   30.41
200330821512 2 09111223   30.41
200330822124 1 091 1523   20.67
200330822401 1 191 1423   17.64
200330822401 2 191 1423   17.64
200330822562 12191  323   22.56
200330822562 22191  323   22.56
200330822650 1 091  923   19.88
200330822930 1 191 1923   20.39
200330823372 12191 4623   14.80
200330823749 1 091  923   19.88
200330824226 1 091  323   22.56
200330824369 1 091  123   19.55
200330827292 1 091 5523   16.07
200330827817 1 091 6723   21.53
200331104190 1 022  813   88.51
200331104388 1 022  813   88.51
200331104626 1 022  813   88.51
200331104667 1 022  613   60.61
200331104917 1 022  113   29.32
200331105025 1 022  813   88.51
200331105394 1 022  813   88.51
200331105425 1 022  113   29.32
200331105430 1 022  113   29.32
200331212378 1 026  313   16.66
200331213208 12126  313   16.66
200331213759 1 026  713   15.80
200331214344 1 026  913   25.02
200331214825 1 126  913   25.02
200331214950 12126  113   21.22
200331215673 1 026  213   21.22
200331217177 1 026 1313   33.33
200331313361 1 127  133   18.16
200331313532 12227  233   18.16
200331317155 12127  134  263.29
200331317179 1 127  133   18.16
200331318082 1 027  133   18.16
200331318525 1 027  133   18.16
200331318622 12127  233   18.16
200331318622 22127  233   18.16
200331318954 1 027  233   18.16
200331319215 1 027  133   18.16
200331319989 1 027  133   18.16
200331320332 1 027  233   18.16
200331320403 1 027  233   18.16
200331320814 1 027  133   18.16
200331321083 1 027  233   18.16
200331321661 12127  133   18.16
200331321661 22127  133   18.16
200331321716 1 027  133   18.16
200331321838 1 127  133   18.16
200331322409 12127  133   18.16
200331322827 1 027  133   18.16
200331323032 1 127  233   18.16
200331323586 1 027  133   18.16
200331323723 12227  133   18.16
200331323978 12127  233   18.16
200331324864 1 027  233   18.16
200331325432 1 027  132    9.08
200331401943 1 028  134  323.24
200331516639 1 030  123   22.64
200331518866 1 030  123   22.64
200331519623 1 030  123   22.64
200331520033 1 030  123   22.64
200331520124 1 031  124  246.10
200331520213 1 030  123   22.64
200331521332 12130  123   22.64
200331521688 1 030  122   11.32
200331522694 1 030  123   22.64
200331522997 1 130  123   22.64
200331523264 1 030  123   22.64
200331523511 1 130  123   22.64
200331523814 1 030  124  260.35
200331525097 1 130  123   22.64
200331527416 1 430  123   22.64
200331527758 1 030  223   20.40
200331528261 1 030  123   22.64
200331706752 1 044  133   45.09
200331706752 2 044  133   45.09
200331808170 1 046  433   22.46
200331808289 12146  536  112.32
200331809216 1 046  334  269.57
200331809648 1 046  133   22.46
200331810072 1 046  133   22.46
200331810789 1 046  533   22.46
200331811000 1 046  433   22.46
200331811303 1 046  533   22.46
200331811463 1 046  433   22.46
200331811733 1 046  233   22.46
200331811823 1 046  533   22.46
200332004552 1 061  233   34.72
200332004564 12161  233   34.72
200332004594 1 061  333   34.72
200332004594 2 061  333   34.72
200332004605 1 061  133   34.72
200332004633 1 061  133   34.72
200332004714 1 161  133   34.72
200332004742 1 061  333   34.72
200332004777 1 061  232   34.72
200332004815 1 161  133   34.72
200332004871 1 161  433   34.72
200332004929 1 061  333   34.72
200332005035 1 161  233   34.72
200332005078 1 061  133   34.72
200332005151 1 061  133   34.72
200332005184 1 061  433   34.72
200332005315 1 161  133   34.72
200332005315 19861  133   34.72
200332005318 1 161  133   34.72
200332005332 12161  133   34.72
200332005334 1 061  133   34.72
200332005379 1 061  133   34.72
200332005543 1 061  633   34.72
200332005546 1 161  134  243.00
200332005546 19861  134  243.00
200332005564 1 061  133   34.72
200332005565 1 061  133   34.72
200332005669 19961  233   34.72
200332005689 12161  233   34.72
200332005753 1 061  334  243.00
200332005824 1 061  433   34.72
200332005875 1 061  134  243.00
200332005887 1 061  136  104.14
200332005889 1 061  133   34.72
200332005897 1 061  133   34.72
200332005948 1 061  133   34.72
200332006065 1 061  133   34.72
200332006151 1 061  133   34.72
200332006196 1 061  233   34.72
200332006224 1 061  133   34.72
200332006226 12161  133   34.72
200332006289 12161  133   34.72
200332006371 1 061  133   34.72
200332006394 1 061  133   34.72
200332006476 1 061  133   34.72
200332006587 1 061  133   34.72
200332006603 1 161  233   34.72
200332007052 1 061  133   34.72
200332007063 12161  433   34.72
200332007177 1 161  133   34.72
200332007208 12161  136  104.14
200332007255 1 161  133   34.72
200332007280 1 161  133   34.72
200332007358 1 161  233   34.72
200332007415 1 161  133   34.72
200332007507 1 861  533   34.72
200332007510 1 061  534  243.00
200332007543 1 061  433   34.72
200332007672 1 061  133   34.72
200332007683 1 861  133   34.72
200332007687 1 061  233   34.72
200332007691 1 061  233   34.72
200332007761 12161  133   34.72
200332007763 1 061  133   34.72
200332007817 1 061  233   34.72
200332007830 1 161  133   34.72
200332007830 12861  133   34.72
200332007903 1 061  533   34.72
200332008060 1 061  133   34.72
200332008204 1 061  133   34.72
200332008287 12161  133   34.72
200332008298 12161  134  243.00
200332008300 1 061  133   34.72
200332008341 1 061  433   34.72
200332008342 12161  433   34.72
200332008402 1 061  233   34.72
200332008485 12161  133   34.72
200332008530 1 061  233   34.72
200332008586 1 161  233   34.72
200332008624 1 061  133   34.72
200332113076 12163  133   13.96
200332113479 1 063  133   13.96
200332114296 1 163  133   13.96
200332114824 19962  333   24.55
200332114851 1 062  633   40.03
200332114987 1 163  133   13.96
200332115139 1 062  333   24.55
200332115821 1 062  233   24.55
200332116075 12163  133   13.96
200332116195 1 063  133   13.96
200332116625 1 063  133   13.96
200332117022 1 062  633   40.03
200332117441 1 062  433   24.55
200332117848 1 063  133   13.96
200332117889 1 063  133   13.96
200332118398 1 163  133   13.96
200332119143 1 063  133   13.96
200332119418 12163  133   13.96
200332120095 1 062  131   24.55
200332120095 2 062  131   24.55
200332120095 3 062  131   24.55
200332120095 4 062  131   24.55
200332120095 5 062  131   24.55
200332120095 6 062  131   24.55
200332120400 19963  133   13.96
200332120632 1 062  433   24.55
200332120890 1 063  133   13.96
200332121275 1 063  133   13.96
200332121464 1 062  233   24.55
200332121500 1 162  334  270.08
200332121853 19963  133   13.96
200332122193 1 463  133   13.96
200332123177 12163  133   13.96
200332212726 1 164  133   18.88
200332213157 1 064  133   18.88
200332214288 1 064  133   18.88
200332214410 19964  133   18.88
200332214949 1 064  133   18.88
200332215601 1 064  133   18.88
200332215620 1 064  133   18.88
200332218970 1 164  133   18.88
200332219000 1 064  133   18.88
200332219262 1 064  133   18.88
200332309023 1 071 1023   81.13
200332309404 1 071  523   24.69
200332309858 1 171 1023   81.13
200332309947 1 071  723   40.21
200332309963 1 071  123   24.69
200332310013 1 071  223   24.69
200332310057 1 071 1023   81.13
200332310138 1 071  423   24.69
200332311356 1 171  224  259.28
200332415838 1 077  143   21.97
200332418251 1 077  143   21.97
200332418753 1 077  143   21.97
200332419426 1 077  143   21.97
200332419480 1 077  146  102.51
200332419641 1 077  243   18.31
200332420043 1 077  143   21.97
200332421113 1 077  143   21.97
200332421636 1 077  643   18.31
200332422686 1 177  143   21.97
200332422772 1 177  144  263.60
200332423433 1 077  243   18.31
200332424258 1 077  243   18.31
200332424510 1 077  643   18.31
200332424692 12177  243   18.31
200332425026 1 077  242    3.66
200332426074 1 177  143   21.97
200332426082 12177  143   21.97
200332426303 1 077  143   21.97
200332426865 1 077  243   18.31
200332426977 12177  143   21.97
200332427085 1 177  143   21.97
200332427121 12177  143   21.97
200332427337 1 077  143   21.97
200332428078 1 077  143   21.97
200332428212 1 077  243   18.31
200332428963 1 177  143   21.97
200332429469 1 077  143   21.97
200332429678 1 077  143   21.97
200332510234 1 080  143   19.69
200332510720 1 180  443   19.69
200332511179 1 080  543   25.06
200332511879 19980  343   19.69
200332512097 1 080  343   19.69
200332513792 1 180  543   25.06
200332514463 1 080  143   19.69
200332514902 1 080  143   19.69
200332515392 1 180  843   13.63
200332515856 1 080  443   19.69
200332516001 1 080  543   25.06
200332516067 1 180  243   19.69
200332516403 1 180  343   19.69
200332517076 1 180  343   19.69
200332517523 1 080  843   13.63
200332517862 1 080 1743   82.03
200332519028 1 080  343   19.69
200332519524 1 080 1144  249.88
200332519772 1 180  343   19.69
200332519876 1 180  543   25.06
200332520379 1 080 1143   27.77
200332620420 1 092  223   20.15
200332627076 1 092 1523   16.06
200332629058 1 192 1623   19.12
200332631246 12192  123   20.15
200332632201 1 092 4123   46.50
200332632481 1 192  223   20.15
200332634925 1 092 3823   46.92
200332635048 1 092 4123   46.50
200332813802 1 095  143   18.19
200332814526 1 195  143   18.19
200332814573 1 195  143   18.19
200332814715 1 095  143   18.19
200332814862 1 095  143   18.19
200332814862 2 095  143   18.19
200332815555 19995  143   18.19
200332816703 1 095  143   18.19
200332817776 12195  143   18.19
200332819328 1 095  143   18.19
200332819504 1 095  143   18.19
200332819810 1 195  143   18.19
200332820006 1 095  443   21.22
200332820258 1 095  744  265.62
200332820864 1 195  143   18.19
200332820964 1 095  143   18.19
200332821092 1 095  243   21.22
200332823372 1 095  743   24.15
200332823388 1 095  743   24.15
200333100131 1 0 6 2013   14.82
200333300967 1 0 9  733   19.19
200333400226 1 1 6  513   21.82
200333400450 1 0 6 2014  266.76
200333400643 1 1 6 2613   20.24
200333400825 1 0 6 2613   20.24
200333400855 1 1 6  112    2.76
200333400855 2 1 6  112    2.76
200333401058 1 0 6 2012   14.82
200333401321 1 0 6 1113   17.88
200333401335 1 0 6 2013   14.82
200333401336 1 0 6 2013   14.82
200333401342 121 6 2013   14.82
200333401383 1 0 6 1413   23.24
200333401504 1 0 6 1114  259.30
200333401544 1 0 6 2613   20.24
200333401557 1 1 6  512    5.45
200333401568 1 0 6  713   21.95
200333401587 121 6 2013   14.82
200333401587 221 6 2013   14.82
200333401676 121 6 2614  263.15
200333401676 221 6 2614  263.15
200333401705 1 0 6 2013   14.82
200333401707 1 0 6 2013   14.82
200333401742 1 1 6  113   19.34
200333401793 1 0 6  213   19.34
200333401874 1 0 6 2013   14.82
200333401875 1 0 6 2013   14.82
200333401878 1 0 6 1413   23.24
200333401915 1 0 6  213   19.34
200333402017 1 0 6  413   17.24
200333402062 121 6  713   21.95
200333402065 1 0 6 2013   14.82
200333402068 1 0 6 2013   14.82
200333402080 1 0 6  113   19.34
200333402191 1 1 6 2013   14.82
200333402192 1 0 6 2013   14.82
200333402215 1 0 6 1413   23.24
200333402217 1 1 6 1413   23.24
200333402257 1 0 6 1113   17.88
200333402302 1 1 6 2613   20.24
200333402319 1 0 6  713   21.95
200333402395 1 1 6  213   19.34
200333402429 1 0 6  413   17.24
200333402463 1 1 6 1412   11.62
200333402471 121 6  113   19.34
200333402669 1 1 6 2013   14.82
200333402673 1 0 6 2014  266.76
200333402695 1 0 6 1414  255.66
200333402712 1 0 6 1112    8.94
200333402760 1 1 6 1113   17.88
200333402802 1 0 6 2613   20.24
200333402827 1 0 6 2013   14.82
200333402839 1 0 6 1413   23.24
200333402903 1 0 6 2613   20.24
200333402907 1 0 6  513   21.82
200333403046 1 0 6  213   19.34
200333403049 1 0 6 2612   20.24
200333403081 199 6  713   21.95
200333403116 1 1 6 1413   23.24
200333403208 199 6  413   17.24
200333403274 121 6 1113   17.88
200333403483 121 6 2013   14.82
200333403486 1 0 6 1413   23.24
200333403883 121 6 2613   20.24
200333403889 1 0 6 2613   20.24
200333403927 1 1 6 1413   23.24
200333404034 1 1 6 1413   23.24
200333404106 1 0 6 2614  263.15
200335000241 1 179  143   22.19
200335000690 1 179  143   22.19
200353522183 1 1 6 1113   17.88
200353522375 1 0 6 1113   17.88
200353522570 199 6 2013   14.82
200353522695 1 0 6 2014  266.76
200353522963 1 0 6 2013   14.82
200353523027 1 0 6 1113   17.88
200353523120 199 6 2613   20.24
200353523146 1 1 6  713   21.95
200355612500 1 079  743   22.19
200355709613 1 078  143   55.32
200355709716 12178  143   55.32
200359610809 1 194  143   15.76
200359610816 1 194  144  252.15
200359610849 19994  543   31.22
200359610958 1 194  443   15.76
200359611675 19994  443   15.76
200359611804 19994  143   15.76
200359611826 1 194  143   15.76
200359612829 1 194  143   15.76
200359612831 19994  143   15.76
200359612871 12194  243   15.76
200359613110 1 194  143   15.76
200359613121 19994  143   15.76
200359613136 1 994  143   15.76
200359613164 19994  143   15.76
200359613186 19994  343   15.76
200359613239 1 094  343   15.76
200359613331 19994  243   15.76
200359613395 19994  143   15.76
200359613427 1 194  143   15.76
200359613467 1 194  143   15.76
200359613490 19994  143   15.76
200359613496 19994  143   15.76
200359613864 1 094  143   15.76
200359613920 19994  143   15.76
200359613978 19994  343   15.76
200359614148 19994  343   15.76
200359614149 19994  343   15.76
200359614236 1 094  143   15.76
200359614264 1 094  143   15.76
200359614398 19994  143   15.76
200359614402 1 194  143   15.76
200359614459 19994  143   15.76
200359614484 1 094  143   15.76
200359614491 1 194  143   15.76
200359614631 19994  343   15.76
200359614648 1 094  343   15.76
200359614724 1 094  343   15.76
200359614796 1 094  143   15.76
200359614859 19994  143   15.76
200359614864 19994  143   15.76
200359615195 19994  143   15.76
200359615203 19994  144  252.15
200359615204 19994  143   15.76
200359615213 1 094  143   15.76
200359615406 19994  343   15.76
200359615474 19994  143   15.76
200359615493 12194  143   15.76
200359615502 19994  143   15.76
200359615536 19994  143   15.76
200359615546 19994  143   15.76
200359615557 19994  143   15.76
200359615567 19994  143   15.76
200359615814 19994  143   15.76
200359615843 1 094  143   15.76
200359615937 1 194  343   15.76
200359615986 19994  343   15.76
200359616119 19994  243   15.76
200359616279 19994  443   15.76
200359616367 19994  443   15.76
200359616440 1 094  243   15.76
200359616440 2 094  243   15.76
200359616489 19994  143   15.76
200359616524 19994  143   15.76
200359616645 19994  343   15.76
200359616666 19994  343   15.76
200359616731 19994  243   15.76
200359616784 19994  143   15.76
200359616808 1 194  143   15.76
200359616811 19994  143   15.76
200359616839 19994  143   15.76
200359616972 12194  443   15.76
200359617126 1 094  144  252.15
200359617167 1 094  143   15.76
200359617171 19994  143   15.76
200359617438 1 094  143   15.76
200359617451 1 194  143   15.76
200359617474 1 094  143   15.76
200359617517 19994  143   15.76
200359617565 12194  443   15.76
200359617711 19994  143   15.76
200359617719 1 194  143   15.76
200359617838 1 194  343   15.76
200359617884 19994  343   15.76
200359618145 19994  243   15.76
200359618194 19994  243   15.76
200359618197 12194  243   15.76
200359618279 19994  143   15.76
200359618659 12194  143   15.76
200359619464 19994  143   15.76
200377377450 1 145  133   20.21
200382130239 1 079  144  255.16
200382130281 1 179  143   22.19
200382130564 1 179  743   22.19
200390500522 1 042 1133   23.80
200390501586 1 042  332    4.17
200390600445 1 047  333   19.61
200390700699 1 050  233   18.41
200390700766 12150  733   13.68
200390702002 1 150  533   18.41
200391116311 1 142  233   20.83
200393507143 12121 4013   41.90
200393605564 12131  324  246.10
200393606006 1 029 1023  121.61
200393606488 1 031  326  123.05
200393606498 12231  323   61.52
200393606621 1 131  326  123.05
200393606621 2 131  326  123.05
200393607375 1 029 1023  121.61
200393607657 1 029  423   38.98
200393607761 1 129 1024  243.21
200393607761 2 129 1024  243.21
200393608150 12131  321   61.52
200393608183 1 131  325   61.52
200393608593 1 031  323   61.52
