200310401246 1 1 2 1015   89.85
200310401260 1 1 2  613   49.28
200310401956 1 1 2  413   53.89
200310402038 1 1 2  613   49.28
200310402312 1 1 2  914  287.62
200310402372 1 1 2 1613  106.65
200310402528 1 1 2 1013   89.85
200310402534 1 1 2  414  269.43
200310402708 1 1 2  613   49.28
200310402708 2 1 2  613   49.28
200310402729 1 1 2  213   27.15
200310402740 1 2 2  913   57.52
200310402996 1 1 2  114  271.46
200310403112 1 1 2  313   27.15
200310403200 1 1 2  413   53.89
200310403370 1 1 2 1016   89.85
200310404110 1 9 2  414  269.43
200310404284 1 1 2  413   53.89
200310700145 1 1 3 1013   19.13
200310700405 1 1 3  713   20.22
200310700411 1 1 3 1313   22.14
200310700989 1 1 3  813   19.86
200310701174 1 1 3  313   20.32
200310701669 1 1 3  813   19.86
200310701710 1 1 3  113   19.93
200310701947 1 1 3 1611    7.81
200310701951 1 1 3  116  104.61
200310702107 1 9 3 2113   14.57
200310702476 1 1 3  814  258.23
200310702509 1 1 3 1313   22.14
200310702936 1 1 3  813   19.86
200310702961 1 2 3 1314  258.27
200310702961 1 8 3 1314  258.27
200310703189 1 1 3  814  258.23
200310703272 1 1 3 2113   14.57
200310703300 1 1 3 1013   19.13
200310703863 1 1 3  114  259.04
200310704323 1 1 3  313   20.32
200310704700 1 1 3 1313   22.14
200310704829 1 9 3  314  259.02
200310704969 1 1 3  813   19.86
200310704969 2 1 3  813   19.86
200310704969 3 1 3  813   19.86
200310705014 1 1 3  714  257.83
200310705266 1 1 3  113   19.93
200310705672 1 1 3 2113   14.57
200310705706 1 1 3 1613   23.43
200310705803 1 1 3  813   19.86
200310705918 1 1 3 1012    4.78
200310706097 1 1 3  313   20.32
200310706141 1 2 3  413   19.90
200310706266 1 1 3 1613   23.43
200310706282 1 1 3  712    5.06
200310706362 1 1 3  814  258.23
200310706403 1 1 3  113   19.93
200310706702 1 1 3 2113   14.57
200310706782 1 1 3  313   20.32
200310706835 1 1 3  314  259.02
200310706921 1 1 3  813   19.86
200310706954 1 1 3  814  258.23
200310710009 1 1 3  313   20.32
200310710372 1 1 3  313   20.32
200310710382 1 1 3 1614  257.73
200310710390 1 1 3 1613   23.43
200310710413 1 1 3 1313   22.14
200310710464 1 1 3  412    4.97
200310710527 1 1 3  813   19.86
200310710691 1 1 3 1313   22.14
200310710873 1 1 3  813   19.86
200310710943 1 1 3  313   20.32
200310711075 1 1 3 2114  262.32
200310711186 1 1 3  313   20.32
200310711322 1 1 3  811    4.97
200310711634 1 1 3  312    5.08
200310711640 1 1 3  313   20.32
200310711694 1 1 3  413   19.90
200310711799 1 1 3 1312    7.38
200310712165 1 1 3  113   19.93
200310712283 1 1 3  413   19.90
200310712483 1 1 3  313   20.32
200310712709 1 1 3 1313   22.14
200310713183 1 1 3  113   19.93
200310713249 1 1 3  713   20.22
200310713301 1 1 3 1013   19.13
200310713663 1 1 3 1014  258.30
200310713883 1 1 3  813   19.86
200310714119 1 1 3  313   20.32
200310714280 1 1 3 1313   22.14
200310714345 1 1 3  412    4.97
200310714425 1 1 3 1013   19.13
200310714524 1 1 3  113   19.93
200310714544 1 1 3 1612    7.81
200310714703 1 1 3  813   19.86
200310714977 1 9 3  314  259.02
200310715320 1 1 3  313   20.32
200311101323 1 1 4  213   26.09
200311102137 1 1 4  713   33.92
200311102159 1 1 4  213   26.09
200311102451 1 1 4 1716  121.59
200311102520 1 1 4  713   33.92
200311102730 1 1 4  213   26.09
200311102976 1 9 4 1114  237.45
200311102999 1 1 4  114  260.93
200311103138 1 2 4 1713  121.59
200311103564 1 1 4  211   13.05
200311103666 1 1 4  213   26.09
200311103793 1 1 4  113   26.09
200311103993 1 1 4  213   26.09
200311104371 1 1 4  213   26.09
200311104585 1 1 4  214  260.93
200311104794 1 1 4  116  104.37
200311105143 1 1 4  313   26.09
200311105429 1 1 4  113   26.09
200311105442 1 1 4  112   13.05
200311106480 1 1 4  213   26.09
200311106508 1 1 4 1713  121.59
200311106849 1 1 4  313   26.09
200311106867 1 1 4  213   26.09
200311106867 2 1 4  213   26.09
200311107018 1 1 4  213   26.09
200311107238 1 1 4 1114  237.45
200311107389 1 1 4  213   26.09
200311107453 1 1 4  214  260.93
200311107542 1 1 4  313   26.09
200311108018 1 1 4  714  271.37
200311108429 1 1 4  113   26.09
200311108689 1 1 4  413   26.09
200311108941 1 1 4  213   26.09
200311109414 1 1 4  113   26.09
200311109850 1 1 4  213   26.09
200311134152 1 1 4  213   26.09
200311500630 1 2 5 2214  245.66
200311500772 1 1 5  313   22.09
200311500907 1 2 5 2213   30.71
200311500924 1 1 5  813   16.46
200311500939 1 1 5  513   16.07
200311500961 1 1 5 1614  269.08
200311501026 1 1 5 2213   30.71
200311501030 1 9 5 1113   21.10
200311501060 1 1 5  813   16.46
200311501101 1 9 5  814  263.34
200311501206 1 2 5  513   16.07
200311501255 1 1 5  813   16.46
200311501302 1 1 5  513   16.07
200311501308 1 1 5  312    5.52
200311501360 1 1 5 1114  253.17
200311501493 1 1 5  816   98.75
200311501624 1 1 5  513   16.07
200311501770 1 1 5  513   16.07
200311501770 2 1 5  513   16.07
200311522435 1 1 5  314  259.58
200311700501 1 142  233   20.83
200311701119 1 142  233   20.83
200311701743 1 142 1033   22.36
200311701988 1 142  233   20.83
200311702105 1 142  632    4.23
200311702309 1 142  233   20.83
200311702882 1 142 1033   22.36
200311703313 1 142 1034  257.16
200311703421 1 142  233   20.83
200311703879 1 142  235   83.32
200311703879 2 142  235   83.32
200311703879 3 142  235   83.32
200311703879 4 142  235   83.32
200311703879 5 142  235   83.32
200311706140 1 942 1033   22.36
200311706429 1 142 1033   22.36
200311706737 1 142  233   20.83
200311706848 1 142  233   20.83
200311706997 1 142  233   20.83
200311707057 1 142  633   21.13
200311707339 1 142  233   20.83
200311707598 1 142  233   20.83
200311800321 1 142  133   20.83
200311800391 1 142  433   20.83
200311800613 1 142  133   20.83
200311801100 1 142  133   20.83
200311801130 1 142  433   20.83
200311801379 1 142  133   20.83
200311801518 1 142  434  258.30
200311802570 1 142  433   20.83
200311802886 1 142  133   20.83
200311802919 1 142  133   20.83
200311803302 1 142  433   20.83
200311803962 1 142  133   20.83
200311803962 2 142  133   20.83
200311804054 1 142  433   20.83
200311804183 1 142  133   20.83
200311804326 1 242  133   20.83
200311804512 1 142  133   20.83
200311804813 1 142  133   20.83
200311804869 1 942  133   20.83
200311805115 1 142  133   20.83
200311805686 1 142  133   20.83
200311805731 1 142  133   20.83
200311805848 1 142  133   20.83
200311806246 1 142  132    4.17
200311806284 1 142  133   20.83
200311806323 1 142  433   20.83
200311806631 1 142  133   20.83
200311806781 1 142  133   20.83
200311806843 1 142  433   20.83
200312000173 1 1 6  512    5.45
200312000190 1 1 6 1413   23.24
200312400196 1 1 8  213   25.69
200312400233 1 1 8  213   25.69
200312400287 1 1 8 5113   61.55
200312400300 1 1 8  513   17.30
200312400324 1 1 8 1513   28.38
200312400529 1 1 8 4714  234.34
200312400649 1 1 8 5114  246.19
200312400811 1 1 8 3314  270.93
200312400868 1 1 8 1513   28.38
200312400870 1 1 8 1513   28.38
200312400957 1 1 8 1513   28.38
200312400988 1 1 8 5113   61.55
200312401071 1 1 812013   98.86
200312401077 1 1 8 1514  255.44
200312401078 1 1 8 1513   28.38
200312401160 1 1 8 1513   28.38
200312401162 1 1 8 1513   28.38
200312401204 1 1 8 1513   28.38
200312401240 1 1 8  213   25.69
200312401253 1 1 812013   98.86
200312401303 1 1 8 6916   99.48
200312401308 1 1 8 4713   58.59
200312401324 1 1 8 1513   28.38
200312401382 1 1 812011   98.86
200312401387 1 8 8 1513   28.38
200312401432 1 1 8 1513   28.38
200312401462 1 9 8 4714  234.34
200312401548 1 1 8  513   17.30
200312401598 1 1 8 1513   28.38
200312401882 1 1 8 4713   58.59
200312402129 1 1 8  213   25.69
200312408452 1 1 8 1513   28.38
200312801437 1 9 9  533   19.19
200313000122 1 1 9  533   19.19
200313000122 2 1 9  533   19.19
200313000768 1 1 9  333   19.19
200313000880 1 1 9  333   19.19
200313001264 1 1 9  733   19.19
200313100314 1 142  133   20.83
200313100377 1 142  133   20.83
200313100377 2 142  133   20.83
200313100605 1 142  132    4.17
200313100809 1 142  134  258.30
200313100954 1 142  133   20.83
200313201903 1 143  333   24.44
200313202180 1 143  333   24.44
200313202468 1 143  333   24.44
200313202884 1 143  333   24.44
200313203008 1 843  334  256.65
200313305260 1 110  323   18.91
200313305395 1 110  423   18.91
200313305869 1 110 1523   13.60
200313305894 1 110 1523   13.60
200313306026 1 132  123   20.94
200313306190 1 132  123   20.94
200313306378 1 110  123   18.91
200313307629 1 132  123   20.94
200313307704 1 132  123   20.94
200313308242 1 132  123   20.94
200313308255 1 132  123   20.94
200313308280 1 132  123   20.94
200313308396 1 132  122   20.94
200313325244 1 132  222    2.09
200313325933 1 132  123   20.94
200313325938 1 132  123   20.94
200313326988 1 132  123   20.94
200313327940 1 132  123   20.94
200313328932 1 110 1523   13.60
200313329236 1 132  123   20.94
200313329315 1 110 1723   17.01
200313329460 1 110  523   22.62
200313329757 1 132  123   20.94
200313330189 1 132  124  251.23
200313330847 1 132  123   20.94
200313330935 1 132  123   20.94
200313331396 1 110  323   18.91
200313332042 1 110  423   18.91
200313332170 1 132  123   20.94
200313332204 1 132  123   20.94
200313332726 1 110  223   18.91
200313332847 1 132  123   20.94
200313333317 1 132  123   20.94
200313333320 1 110 2423   27.10
200313333938 1 110 1523   13.60
200313335164 1 132  123   20.94
200313335164 2 132  123   20.94
200313335485 1 110 1523   13.60
200313336282 1 132  123   20.94
200313336370 1 132  123   20.94
200313337183 1 110  423   18.91
200313337294 1 110  223   18.91
200313337462 1 132  123   20.94
200313337530 1 132  123   20.94
200313337778 1 110 1723   17.01
200313338696 1 132  123   20.94
200313338713 1 132  123   20.94
200313338720 1 132  123   20.94
200313338736 1 132  123   20.94
200313338874 1 910  223   18.91
200313339439 1 110  323   18.91
200313339543 1 110  123   18.91
200313339639 1 132  123   20.94
200313339644 1 132  123   20.94
200313339650 1 132  123   20.94
200313339668 1 132  123   20.94
200313339680 1 132  124  251.23
200313339697 1 132  123   20.94
200313339773 1 110 1523   13.60
200313340734 1 110  123   18.91
200313340942 1 132  124  251.23
200313341001 1 132  123   20.94
200313341484 1 132  123   20.94
200313341545 1 132  123   20.94
200313341595 1 110  524  256.31
200313342046 1 132  123   20.94
200313342079 1 132  123   20.94
200313342105 1 132  123   20.94
200313342113 1 132  123   20.94
200313342142 1 132  123   20.94
200313342160 1 132  123   20.94
200313342163 1 132  123   20.94
200313342318 1 110 1523   13.60
200313342926 1 910  123   18.91
200313343391 1 110  423   18.91
200313344132 1 132  123   20.94
200313344174 1 132  123   20.94
200313344199 1 132  124  251.23
200313344608 1 910 1724  255.09
200313344628 1 110  523   22.62
200313434372 1 143  133   24.44
200313434431 1 143  133   24.44
200313434683 1 143  133   24.44
200313435459 1 143  133   24.44
200313436784 1 843  133   24.44
200313437371 1 143  133   24.44
200313437668 1 143  136  109.99
200313437689 1 143  133   24.44
200313500202 1 111  223   19.05
200313500464 1 111  223   19.05
200313501275 1 111  423   19.05
200313501602 1 111  523   19.05
200313501919 1 111  223   19.05
200313501919 2 111  223   19.05
200313502091 1 111  324  266.71
200313502212 1 111  324  266.71
200313502278 1 111  323   19.05
200313502532 1 111  223   19.05
200313503506 1 211  323   19.05
200313504034 1 111  323   19.05
200313504035 1 111  323   19.05
200313504303 1 111  223   19.05
200313504591 1 111  623   19.05
200313504705 1 211  323   19.05
200313504733 1 111  423   19.05
200313504819 1 211  123   19.05
200313505100 1 111  223   19.05
200313505113 1 111  223   19.05
200313505120 1 111  523   19.05
200313505329 1 111  523   19.05
200313505394 1 111  123   19.05
200313505502 1 111  323   19.05
200313505709 1 111  224  266.71
200313505737 1 211  323   19.05
200313505920 1 111  224  266.71
200313506006 1 111  323   19.05
200313506046 1 111  323   19.05
200313506127 1 111  323   19.05
200313506129 1 111  323   19.05
200313506135 1 111  323   19.05
200313506145 1 111  323   19.05
200313506322 1 111  323   19.05
200313506323 1 111  223   19.05
200313506335 1 111  323   19.05
200313506373 1 111  323   19.05
200313506462 1 211  323   19.05
200313506521 1 211  323   19.05
200313507043 1 111  323   19.05
200313507079 1 911  324  266.71
200313508082 1 111  323   19.05
200313508280 1 111  323   19.05
200313508297 1 211  323   19.05
200313508447 1 111  223   19.05
200313508560 1 111  323   19.05
200313508592 1 911  323   19.05
200313508703 1 911  723   48.99
200313508781 1 111  623   19.05
200313508956 1 111  323   19.05
200313508956 2 111  323   19.05
200313509065 1 111  223   19.05
200313509089 1 111  323   19.05
200313509450 1 111  323   19.05
200313601646 1 143  233   24.44
200313602671 1 943  233   24.44
200313604363 1 243 1033   57.35
200313604363 2 243 1033   57.35
200313604648 1 143  233   24.44
200314001908 1 112  123   18.91
200314002064 1 112  123   18.91
200314002108 1 112  124  258.41
200314002372 1 112  523   24.42
200314003034 1 112  123   18.91
200314003890 1 112  123   18.91
200314004066 1 112  523   24.42
200314004067 1 112  123   18.91
200314004294 1 112  123   18.91
200314004791 1 112  123   18.91
200314004896 1 112  123   18.91
200314005029 1 112  924  270.24
200314005061 1 112  123   18.91
200314005968 1 112  123   18.91
200314006134 1 112  123   18.91
200314006502 1 112  124  258.41
200314006955 1 112  123   18.91
200314007536 1 112  123   18.91
200314007631 1 112  123   18.91
200314008879 1 112  124  258.41
200314009240 1 112  224  258.41
200314009362 1 112  123   18.91
200314009770 1 112  123   18.91
200314010707 1 112  123   18.91
200314011426 1 112  123   18.91
200314100086 1 143  133   24.44
200314101071 1 143  133   24.44
200314102587 1 143  136  109.99
200314103009 1 143  133   24.44
200314401501 1 143  233   24.44
200314500453 1 179  143   22.19
200314500462 1 179  143   22.19
200314700682 1 113  124  272.77
200314700798 1 113  123   38.97
200314701109 1 113  123   38.97
200314701162 1 113  123   38.97
200314701454 1 113  123   38.97
200314701510 1 113  323   38.97
200314701722 1 113  323   38.97
200314701790 1 113  123   38.97
200314701825 1 113  323   38.97
200314701830 1 113  724  275.06
200314701872 1 113  123   38.97
200314702034 1 113  123   38.97
200314702178 1 113  123   38.97
200314702426 1 113  323   38.97
200314702585 1 113  523   38.97
200314702715 1 113  123   38.97
200314702842 1 913  323   38.97
200314702910 1 113  123   38.97
200314702963 1 113  323   38.97
200314703103 1 113  624  272.77
200314703285 1 113  123   38.97
200314703386 1 113  523   38.97
200314703408 1 113  123   38.97
200314703412 1 113  124  272.77
200314703479 1 113  223   38.97
200314703491 1 113  723   91.69
200314703536 1 113  124  272.77
200314703819 1 113  123   38.97
200314703834 1 113  526  116.90
200314704135 1 113  123   38.97
200314704920 1 113  123   38.97
200314705376 1 113  523   38.97
200314707072 1 113  123   38.97
200314707090 1 113  123   38.97
200314805593 1 121  513   20.89
200314806051 1 121  514  259.92
200314806072 1 221  513   20.89
200314807323 1 921  513   20.89
200314807469 1 321  613   21.92
200314807587 1 121 1113   17.58
200314808228 1 121  613   21.92
200314808362 1 121 1113   17.58
200314809052 1 121  513   20.89
200314809256 1 121  514  259.92
200314810281 1 121  613   21.92
200314902901 1 182  143   21.89
200315204194 1 149  133   20.86
200315204256 1 149  133   20.86
200315327262 1 975  343   16.15
200315327265 1 975  344  258.41
200315328072 1 175  443   16.15
200315328072 2 175  443   16.15
200315400276 1 141  333   20.05
200315400348 1 141  233   20.05
200315400448 1 141  233   20.05
200315400561 1 141  233   20.05
200315400600 1 141  133   20.05
200315400735 1 141  233   20.05
200315400945 1 141  132   10.03
200315400954 1 141  133   20.05
200315400971 1 141  134  260.70
200315401036 1 141  133   20.05
200315401040 1 241  133   20.05
200315401068 1 141  233   20.05
200315401117 1 141  133   20.05
200315401130 1 141  133   20.05
200315401264 1 141  133   20.05
200315401397 1 141  133   20.05
200315401470 1 141  233   20.05
200315401543 1 841  133   20.05
200315401563 1 141  133   20.05
200315401589 1 141  133   20.05
200315401592 1 141  133   20.05
200315401723 1 141  233   20.05
200315401779 1 141  136  100.27
200315401856 1 141  133   20.05
200315401923 1 141  133   20.05
200315401946 1 141  233   20.05
200315401968 1 141  133   20.05
200315402098 1 241  233   20.05
200315402246 1 141  133   20.05
200315402328 1 141  233   20.05
200315402330 1 241  233   20.05
200315402384 1 141  133   20.05
200315402477 1 141  133   20.05
200315402482 1 141  133   20.05
200315402512 1 141  233   20.05
200315402560 1 141  133   20.05
200315402693 1 141  233   20.05
200315402762 1 141  133   20.05
200315402780 1 141  133   20.05
200315402780 2 141  133   20.05
200315402813 1 141  233   20.05
200315402829 1 141  233   20.05
200315402829 2 141  233   20.05
200315402899 1 141  133   20.05
200315402928 1 141  133   20.05
200315402944 1 141  233   20.05
200315403011 1 141  233   20.05
200315403241 1 141  233   20.05
200315403253 1 141  233   20.05
200315403345 1 141  233   20.05
200315403395 1 141  133   20.05
200315403460 1 141  233   20.05
200315403505 1 141  332   10.03
200315403536 1 141  233   20.05
200315403573 1 941  133   20.05
200315403595 1 141  133   20.05
200315403602 1 141  133   20.05
200315403616 1 141  133   20.05
200315403648 1 141  134  260.70
200315403851 1 141  133   20.05
200315404052 1 141  133   20.05
200315404213 1 141  233   20.05
200315404324 1 141  233   20.05
200315404334 1 141  233   20.05
200315404346 1 141  233   20.05
200315404386 1 141  133   20.05
200315404464 1 941  133   20.05
200315404477 1 941  133   20.05
200315404501 1 941  233   20.05
200315404535 1 141  133   20.05
200315404617 1 141  133   20.05
200315404687 1 141  233   20.05
200315404784 1 141  233   20.05
200315404829 1 941  133   20.05
200315404843 1 141  133   20.05
200315404888 1 941  234  260.70
200315404936 1 141  133   20.05
200315404945 1 141  133   20.05
200315404951 1 141  133   20.05
200315405047 1 141  133   20.05
200315405093 1 141  233   20.05
200315405134 1 941  133   20.05
200315405148 1 141  132   10.03
200315405152 1 141  133   20.05
200315405174 1 141  133   20.05
200315405246 1 141  133   20.05
200315405295 1 141  133   20.05
200315405322 1 141  333   20.05
200315405420 1 141  133   20.05
200315405432 1 141  133   20.05
200315405466 1 141  133   20.05
200315405479 1 141  133   20.05
200315405607 1 141  133   20.05
200315405691 1 141  233   20.05
200315405755 1 141  133   20.05
200315405762 1 141  133   20.05
200315405788 1 141  133   20.05
200315405814 1 141  133   20.05
200315405844 1 141  233   20.05
200315405848 1 141  233   20.05
200315405875 1 141  233   20.05
200315405916 1 141  233   20.05
200315405940 1 141  133   20.05
200315405980 1 141  333   20.05
200315405999 1 941  133   20.05
200315406055 1 141  133   20.05
200315406091 1 141  133   20.05
200315406150 1 141  133   20.05
200315406280 1 141  133   20.05
200315411673 1 141  233   20.05
200315411679 1 141  233   20.05
200315411712 1 141  233   20.05
200315411715 1 141  233   20.05
200315411738 1 141  233   20.05
200315411749 1 141  233   20.05
200315411749 2 141  233   20.05
200315411833 1 141  233   20.05
200315411862 1 141  233   20.05
200315411891 1 141  233   20.05
200315411930 1 141  233   20.05
200315411944 1 141  233   20.05
200315426773 1 141  133   20.05
200315426817 1 141  133   20.05
200315426841 1 141  133   20.05
200315426987 1 141  133   20.05
200315427012 1 141  133   20.05
200315427099 1 141  133   20.05
200315427101 1 141  133   20.05
200315427129 1 141  133   20.05
200316100364 1 143  433   24.44
200316100407 1 143  333   24.44
200316100575 1 143  633   41.42
200316100903 1 843  633   41.42
200316101346 1 943  633   41.42
200316245393 1 973  223   21.96
200316448781 1 172  623   20.00
200316501254 1 145  133   20.21
200316501441 1 145  133   20.21
200316501960 1 145  133   20.21
200316503401 1 145  333   20.21
200316503470 1 145  133   20.21
200316504098 1 145  233   20.21
200316505316 1 145  133   20.21
200316505763 1 145  333   20.21
200316505849 1 145  134  262.76
200316560836 1 145  133   20.21
200316561127 1 145  133   20.21
200316561606 1 145  133   20.21
200316562203 1 145  233   20.21
200316562242 1 145  133   20.21
200316563451 1 145  136  101.06
200316564380 1 145  133   20.21
200316564923 1 145  133   20.21
200316565473 1 145  333   20.21
200316565844 1 145  133   20.21
200316565892 1 145  133   20.21
200316566902 1 145  134  262.76
200316566973 1 145  133   20.21
200316568322 1 145  133   20.21
200316568616 1 145  133   20.21
200316568616 2 145  133   20.21
200316568616 3 145  133   20.21
200316569038 1 145  133   20.21
200316569173 1 145  133   20.21
200316771529 1 1 3 1613   23.43
200317103374 1 151  133   79.66
200317103762 1 151  133   79.66
200317103765 1 151  134  238.97
200317103795 1 151  133   79.66
200317104125 1 951  133   79.66
200317104607 1 951  133   79.66
200317104644 1 951  133   79.66
200317104887 1 151  133   79.66
200317105002 1 151  133   79.66
200317105303 1 151  133   79.66
200317105405 1 151  233   79.66
200317105489 1 151  133   79.66
200317105534 1 151  133   79.66
200317105597 1 151  133   79.66
200317105801 1 151  134  238.97
200317105806 1 151  133   79.66
200317105874 1 951  133   79.66
200317105930 1 151  133   79.66
200317105950 1 151  133   79.66
200317106028 1 951  133   79.66
200317106084 1 151  133   79.66
200317106378 1 151  133   79.66
200317200163 1 148  236  103.93
200317201203 1 948  134  259.82
200317201498 1 148  133   51.96
200317202151 1 148  333   51.96
200317202322 1 948  133   51.96
200317202354 1 948  133   51.96
200317202671 1 948  133   51.96
200317203475 1 948  133   51.96
200317203544 1 948  133   51.96
200317203620 1 148  332   51.96
200317203804 1 148  235  103.93
200317204408 1 948  134  259.82
200317204642 1 948  333   51.96
200317204902 1 148  133   51.96
200317205058 1 148  133   51.96
200317205627 1 948  133   51.96
200317205632 1 948  133   51.96
200317205969 1 148  133   51.96
200317206186 1 948  333   51.96
200317206247 1 948  133   51.96
200317206369 1 948  131   51.96
200317206532 1 148  133   51.96
200317206721 1 948  133   51.96
200317206898 1 148  133   51.96
200317207196 1 148  133   51.96
200317207278 1 948  133   51.96
200317208133 1 948  236  103.93
200317600598 1 149  133   20.86
200317600791 1 149  133   20.86
200317600896 1 149  133   20.86
200317601077 1 949  133   20.86
200317601338 1 149  132    5.21
200317602696 1 149  133   20.86
200317655339 1 149  132    5.21
200317655424 1 149  133   20.86
200317655520 1 949  133   20.86
200317655994 1 149  133   20.86
200317656131 1 149  133   20.86
200317656166 1 149  133   20.86
200317656227 1 149  133   20.86
200317656718 1 149  133   20.86
200317656787 1 149  133   20.86
200317656929 1 149  133   20.86
200317657147 1 149  133   20.86
200317657289 1 149  133   20.86
200317657552 1 149  133   20.86
200317658382 1 149  133   20.86
200317658783 1 949  136  104.28
200317658917 1 149  133   20.86
200317659135 1 149  133   20.86
200317659456 1 149  133   20.86
200317659523 1 149  132    5.21
200317659525 1 149  132    5.21
200317659525 2 149  132    5.21
200317660276 1 149  133   20.86
200317660367 1 149  133   20.86
200317660852 1 149  136  104.28
200317660912 1 249  133   20.86
200317661300 1 149  131    5.21
200317661300 2 149  131    5.21
200317661325 1 149  133   20.86
200317661384 1 149  133   20.86
200317661695 1 149  133   20.86
200317661767 1 149  133   20.86
200317661767 2 149  133   20.86
200317662116 1 949  134  260.69
200317662442 1 149  133   20.86
200317663166 1 949  133   20.86
200317663567 1 949  133   20.86
200317663670 1 149  133   20.86
200317663717 1 149  132    5.21
200317663988 1 149  133   20.86
200317664073 1 149  133   20.86
200317664254 1 149  132    5.21
200317664466 1 949  133   20.86
200317664496 1 149  134  260.69
200317664510 1 149  132    5.21
200317664510 2 149  132    5.21
200318400105 1 172  423   20.00
200318400775 1 172  323   20.00
200318400807 1 972  623   20.00
200318400815 1 972  623   20.00
200318401061 1 972  423   20.00
200318401125 1 972  123   20.00
200318401524 1 172  123   20.00
200318401524 2 172  123   20.00
200318401624 1 172  223   20.00
200318401781 1 172  322    5.00
200318401781 2 172  322    5.00
200318401803 1 172  323   20.00
200318401962 1 272  323   20.00
200318402448 1 972  623   20.00
200318402583 1 972  423   20.00
200318402721 1 972  423   20.00
200318402862 1 972  423   20.00
200318403101 1 172  123   20.00
200318403421 1 172  323   20.00
200318403754 1 172  323   20.00
200318403758 1 972  323   20.00
200318403762 1 172  323   20.00
200318403960 1 172  123   20.00
200318404131 1 172  623   20.00
200318404270 1 172  123   20.00
200318404499 1 372  123   20.00
200318404848 1 172  123   20.00
200318404852 1 172  123   20.00
200318405093 1 172  423   20.00
200318405731 1 172  623   20.00
200318405731 2 172  623   20.00
200318405862 1 172  123   20.00
200318406309 1 172  623   20.00
200318406537 1 172  223   20.00
200318406838 1 172  623   20.00
200318406845 1 172  123   20.00
200318406849 1 172  123   20.00
200318406853 1 172  123   20.00
200318407346 1 172  223   20.00
200318407481 1 172  423   20.00
200318407900 1 172  223   20.00
200318407904 1 972  223   20.00
200318408071 1 172  623   20.00
200318408075 1 172  623   20.00
200318408079 1 172  623   20.00
200318408260 1 372  423   20.00
200318408260 2 372  423   20.00
200318408354 1 172  223   20.00
200318408608 1 172  223   20.00
200318408608 2 172  223   20.00
200318408608 3 172  223   20.00
200318408798 1 172  423   20.00
200318408800 1 172  422    5.00
200318408888 1 972  322    5.00
200318408890 1 172  323   20.00
200318409103 1 172  623   20.00
200318409179 1 972  123   20.00
200318409383 1 172  223   20.00
200318409404 1 972  222    5.00
200318409427 1 972  223   20.00
200318409672 1 972  623   20.00
200318409894 1 172  223   20.00
200318410041 1 972  223   20.00
200318410045 1 172  223   20.00
200318410176 1 172  423   20.00
200318410447 1 172  123   20.00
200318410609 1 972  423   20.00
200318410615 1 172  423   20.00
200318410880 1 972  323   20.00
200318410954 1 972  123   20.00
200318411015 1 972  623   20.00
200318411126 1 972  323   20.00
200318411244 1 172  623   20.00
200318411384 1 172  223   20.00
200318411444 1 172  623   20.00
200318411450 1 172  623   20.00
200318411454 1 172  623   20.00
200318411458 1 172  623   20.00
200318411766 1 972  623   20.00
200318412142 1 972  423   20.00
200318412150 1 972  423   20.00
200318412276 1 972  623   20.00
200318412326 1 972  323   20.00
200318412330 1 972  323   20.00
200318412334 1 972  323   20.00
200318412703 1 172  123   20.00
200318412707 1 172  123   20.00
200318412946 1 172  722    2.00
200318413111 1 172  622    5.00
200318413135 1 172  623   20.00
200318413198 1 172  423   20.00
200318413243 1 172  223   20.00
200318413449 1 172  323   20.00
200318413449 2 172  323   20.00
200318413453 1 172  323   20.00
200318413457 1 972  323   20.00
200318413695 1 972  123   20.00
200318414029 1 272  423   20.00
200318414160 1 172  123   20.00
200318414434 1 172  223   20.00
200318414501 1 972  623   20.00
200318414501 2 972  623   20.00
200318414721 1 172  223   20.00
200318414725 1 172  223   20.00
200318414733 1 972  223   20.00
200318414845 1 172  123   20.00
200318415168 1 972  323   20.00
200318415273 1 972  623   20.00
200318415368 1 972  323   20.00
200318415376 1 972  323   20.00
200318415638 1 972  623   20.00
200318415687 1 972  223   20.00
200318415825 1 172  323   20.00
200318415916 1 172  123   20.00
200318416174 1 172  423   20.00
200318416182 1 172  422    5.00
200318416245 1 172  623   20.00
200318416510 1 172  323   20.00
200318416514 1 172  323   20.00
200318416746 1 172  623   20.00
200318417016 1 972  323   20.00
200318417122 1 172  223   20.00
200318417127 1 172  222    5.00
200318417402 1 172  223   20.00
200318417509 1 172  323   20.00
200318417536 1 172  123   20.00
200318417552 1 172  124  260.00
200318417780 1 972  623   20.00
200318417898 1 172  123   20.00
200318417950 1 172  423   20.00
200318418457 1 972  623   20.00
200318418515 1 172  122    5.00
200318418553 1 172  123   20.00
200318418557 1 972  123   20.00
200318418563 1 972  123   20.00
200318419261 1 972  123   20.00
200318419261 2 972  123   20.00
200318419265 1 172  123   20.00
200318419657 1 172  623   20.00
200318419657 2 172  623   20.00
200318420098 1 172  123   20.00
200318420403 1 172  323   20.00
200318420521 1 172  123   20.00
200318420618 1 172  623   20.00
200318420920 1 972  323   20.00
200318421158 1 972  123   20.00
200318421276 1 972  623   20.00
200318421654 1 172  123   20.00
200318421658 1 172  123   20.00
200318421662 1 172  123   20.00
200318421959 1 172  423   20.00
200318421963 1 172  423   20.00
200318422056 1 172  623   20.00
200318422056 2 172  623   20.00
200318422524 1 172  223   20.00
200318422641 1 972  323   20.00
200318423239 1 972  223   20.00
200318423239 2 972  223   20.00
200318504403 1 250  133   18.41
200318504403 2 250  133   18.41
200318504415 1 950  134  257.71
200318504500 1 150  133   18.41
200318504663 1 950  133   18.41
200318504900 1 150  133   18.41
200318505026 1 350 1033   38.20
200318505175 1 150  433   18.41
200318505548 1 150  133   18.41
200318506093 1 150  233   18.41
200318506742 1 150  233   18.41
200318506742 2 150  233   18.41
200318530439 1 950  233   18.41
200318530889 1 150  233   18.41
200318531124 1 950  233   18.41
200318531249 1 150  233   18.41
200318531285 1 150  333   18.41
200318531555 1 950  233   18.41
200318531779 1 150  333   18.41
200318532047 1 150  334  257.71
200318532771 1 150  133   18.41
200318532964 1 150  133   18.41
200318533407 1 950  133   18.41
200318533976 1 950  133   18.41
200318549399 1 972  123   20.00
200318549403 1 172  123   20.00
200318860414 1 173  124  258.04
200318900356 1 173  223   21.96
200318900360 1 973  923   21.64
200318900547 1 173  223   21.96
200318901290 1 973  923   21.64
200318901553 1 173  223   21.96
200318902563 1 973  123   21.96
200318902563 2 173  123   21.96
200318902823 1 173  223   21.96
200318902866 1 173  923   21.64
200318903004 1 173 1023   31.93
200318903232 1 173  923   21.64
200318903871 1 173 1023   31.93
200318904931 1 973  123   21.96
200318905081 1 973 1023   31.93
200318905332 1 973  923   21.64
200318905342 1 973 1023   31.93
200318905650 1 973  223   21.96
200318906471 1 973  923   21.64
200318907236 1 973  123   21.96
200318907941 1 173 1023   31.93
200318908463 1 173  123   21.96
200318908987 1 973  223   21.96
200318909202 1 973 1023   31.93
200318945516 1 173  223   21.96
200319001027 1 175  443   16.15
200319001363 1 975  544  253.20
200319100083 1 175  343   16.15
200319101678 1 175  343   16.15
200319101748 1 975  443   16.15
200319101859 1 275  343   16.15
200319101984 1 975  443   16.15
200319102184 1 275  343   16.15
200319102368 1 975  343   16.15
200319102662 1 975  543   14.07
200319102811 1 975  343   16.15
200319102876 1 275  343   16.15
200319102920 1 975  543   14.07
200319103031 1 175  343   16.15
200319103041 1 175  343   16.15
200319103072 1 175  443   16.15
200319103373 1 175  343   16.15
200319103665 1 175  343   16.15
200319103686 1 175  343   16.15
200319103808 1 175  443   16.15
200319103901 1 975  343   16.15
200319300172 1 174  123   20.88
200319302580 1 974  123   20.88
200319303399 1 974  123   20.88
200319303740 1 974  924  258.90
200319303824 1 974  923   20.88
200319304676 1 974  123   20.88
200319304676 2 974  123   20.88
200319304676 3 974  123   20.88
200319305762 1 974  223   20.88
200319308778 1 974  923   20.88
200319309082 1 974  523   20.88
200319311091 1 974  923   20.88
200320100176 1 175  343   16.15
200320100176 2 175  343   16.15
200320129775 1 975  143   16.15
200320131208 1 175  243   16.15
200320131935 1 175  243   16.15
200320132353 1 975  443   16.15
200320132531 1 175  143   16.15
200320133072 1 975  143   16.15
200320133135 1 175  243   16.15
200320133518 1 975  443   16.15
200320133555 1 275  243   16.15
200320133825 1 275  143   16.15
200320133985 1 975  246  104.98
200320134300 1 175  143   16.15
200320134361 1 175  243   16.15
200320134411 1 175  243   16.15
200320134411 2 175  243   16.15
200320134564 1 175  243   16.15
200320135080 1 975  243   16.15
200320135166 1 175  243   16.15
200320135267 1 175  243   16.15
200320135915 1 975  243   16.15
200320136129 1 975  143   16.15
200320136276 1 175  243   16.15
200320136458 1 975  244  258.41
200320136529 1 975  243   16.15
200320136955 1 975  144  258.41
200320500125 1 176  343  105.29
200320500226 1 176  443  105.29
200320500382 1 176 1843  105.29
200320500420 1 176  343  105.29
200320500755 1 976  644  210.58
200320500843 1 176  343  105.29
200320501189 1 976  143  105.29
200320501228 1 176  243  105.29
200320501228 2 176  243  105.29
200320501368 1 176  543  105.29
200320501614 1 976  243  105.29
200320501699 1 176  343  105.29
200320501783 1 976  343  105.29
200320501844 1 976  343  105.29
200320501918 1 976  343  105.29
200320502156 1 976  344  210.58
200320502221 1 976  344  210.58
200320502306 1 976  243  105.29
200320502306 2 976  243  105.29
200320502501 1 976  146  105.29
200320514983 1 976  143  105.29
200320514983 2 976  143  105.29
200320808015 1 197  343   13.34
200320808023 1 197  343   13.34
200320808045 1 197  443   13.34
200320808077 1 297  243   13.34
200320808094 1 197  543   20.54
200320808478 1 196 1843   20.22
200320808540 1 196 4343   15.95
200320809146 1 996 2043   18.36
200320809177 1 996 2043   18.36
200320809418 1 197  243   13.34
200320809605 1 197  443   13.34
200320809790 1 196 1143   19.66
200320810036 1 996 1843   20.22
200320810036 2 996 1843   20.22
200320810126 1 196 4343   15.95
200320810553 1 196  143   20.00
200320811163 1 197  343   13.34
200320811320 1 196  643   18.37
200320820148 1 996 2043   18.36
200320820174 1 996 2043   18.36
200320820232 1 996 2043   18.36
200320820309 1 996 4343   15.95
200320820344 1 197  243   13.34
200320820580 1 197  343   13.34
200320820930 1 196 4343   15.95
200320820948 1 197  243   13.34
200320821014 1 297  343   13.34
200320821028 1 997  343   13.34
200320821066 1 197  343   13.34
200320821098 1 197  341   13.34
200320821171 1 197  443   13.34
200320821248 1 196 1143   19.66
200320821504 1 197  443   13.34
200320821635 1 996 2043   18.36
200320821909 1 197  143   13.34
200320822277 1 196 1843   20.22
200320822684 1 197  343   13.34
200320822711 1 997  343   13.34
200320822751 1 297  343   13.34
200320822788 1 197  443   13.34
200320822839 1 997  543   20.54
200320822840 1 196  143   20.00
200320823061 1 196 3344  259.12
200320823076 1 996 3343   19.19
200320823254 1 197  343   13.34
200320823254 2 197  343   13.34
200320823705 1 196  843   23.26
200320823832 1 196  843   23.26
200320824031 1 196 4343   15.95
200320824090 1 196 2043   18.36
200320824114 1 196 2043   18.36
200320824181 1 997  243   13.34
200320824191 1 997  543   20.54
200320824252 1 997  343   13.34
200320824280 1 997  343   13.34
200320824283 1 997  343   13.34
200320824300 1 997  443   13.34
200320824588 1 196  143   20.00
200320824875 1 196 1143   19.66
200320825228 1 196 2043   18.36
200320825294 1 996 2043   18.36
200320825320 1 196 2043   18.36
200320825401 1 997  143   13.34
200320825471 1 197  143   13.34
200320825471 2 997  143   13.34
200320825785 1 196 3343   19.19
200320826314 1 997  343   13.34
200320826330 1 997  343   13.34
200320826366 1 997  344  253.41
200320826596 1 196 1843   20.22
200320826651 1 196 2043   18.36
200320826745 1 196  643   18.37
200320826792 1 197  143   13.34
200320826859 1 997  143   13.34
200320826912 1 197  143   13.34
200320826994 1 197  343   13.34
200320827025 1 197  443   13.34
200320827027 1 997  443   13.34
200320827123 1 297  243   13.34
200320827171 1 196  143   20.00
200320827488 1 196 1143   19.66
200320827663 1 196 1143   19.66
200320827756 1 196 2043   18.36
200320827783 1 196 2043   18.36
200320827905 1 196  243   20.00
200320828051 1 197  143   13.34
200320828174 1 197  143   13.34
200320828228 1 297  243   13.34
200320828288 1 197  443   13.34
200320828318 1 197  344  253.41
200320828333 1 197  343   13.34
200320828529 1 196  143   20.00
200320828614 1 196 4343   15.95
200320828621 1 196 4343   15.95
200320828637 1 196 4343   15.95
200320828639 1 196 4343   15.95
200320828684 1 196 1844  257.79
200320828939 1 196  843   23.26
200320829044 1 996  845   85.29
200320829151 1 996 2044  256.97
200320829161 1 996 2043   18.36
200320829437 1 997  243   13.34
200320829678 1 196 2043   18.36
200320829708 1 196 2043   18.36
200320829772 1 297  443   13.34
200320829878 1 297  343   13.34
200320829902 1 197  343   13.34
200320829929 1 197  343   13.34
200320830129 1 196  643   18.37
200320830188 1 196 1843   20.22
200320830290 1 197  143   13.34
200320830411 1 297  143   13.34
200320830435 1 297  143   13.34
200320830487 1 997  243   13.34
200320830493 1 197  243   13.34
200320830549 1 297  443   13.34
200320830567 1 197  343   13.34
200320830573 1 197  343   13.34
200320830757 1 196  343   20.00
200320830825 1 196 1143   19.66
200320830860 1 196 1143   19.66
200320831035 1 196 2043   18.36
200320831316 1 996  843   23.26
200320831375 1 196 4343   15.95
200320831572 1 996 2043   18.36
200320831829 1 197  343   13.34
200320831877 1 197  343   13.34
200320831971 1 197  443   13.34
200320832214 1 196 4343   15.95
200320832496 1 196 2043   18.36
200320832531 1 996 2043   18.36
200320832557 1 997  243   13.34
200320832879 1 197  443   13.34
200320832879 2 197  443   13.34
200320832911 1 197  343   13.34
200320833081 1 196  843   23.26
200320833545 1 297  143   13.34
200320833558 1 997  143   13.34
200320833833 1 996  143   20.00
200320834036 1 996  644  257.13
200320834054 1 196  643   18.37
200320834143 1 196 1843   20.22
200320834162 1 196 4343   15.95
200320834403 1 196 2043   18.36
200320834422 1 996 2043   18.36
200320835061 1 196 4344  255.21
200320835083 1 197  143   13.34
200320835093 1 197  143   13.34
200320835249 1 197  243   13.34
200320835297 1 197  443   13.34
200320835301 1 197  443   13.34
200320835304 1 197  443   13.34
200320835337 1 197  343   13.34
200320835445 1 197  343   13.34
200320835678 1 196 2043   18.36
200320836144 1 196  343   20.00
200320836170 1 296 3343   19.19
200320836255 1 996 1843   20.22
200320836431 1 196 1145   85.21
200320836431 2 196 1145   85.21
200320836649 1 996 2043   18.36
200320836704 1 196 4343   15.95
200320836952 1 197  344  253.41
200320836962 1 997  343   13.34
200320837055 1 297  443   13.34
200320837075 1 997  243   13.34
200320837091 1 297  243   13.34
200320837095 1 297  244  253.41
200320837297 1 196  843   23.26
200320900640 1 178  543  132.76
200320900680 1 178  543  132.76
200321000145 1 979  143   22.19
200321000151 1 979  143   22.19
200321000217 1 979  143   22.19
200321000251 1 179  143   22.19
200321000265 1 979  144  255.16
200321000314 1 179  143   22.19
200321000433 1 179  143   22.19
200321000446 1 279  143   22.19
200321000454 1 179  143   22.19
200321000462 1 179  143   22.19
200321000547 1 979  143   22.19
200321000572 1 979  143   22.19
200321000640 1 979  144  255.16
200321000743 1 979  143   22.19
200321000805 1 979  143   22.19
200321100546 1 179  743   22.19
200321100975 1 179  743   22.19
200321101696 1 179  743   22.19
200321102019 1 179  743   22.19
200321102182 1 179  743   22.19
200321102187 1 979  743   22.19
200321102679 1 179  743   22.19
200321102684 1 179  743   22.19
200321102937 1 179  743   22.19
200321102937 2 179  743   22.19
200321103418 1 179  743   22.19
200321103602 1 179  743   22.19
200321103775 1 179  743   22.19
200321103941 1 179  743   22.19
200321104155 1 979  743   22.19
200321104184 1 979  743   22.19
200321104309 1 979  743   22.19
200321104503 1 179  743   22.19
200321105092 1 179  743   22.19
200321105116 1 979  743   22.19
200321105439 1 179  743   22.19
200321105679 1 979  743   22.19
200321105883 1 979  743   22.19
200321105887 1 979  743   22.19
200321106050 1 979  743   22.19
200321106053 1 179  743   22.19
200321106063 1 279  743   22.19
200321106204 1 179  743   22.19
200321106230 1 979  743   22.19
200321106240 1 179  743   22.19
200321106504 1 179  743   22.19
200321106586 1 179  743   22.19
200321106592 1 979  743   22.19
200321106600 1 979  743   22.19
200321106667 1 979  743   22.19
200321106674 1 179  743   22.19
200321106692 1 179  743   22.19
200321106849 1 179  743   22.19
200321106849 2 179  743   22.19
200321106849 3 179  743   22.19
200321106858 1 179  743   22.19
200321106967 1 179  143   22.19
200321106972 1 179  143   22.19
200321107127 1 979  746   99.85
200321107279 1 179  743   22.19
200321107427 1 179  743   22.19
200321107725 1 979  743   22.19
200321107788 1 979  744  255.16
200321107796 1 979  743   22.19
200321300185 1 179  743   22.19
200321500125 1 178  143   55.32
200321500355 1 178  143   55.32
200321500387 1 178  243   55.32
200321500406 1 178  343   55.32
200321500460 1 178  143   55.32
200321500460 2 978  143   55.32
200321500460 3 978  143   55.32
200321500460 4 978  143   55.32
200321500485 1 978  243   55.32
200321500541 1 978  143   55.32
200321500702 1 278  343   55.32
200321500722 1 178  143   55.32
200321500742 1 178  144  276.59
200321500819 1 178  144  276.59
200321500883 1 178  143   55.32
200321500883 2 178  143   55.32
200321500896 1 178  143   55.32
200321500908 1 178  143   55.32
200321501209 1 278  143   55.32
200321501295 1 178  143   55.32
200321501303 1 178  143   55.32
200321501396 1 278  143   55.32
200321501588 1 178  144  276.59
200321501762 1 178  243   55.32
200321501802 1 978  143   55.32
200321501802 2 978  143   55.32
200321501802 3 978  143   55.32
200321501830 1 278  143   55.32
200321501950 1 178  443   55.32
200321501969 1 178  143   55.32
200321502113 1 278  143   55.32
200321502196 1 178  143   55.32
200321502731 1 978  143   55.32
200321502864 1 178  143   55.32
200321502946 1 178  143   55.32
200321502946 2 178  143   55.32
200321502948 1 178  143   55.32
200321503067 1 178  143   55.32
200321503069 1 178  143   55.32
200321503071 1 178  143   55.32
200321503099 1 178  143   55.32
200321503130 1 178  243   55.32
200321503164 1 278  143   55.32
200321503170 1 178  143   55.32
200321503259 1 178  143   55.32
200321503334 1 178  143   55.32
200321503405 1 978  143   55.32
200321503504 1 178  144  276.59
200321503520 1 278  143   55.32
200321503527 1 178  143   55.32
200321503576 1 178  442   55.32
200321503594 1 178  143   55.32
200321503602 1 178  143   55.32
200321503767 1 178  143   55.32
200321503813 1 978  143   55.32
200321503939 1 178  243   55.32
200321504068 1 178  143   55.32
200321504079 1 278  143   55.32
200321504087 1 178  143   55.32
200321504258 1 178  143   55.32
200321504258 2 178  143   55.32
200321504282 1 178  242   55.32
200321700090 1 179  143   22.19
200321700311 1 179  143   22.19
200321700319 1 179  143   22.19
200321700452 1 979  143   22.19
200321700460 1 979  142   11.09
200321700484 1 179  141   11.09
200321700586 1 979  143   22.19
200321700587 1 979  144  255.16
200321700622 1 979  143   22.19
200321700667 1 979  143   22.19
200321800161 1 979  143   22.19
200321800187 1 979  143   22.19
200321800231 1 179  143   22.19
200321800345 1 179  143   22.19
200321800408 1 179  143   22.19
200321800585 1 279  143   22.19
200321800613 1 979  143   22.19
200321800811 1 979  143   22.19
200322000589 1 181  141    4.81
200322000589 2 181  141    4.81
200322001640 1 181  343   19.23
200322002798 1 981  543   19.23
200322003015 1 281  443   19.23
200322004094 1 981  343   19.23
200322004620 1 181  743   20.75
200322004672 1 381  142    4.81
200322004673 1 281  141    4.81
200322004748 1 181  344  259.61
200322005048 1 981  143   19.23
200322005213 2 181  241    4.81
200322006656 1 181  143   19.23
200322006683 1 281  143   19.23
200322007999 1 181  743   20.75
200322009140 1 181  743   20.75
200322009165 1 181  442    2.40
200322009328 1 181  243   19.23
200322010994 1 181  242    4.81
200322011509 1 981  141    4.81
200322011863 1 981  743   20.75
200322300723 1 182  143   21.89
200322300940 1 182  144  262.66
200322300942 1 182  146  103.97
200322300947 1 182  143   21.89
200322301003 1 182  143   21.89
200322301245 1 182  143   21.89
200322301557 1 982  143   21.89
200322302057 1 182  143   21.89
200322302451 1 282  143   21.89
200322302613 1 182  144  262.66
200322302948 1 982  143   21.89
200322302957 1 982  143   21.89
200322303264 1 182  143   21.89
200322303281 1 182  143   21.89
200322303316 1 982  146  103.97
200322303475 1 182  143   21.89
200322303564 1 282  143   21.89
200322303573 1 182  143   21.89
200322303602 1 182  143   21.89
200322303842 1 182  143   21.89
200322303859 1 982  143   21.89
200322304149 1 182  143   21.89
200322304189 1 282  143   21.89
200322304237 1 982  143   21.89
200322304485 1 282  143   21.89
200322304529 1 182  143   21.89
200322304871 1 182  143   21.89
200322305110 1 982  143   21.89
200322305123 1 182  143   21.89
200322305297 1 982  143   21.89
200322305403 1 982  143   21.89
200322305674 1 182  142    5.47
200322305977 1 182  142    5.47
200322306022 1 182  143   21.89
200322306281 1 982  143   21.89
200322306335 1 982  143   21.89
200322306674 1 282  143   21.89
200322306713 1 282  143   21.89
200322306930 1 982  143   21.89
200322306969 1 982  143   21.89
200322307272 1 982  143   21.89
200322307278 1 982  142    5.47
200322307297 1 282  143   21.89
200322307563 1 282  143   21.89
200322307847 1 182  143   21.89
200322308093 1 182  143   21.89
200322308099 1 282  143   21.89
200322308127 1 182  143   21.89
200322308136 1 182  143   21.89
200322308136 2 182  143   21.89
200322308195 1 182  143   21.89
200322308393 1 182  143   21.89
200322308416 1 182  143   21.89
200322308487 1 182  143   21.89
200322308716 1 282  143   21.89
200322308945 1 182  143   21.89
200322309338 1 282  143   21.89
200322309364 1 182  143   21.89
200322309381 1 182  143   21.89
200322309584 1 982  144  262.66
200322309633 1 982  143   21.89
200322309729 1 282  143   21.89
200322309763 1 182  143   21.89
200322309912 1 282  143   21.89
200322310281 1 182  143   21.89
200322310314 1 182  143   21.89
200322310628 1 182  143   21.89
200322310673 1 982  143   21.89
200322310893 1 182  143   21.89
200322310910 1 182  143   21.89
200322311399 1 182  143   21.89
200322311527 1 982  143   21.89
200322311865 1 182  143   21.89
200322311938 1 182  143   21.89
200322312192 1 982  143   21.89
200322312241 1 982  143   21.89
200322312564 1 182  143   21.89
200322312564 2 182  143   21.89
200322312639 1 182  143   21.89
200322312725 1 182  143   21.89
200322312850 1 182  144  262.66
200322312933 1 182  143   21.89
200322313199 1 182  143   21.89
200322313456 1 182  143   21.89
200322313486 1 982  143   21.89
200322313535 1 982  143   21.89
200322313705 1 982  144  262.66
200322313764 1 982  143   21.89
200322313787 1 982  143   21.89
200322313878 1 982  143   21.89
200322314134 1 182  143   21.89
200322314273 1 982  143   21.89
200322314579 1 182  143   21.89
200322314978 1 982  143   21.89
200322403304 1 182  143   21.89
200322403362 1 182  143   21.89
200324100124 1 147  233   19.61
200324101453 1 147  233   19.61
200324101562 1 147  133   19.61
200324101804 1 147  333   19.61
200326800231 1 111  123   19.05
200326800297 1 111  123   19.05
200326800625 1 111  123   19.05
200326800815 1 111  123   19.05
200326800826 1 111  123   19.05
200326800952 1 111  123   19.05
200326801209 1 111  124  266.71
200326801273 1 111  123   19.05
200326801959 1 111  123   19.05
200326802229 1 111  123   19.05
200326802254 1 111  423   19.05
200326802302 1 111  723   48.99
200327600489 1 1 9 1333   24.30
200327600622 1 1 9 1336   97.18
200327600890 1 2 9 1333   24.30
200327600924 1 1 9 1333   24.30
200327601015 1 1 9 1333   24.30
200327601016 1 9 9 1333   24.30
200327601245 1 1 9  733   19.19
200327601884 1 1 9  833   23.63
200327602081 1 1 9  733   19.19
200327602202 1 9 9  833   23.63
200327700227 1 1 9  533   19.19
200327700964 1 1 9  533   19.19
200327701210 1 1 9  533   19.19
200327701863 1 1 9  533   19.19
200327801526 1 1 9  231    4.80
200327900224 1 1 9  433   19.19
200327900409 1 1 9  333   19.19
200327900442 1 1 9  433   19.19
200327900576 1 1 9  433   19.19
200327901052 1 1 9  433   19.19
200327901236 1 9 9  433   19.19
200327901420 1 1 9  433   19.19
200327901506 1 1 9  433   19.19
200327901953 1 9 9  433   19.19
200327901997 1 9 9  434  259.07
200327902067 1 1 9  433   19.19
200327902615 1 1 9  333   19.19
200327902668 1 1 9  533   19.19
200327903200 1 1 9  533   19.19
200327903794 1 1 9  533   19.19
200327903794 2 1 9  533   19.19
200327903794 3 1 9  533   19.19
200327903936 1 1 9  533   19.19
200329905131 1 1 1  113   33.89
200329907044 1 1 1  713   33.89
200329907147 1 1 1  114  271.10
200329907602 1 1 1  113   33.89
200329907604 1 1 1  113   33.89
200329907609 1 1 1  113   33.89
200329907902 1 2 1  813   33.89
200329907907 1 1 1  813   33.89
200329908125 1 1 1  113   33.89
200329908265 1 1 1  813   33.89
200329908498 1 2 1  813   33.89
200329908498 1 8 1  813   33.89
200329908656 1 1 1  413   33.89
200329909050 1 1 1  213   33.89
200330003186 1 1 7  313   18.79
200330003406 1 1 7  313   18.79
200330003447 1 1 7  113   18.79
200330003591 1 1 7 1613   76.73
200330003632 1 1 7  314  263.11
200330003635 1 1 7  313   18.79
200330003830 1 1 7 1013   52.04
200330003840 1 1 7 1013   52.04
200330003842 1 1 7 1013   52.04
200330003967 1 1 7  312    9.40
200330004184 1 1 7 1613   76.73
200330004209 1 1 7  813   34.57
200330004235 1 1 7  313   18.79
200330004262 1 1 7  113   18.79
200330004319 1 1 7 1013   52.04
200330004365 1 1 7  313   18.79
200330004470 1 1 7  113   18.79
200330004526 1 1 7  313   18.79
200330004551 1 1 7  513   19.32
200330004554 1 1 7 3013  121.15
200330004616 1 1 7  313   18.79
200330004616 2 1 7  313   18.79
200330004662 1 1 7  813   34.57
200330004744 1 1 7  313   18.79
200330004758 1 1 7 1613   76.73
200330004758 2 1 7 1613   76.73
200330004781 1 1 7 1613   76.73
200330004940 1 1 7  213   18.79
200330004942 1 1 7 3013  121.15
200330004974 1 1 7  113   18.79
200330005079 1 1 7  514  251.14
200330005114 1 9 7  314  263.11
200330005284 1 1 7  513   19.32
200330005293 1 1 7  313   18.79
200330005465 1 1 7 1613   76.73
200330005530 1 1 7  114  263.11
200330005568 1 9 7  814  276.59
200330005572 1 1 7  512   19.32
200330005592 1 9 7  313   18.79
200330005721 1 1 7  313   18.79
200330005809 1 1 7  113   18.79
200330005886 1 1 7  313   18.79
200330006084 1 1 7 1013   52.04
200330006229 1 1 7  313   18.79
200330006232 1 1 7  313   18.79
200330006348 1 1 7 1013   52.04
200330006392 1 1 7 1013   52.04
200330006568 1 1 7 1613   76.73
200330006762 1 1 7  313   18.79
200330006847 1 1 7  113   18.79
200330006847 2 1 7  113   18.79
200330006864 1 1 7 1013   52.04
200330006936 1 1 7  314  263.11
200330209340 1 123  211    2.14
200330209340 2 123  211    2.14
200330209858 1 123  113   21.38
200330210438 1 123  113   21.38
200330210439 1 123  113   21.38
200330210466 1 123  113   21.38
200330211078 1 123  113   21.38
200330211400 1 123  114  256.57
200330211416 1 123  113   21.38
200330211422 1 123  113   21.38
200330211890 1 123  213   19.24
200330212060 1 123  111   21.38
200330212099 1 123  113   21.38
200330212111 1 923  113   21.38
200330212280 1 123  613   17.87
200330212313 1 123  113   21.38
200330212748 1 123  113   21.38
200330212922 1 123  412    2.14
200330212999 1 123  113   21.38
200330213049 1 123  613   17.87
200330213049 2 123  613   17.87
200330213071 1 123  913   21.42
200330213372 1 123  113   21.38
200330213439 1 123  113   21.38
200330213453 1 123  113   21.38
200330213649 1 223  213   19.24
200330213798 1 123  111   21.38
200330213798 2 123  111   21.38
200330213798 3 123  111   21.38
200330214323 1 123  114  256.57
200330214353 1 123  113   21.38
200330214384 1 223  113   21.38
200330214400 1 123  113   21.38
200330214415 1 123  113   21.38
200330214603 1 923  113   21.38
200330214609 1 123  113   21.38
200330214734 1 123  113   21.38
200330214758 1 123  113   21.38
200330214761 1 123  114  256.57
200330214925 1 223  213   19.24
200330215301 1 123  113   21.38
200330215865 1 223  113   21.38
200330215883 1 123  113   21.38
200330216163 1 123  313   19.24
200330216262 1 123  112   21.38
200330216352 1 123  113   21.38
200330216352 2 123  113   21.38
200330216905 1 123  113   21.38
200330216965 1 123  113   21.38
200330216994 1 923  113   21.38
200330217049 1 123  113   21.38
200330217261 1 123  113   21.38
200330217314 1 123  113   21.38
200330217322 1 123  113   21.38
200330217323 1 123  113   21.38
200330217325 1 123  112   21.38
200330217705 1 123  116  106.91
200330217760 1 123  113   21.38
200330218018 1 123  113   21.38
200330218024 1 123  116  106.91
200330307989 1 124 1214  279.81
200330308017 1 124  913   28.45
200330308073 1 124  713   17.39
200330308135 1 125  613   40.61
200330308223 1 124  914  256.02
200330308285 1 124  513   17.10
200330308292 1 124 1213   39.97
200330308517 1 124  913   28.45
200330308519 1 124  913   28.45
200330308551 1 125 1413  107.09
200330308569 1 125  213   24.14
200330308595 1 125  614  243.68
200330308731 1 125  112   12.07
200330308777 1 225 1413  107.09
200330308858 1 124  213   16.67
200330308858 2 124  213   16.67
200330309075 1 125  614  243.68
200330309195 1 125  714  271.03
200330309350 1 125  614  243.68
200330309422 1 125  113   24.14
200330309601 1 125  213   24.14
200330309642 1 124  713   17.39
200330310331 1 124  513   17.10
200330310793 1 125  714  271.03
200330310942 1 125 1414  214.19
200330311083 1 225  113   24.14
200330311158 1 124  513   17.10
200330311269 1 125 1414  214.19
200330311308 1 124  713   17.39
200330311317 1 124  713   17.39
200330311333 1 124  713   17.39
200330311385 1 124  913   28.45
200330311568 1 124 1213   39.97
200330311628 1 125  714  271.03
200330311628 2 125  714  271.03
200330311847 1 124  714  260.84
200330311965 1 124 1213   39.97
200330312000 1 124  113   16.72
200330312056 1 125  213   24.14
200330312105 1 125  714  271.03
200330312115 1 125  714  271.03
200330312147 1 125  713   45.17
200330312287 1 125  113   24.14
200330312327 1 124 1213   39.97
200330312336 1 124 1213   39.97
200330312373 1 124  213   16.67
200330312646 1 124  713   17.39
200330312738 1 124  714  260.84
200330312896 1 225  714  271.03
200330312910 1 125 1414  214.19
200330313226 1 125  614  243.68
200330313453 1 124  913   28.45
200330313603 1 124  214  266.74
200330313622 1 124  213   16.67
200330313701 1 125  614  243.68
200330313795 1 124  913   28.45
200330313882 1 124  914  256.02
200330313918 1 124  113   16.72
200330313993 1 125  113   24.14
200330314023 1 125 1414  214.19
200330314142 1 125  613   40.61
200330314208 1 124 1214  279.81
200330314209 1 124 1213   39.97
200330314429 1 125  113   24.14
200330314482 1 125  213   24.14
200330314521 1 125  714  271.03
200330314558 1 124  213   16.67
200330314683 1 124 1213   39.97
200330314781 1 124  713   17.39
200330314804 1 124  913   28.45
200330314804 2 124  913   28.45
200330314817 1 124  913   28.45
200330314883 1 125  713   45.17
200330314898 1 125  713   45.17
200330315154 1 124  213   16.67
200330413876 1 133  623   18.75
200330413876 2 133  623   18.75
200330414435 1 133  622    9.37
200330415798 1 133  823   18.77
200330416257 1 133 1623   22.77
200330417234 1 133  123   18.47
200330417664 1 133  323   18.47
200330418339 1 133  123   18.47
200330418609 1 133  623   18.75
200330418666 1 133  623   18.75
200330419194 1 133  823   18.77
200330419531 1 133  623   18.75
200330419867 1 133  224  258.53
200330421596 1 133  322    4.62
200330422246 1 933 1624  250.49
200330422386 1 133  323   18.47
200330422853 1 133  623   18.75
200330423859 1 133 1224  256.11
200330425042 1 933  423   18.47
200330425188 1 133  623   18.75
200330425384 1 133  123   18.47
200330425538 1 133 1623   22.77
200330426252 1 133 1224  256.11
200330426610 1 133 1623   22.77
200330427433 1 133  823   18.77
200330607814 1 947  233   19.61
200330608673 1 847  233   19.61
200330711716 1 150  333   18.41
200330712004 1 950  533   18.41
200330712461 1 950  432    4.60
200330713229 1 150  433   18.41
200330812953 1 191  423   21.98
200330813627 1 191 1423   17.64
200330813942 1 991 3223   20.73
200330815092 1 991  323   22.56
200330815175 1 19111323   30.41
200330815260 1 991 3223   20.73
200330815352 1 191  923   19.88
200330816146 1 991 5523   16.07
200330816257 1 991  923   19.88
200330816590 1 991 3222   10.36
200330816608 1 991 3223   20.73
200330816662 1 191 1923   20.39
200330816788 1 291 2423   22.56
200330817050 1 991  423   21.98
200330817247 1 991 6723   21.53
200330817449 1 991  323   22.56
200330817784 1 191  423   21.98
200330818135 1 991 4623   14.80
200330818227 1 991  123   19.55
200330818517 1 99111223   30.41
200330818662 1 191  723   22.64
200330818695 1 991 5523   16.07
200330818703 1 191 5523   16.07
200330818713 1 191 5523   16.07
200330818729 1 191 5523   16.07
200330818811 1 191 1523   20.67
200330818915 1 191 3223   20.73
200330818946 1 991 4623   14.80
200330818952 1 191 4623   14.80
200330819540 1 991 1423   17.64
200330819902 1 191 2423   22.56
200330820426 1 191  923   19.88
200330820516 1 191 4623   14.80
200330820539 1 191 4623   14.80
200330820717 1 991  323   22.56
200330820876 1 991 1423   17.64
200330820876 2 991 1423   17.64
200330821403 1 191  923   19.88
200330821512 1 99111223   30.41
200330821512 2 99111223   30.41
200330821594 1 19111323   30.41
200330821740 1 991 2423   22.56
200330821849 1 191 2423   22.56
200330822124 1 191 1523   20.67
200330822314 1 991 4623   14.80
200330822401 1 991 1423   17.64
200330822401 2 991 1423   17.64
200330822562 1 991  323   22.56
200330822562 2 991  323   22.56
200330822650 1 191  923   19.88
200330822930 1 991 1923   20.39
200330823320 1 191 3223   20.73
200330823364 1 191 3223   20.73
200330823364 2 191 3223   20.73
200330823372 1 991 4623   14.80
200330823412 1 191 4623   14.80
200330823504 1 191 6723   21.53
200330823749 1 191  923   19.88
200330824226 1 991  323   22.56
200330824369 1 191  123   19.55
200330824642 1 991 1523   20.67
200330825235 1 991  423   21.98
200330825888 1 191  723   22.64
200330826081 1 191 1423   17.64
200330826430 1 991  423   21.98
200330826781 1 191 3223   20.73
200330826818 1 191 3223   20.73
200330827023 1 391 2423   22.56
200330827292 1 991 5523   16.07
200330827308 1 191 5523   16.07
200330827382 1 191 5523   16.07
200330827591 1 191  923   19.88
200330827817 1 991 6723   21.53
200330827828 1 191 6723   21.53
200331103530 1 122  813   88.51
200331104106 1 122  113   29.32
200331104189 1 122  813   88.51
200331104190 1 222  813   88.51
200331104388 1 122  813   88.51
200331104526 1 122  113   29.32
200331104626 1 122  813   88.51
200331104667 1 922  613   60.61
200331104846 1 122  613   60.61
200331104917 1 922  113   29.32
200331105024 1 122  813   88.51
200331105025 1 122  813   88.51
200331105090 1 122  613   60.61
200331105107 1 122  813   88.51
200331105363 1 122  613   60.61
200331105394 1 122  813   88.51
200331105425 1 922  113   29.32
200331105430 1 922  113   29.32
200331106320 1 122  113   29.32
200331106367 1 122  113   29.32
200331106432 1 122  814  265.53
200331106476 1 122  113   29.32
200331106602 1 122  113   29.32
200331209464 1 126  913   25.02
200331210023 1 126  113   21.22
200331210704 1 126  913   25.02
200331211873 1 126  211    4.24
200331212378 1 126  313   16.66
200331212945 1 126  211    4.24
200331213048 1 126  313   16.66
200331213208 1 126  313   16.66
200331213759 1 126  713   15.80
200331214344 1 126  913   25.02
200331214669 1 126  313   16.66
200331214825 1 126  913   25.02
200331214893 1 126  313   16.66
200331214950 1 226  113   21.22
200331215673 1 226  213   21.22
200331215959 1 126  313   16.66
200331216347 1 126  313   16.66
200331216394 1 126 1313   33.33
200331216394 2 126 1313   33.33
200331216572 1 126  913   25.02
200331217177 1 126 1313   33.33
200331217781 1 126  113   21.22
200331313361 1 827  133   18.16
200331313404 1 127  133   18.16
200331313532 1 127  233   18.16
200331313925 1 127  133   18.16
200331314081 1 127  333   18.16
200331314269 1 127  233   18.16
200331314479 1 127  233   18.16
200331314642 1 127  133   18.16
200331314721 1 127  133   18.16
200331314909 1 127  134  263.29
200331315351 1 127  233   18.16
200331315543 1 127  133   18.16
200331315634 1 127  133   18.16
200331316114 1 127  133   18.16
200331316158 1 127  133   18.16
200331316361 1 127  133   18.16
200331316389 1 127  133   18.16
200331316389 2 127  133   18.16
200331316405 1 127  133   18.16
200331316460 1 127  133   18.16
200331316544 1 127  233   18.16
200331316572 1 127  232    9.08
200331317155 1 127  134  263.29
200331317179 1 127  133   18.16
200331317213 1 127  133   18.16
200331317257 1 127  134  263.29
200331317557 1 127  233   18.16
200331317681 1 127  233   18.16
200331317990 1 127  133   18.16
200331318000 1 127  133   18.16
200331318053 1 127  133   18.16
200331318082 1 127  133   18.16
200331318137 1 127  134  263.29
200331318199 1 127  133   18.16
200331318384 1 127  233   18.16
200331318525 1 127  133   18.16
200331318622 1 127  233   18.16
200331318622 2 127  233   18.16
200331318954 1 127  233   18.16
200331318995 1 127  333   18.16
200331319161 1 127  133   18.16
200331319215 1 127  133   18.16
200331319237 1 127  133   18.16
200331319237 2 127  133   18.16
200331319301 1 127  132    9.08
200331319367 1 127  133   18.16
200331319467 1 127  133   18.16
200331319989 1 127  133   18.16
200331320139 1 127  133   18.16
200331320332 1 827  233   18.16
200331320403 1 127  233   18.16
200331320608 1 127  133   18.16
200331320644 1 127  133   18.16
200331320814 1 127  133   18.16
200331320859 1 127  132    9.08
200331321083 1 127  233   18.16
200331321446 1 127  233   18.16
200331321592 1 127  432    9.08
200331321592 2 127  432    9.08
200331321661 1 927  133   18.16
200331321661 2 927  133   18.16
200331321705 1 127  133   18.16
200331321716 1 127  133   18.16
200331321800 1 127  134  263.29
200331321838 1 127  133   18.16
200331321863 1 127  136  108.95
200331321948 1 127  233   18.16
200331322409 1 127  133   18.16
200331322431 1 127  133   18.16
200331322531 1 127  133   18.16
200331322536 1 127  133   18.16
200331322774 1 127  133   18.16
200331322827 1 227  133   18.16
200331323032 1 127  233   18.16
200331323586 1 127  133   18.16
200331323602 1 127  133   18.16
200331323723 1 127  133   18.16
200331323796 1 127  233   18.16
200331323871 1 127  233   18.16
200331323978 1 127  233   18.16
200331324160 1 127  233   18.16
200331324519 1 127  133   18.16
200331324614 1 127  133   18.16
200331324618 1 127  133   18.16
200331324700 1 127  133   18.16
200331324864 1 127  233   18.16
200331325347 1 127  233   18.16
200331325390 1 127  132    9.08
200331325432 1 127  132    9.08
200331325585 1 127  133   18.16
200331325689 1 127  132    9.08
200331325730 1 127  133   18.16
200331325830 1 127  133   18.16
200331325994 1 127  233   18.16
200331401543 1 128  132  161.62
200331401591 1 128  333  161.62
200331401786 1 128  133  161.62
200331401887 1 128  133  161.62
200331401943 1 928  134  323.24
200331515364 1 130  123   22.64
200331515436 1 130  221    3.40
200331515611 1 130  123   22.64
200331515790 1 130  223   20.40
200331516310 1 930  123   22.64
200331516357 1 930  123   22.64
200331516639 1 130  123   22.64
200331516681 1 130  123   22.64
200331516990 1 130  123   22.64
200331517627 1 130  123   22.64
200331518864 1 130  123   22.64
200331518866 1 130  123   22.64
200331518908 1 130  123   22.64
200331519182 1 130  124  260.35
200331519303 1 929  223   17.18
200331519623 1 230  123   22.64
200331519911 1 130  123   22.64
200331520033 1 130  123   22.64
200331520124 1 131  124  246.10
200331520213 1 130  123   22.64
200331520755 1 130  123   22.64
200331521332 1 130  123   22.64
200331521443 1 130  223   20.40
200331521513 1 129  123   17.18
200331521688 1 130  122   11.32
200331522183 1 130  123   22.64
200331522506 1 130  123   22.64
200331522694 1 930  123   22.64
200331522785 1 130  123   22.64
200331522910 1 130  123   22.64
200331522997 1 130  123   22.64
200331523264 1 130  123   22.64
200331523511 1 130  123   22.64
200331523564 1 930  121   11.32
200331523590 1 130  123   22.64
200331523608 1 130  123   22.64
200331523641 1 130  223   20.40
200331523787 1 930  123   22.64
200331523787 2 930  123   22.64
200331523787 3 930  123   22.64
200331523814 1 930  124  260.35
200331524099 1 130  123   22.64
200331524234 1 930  123   22.64
200331525052 1 130  123   22.64
200331525082 1 130  123   22.64
200331525097 1 130  123   22.64
200331525216 1 931  123   61.52
200331525278 1 930  123   22.64
200331525637 1 130  123   22.64
200331525924 1 130  123   22.64
200331526202 1 930  123   22.64
200331526400 1 130  123   22.64
200331526748 1 130  123   22.64
200331526905 1 930  123   22.64
200331527416 1 130  123   22.64
200331527596 1 130  123   22.64
200331527758 1 930  223   20.40
200331527935 1 130  123   22.64
200331528241 1 930  123   22.64
200331528241 2 930  123   22.64
200331528261 1 930  123   22.64
200331529191 1 130  123   22.64
200331529191 2 130  123   22.64
200331529290 1 130  223   20.40
200331529753 1 130  123   22.64
200331704862 1 144  236   90.19
200331704866 1 144  234  270.56
200331705690 1 144  233   45.09
200331705797 1 144  133   45.09
200331706271 1 144  133   45.09
200331706360 1 144  233   45.09
200331706694 1 144  133   45.09
200331706752 1 144  133   45.09
200331706752 2 144  133   45.09
200331706843 1 144  133   45.09
200331707194 1 144  333   45.09
200331707194 2 144  333   45.09
200331707628 1 144  233   45.09
200331707823 1 144  233   45.09
200331708619 1 144  134  270.56
200331806582 1 146  133   22.46
200331807107 1 146  133   22.46
200331807107 2 146  133   22.46
200331807494 1 146  733   52.01
200331807498 1 146  733   52.01
200331807824 1 146  333   22.46
200331807883 1 146  133   22.46
200331807883 2 146  133   22.46
200331808170 1 146  433   22.46
200331808226 1 146  131   22.46
200331808289 1 146  536  112.32
200331808489 1 146  133   22.46
200331808921 1 146  533   22.46
200331809156 1 146  132   22.46
200331809216 1 146  334  269.57
200331809572 1 146  135   89.86
200331809578 1 146  131   22.46
200331809578 2 146  131   22.46
200331809648 1 146  133   22.46
200331809908 1 146  132   22.46
200331809908 2 146  132   22.46
200331809908 3 146  132   22.46
200331810072 1 146  133   22.46
200331810335 1 146  333   22.46
200331810496 1 146  433   22.46
200331810637 1 146  133   22.46
200331810637 2 146  133   22.46
200331810730 1 146  733   52.01
200331810789 1 146  533   22.46
200331810848 1 146  133   22.46
200331811000 1 146  433   22.46
200331811069 1 146  433   22.46
200331811303 1 246  533   22.46
200331811463 1 146  433   22.46
200331811602 1 146  333   22.46
200331811733 1 146  233   22.46
200331811823 1 146  533   22.46
200331812670 1 146  433   22.46
200332004548 1 161  233   34.72
200332004552 1 161  233   34.72
200332004564 1 161  233   34.72
200332004570 1 161  233   34.72
200332004593 1 161  333   34.72
200332004594 1 261  333   34.72
200332004594 2 261  333   34.72
200332004605 1 261  133   34.72
200332004633 1 161  133   34.72
200332004638 1 161  133   34.72
200332004656 1 161  133   34.72
200332004657 1 161  133   34.72
200332004713 1 161  133   34.72
200332004714 1 261  133   34.72
200332004742 1 161  333   34.72
200332004744 1 161  333   34.72
200332004744 2 161  333   34.72
200332004744 3 161  333   34.72
200332004744 4 161  333   34.72
200332004744 5 161  333   34.72
200332004777 1 161  232   34.72
200332004815 1 161  133   34.72
200332004843 1 161  233   34.72
200332004871 1 161  433   34.72
200332004923 1 161  333   34.72
200332004929 1 161  333   34.72
200332004976 1 161  133   34.72
200332004984 1 161  133   34.72
200332004990 1 161  133   34.72
200332005035 1 161  233   34.72
200332005047 1 161  333   34.72
200332005078 1 161  133   34.72
200332005125 1 161  233   34.72
200332005128 1 161  233   34.72
200332005139 1 161  236  104.14
200332005139 2 161  236  104.14
200332005139 3 161  236  104.14
200332005139 4 161  236  104.14
200332005151 1 261  133   34.72
200332005184 1 161  433   34.72
200332005215 1 161  236  104.14
200332005229 1 161  133   34.72
200332005230 1 161  133   34.72
200332005267 1 161  233   34.72
200332005267 2 161  233   34.72
200332005267 3 161  233   34.72
200332005315 1 161  133   34.72
200332005316 1 161  133   34.72
200332005318 1 161  133   34.72
200332005322 1 161  133   34.72
200332005332 1 161  133   34.72
200332005334 1 161  133   34.72
200332005379 1 161  133   34.72
200332005430 1 161  233   34.72
200332005451 1 161  433   34.72
200332005463 1 161  133   34.72
200332005464 1 161  133   34.72
200332005467 1 161  133   34.72
200332005486 1 161  133   34.72
200332005503 1 161  233   34.72
200332005543 1 161  633   34.72
200332005546 1 161  134  243.00
200332005564 1 161  133   34.72
200332005565 1 161  133   34.72
200332005590 1 161  233   34.72
200332005619 1 161  133   34.72
200332005669 1 161  233   34.72
200332005689 1 161  233   34.72
200332005693 1 161  433   34.72
200332005693 2 161  433   34.72
200332005753 1 161  334  243.00
200332005808 1 161  133   34.72
200332005824 1 161  433   34.72
200332005875 1 161  134  243.00
200332005887 1 161  136  104.14
200332005889 1 161  133   34.72
200332005897 1 161  133   34.72
200332005930 1 161  233   34.72
200332005930 2 161  233   34.72
200332005948 1 161  133   34.72
200332005985 1 161  233   34.72
200332006059 1 161  136  104.14
200332006065 1 161  133   34.72
200332006151 1 261  133   34.72
200332006196 1 161  233   34.72
200332006224 1 261  133   34.72
200332006226 1 161  133   34.72
200332006259 1 161  132   34.72
200332006289 1 161  133   34.72
200332006371 1 161  133   34.72
200332006394 1 161  133   34.72
200332006401 1 161  133   34.72
200332006476 1 161  133   34.72
200332006504 1 161  433   34.72
200332006507 1 161  433   34.72
200332006507 2 161  433   34.72
200332006578 1 161  133   34.72
200332006587 1 161  133   34.72
200332006603 1 161  233   34.72
200332006685 1 161  533   34.72
200332006767 1 361  133   34.72
200332006857 1 161  133   34.72
200332007052 1 161  133   34.72
200332007063 1 161  433   34.72
200332007068 1 161  233   34.72
200332007136 1 161  233   34.72
200332007177 1 161  133   34.72
200332007181 1 161  133   34.72
200332007208 1 161  136  104.14
200332007227 1 161  133   34.72
200332007255 1 261  133   34.72
200332007280 1 161  133   34.72
200332007304 1 161  333   34.72
200332007329 1 161  233   34.72
200332007347 1 961  233   34.72
200332007358 1 961  233   34.72
200332007388 1 161  133   34.72
200332007406 1 161  133   34.72
200332007415 1 261  133   34.72
200332007507 1 161  533   34.72
200332007510 1 161  534  243.00
200332007522 1 161  233   34.72
200332007543 1 961  433   34.72
200332007582 1 161  233   34.72
200332007615 1 961  133   34.72
200332007672 1 261  133   34.72
200332007683 1 161  133   34.72
200332007687 1 961  233   34.72
200332007691 1 161  233   34.72
200332007761 1 161  133   34.72
200332007763 1 161  133   34.72
200332007817 1 161  233   34.72
200332007830 1 161  133   34.72
200332007843 1 161  133   34.72
200332007871 1 161  236  104.14
200332007903 1 161  533   34.72
200332007923 1 161  133   34.72
200332007984 1 161  333   34.72
200332008052 1 161  133   34.72
200332008052 2 161  133   34.72
200332008060 1 161  133   34.72
200332008077 1 161  233   34.72
200332008182 1 161  433   34.72
200332008204 1 161  133   34.72
200332008282 1 161  136  104.14
200332008287 1 161  133   34.72
200332008298 1 161  134  243.00
200332008300 1 161  133   34.72
200332008341 1 161  433   34.72
200332008342 1 161  433   34.72
200332008402 1 961  233   34.72
200332008485 1 161  133   34.72
200332008530 1 161  233   34.72
200332008539 1 161  133   34.72
200332008545 1 161  133   34.72
200332008567 1 161  133   34.72
200332008567 2 161  133   34.72
200332008586 1 961  233   34.72
200332008624 1 161  133   34.72
200332008642 1 161  133   34.72
200332113076 1 163  133   13.96
200332113463 1 963  133   13.96
200332113479 1 963  133   13.96
200332113753 1 163  133   13.96
200332113887 1 163  133   13.96
200332114296 1 163  133   13.96
200332114366 1 962  133   24.55
200332114824 1 262  333   24.55
200332114851 1 162  633   40.03
200332114987 1 163  133   13.96
200332115033 1 163  133   13.96
200332115056 1 163  133   13.96
200332115139 1 962  333   24.55
200332115821 1 162  233   24.55
200332116034 1 162  431   24.55
200332116075 1 963  133   13.96
200332116195 1 163  133   13.96
200332116310 1 163  133   13.96
200332116436 1 162  133   24.55
200332116436 2 962  133   24.55
200332116478 1 162  332   24.55
200332116519 1 162  233   24.55
200332116625 1 163  133   13.96
200332117022 1 162  633   40.03
200332117441 1 162  433   24.55
200332117526 1 163  133   13.96
200332117848 1 263  133   13.96
200332117859 1 163  133   13.96
200332117889 1 163  133   13.96
200332118269 1 162  233   24.55
200332118393 1 163  133   13.96
200332118398 1 163  133   13.96
200332118794 1 162  133   24.55
200332118959 1 163  133   13.96
200332119143 1 163  133   13.96
200332119157 1 163  133   13.96
200332119418 1 163  133   13.96
200332119866 1 162  433   24.55
200332119908 1 163  133   13.96
200332119934 1 163  133   13.96
200332120025 1 163  133   13.96
200332120095 1 262  131   24.55
200332120095 2 262  131   24.55
200332120095 3 262  131   24.55
200332120095 4 262  131   24.55
200332120095 5 262  131   24.55
200332120095 6 262  131   24.55
200332120400 1 963  133   13.96
200332120632 1 962  433   24.55
200332120645 1 962  834  283.39
200332120890 1 963  133   13.96
200332121053 1 163  134  265.28
200332121089 1 163  134  265.28
200332121271 1 163  133   13.96
200332121275 1 163  133   13.96
200332121464 1 162  233   24.55
200332121500 1 162  334  270.08
200332121675 1 163  133   13.96
200332121761 1 162  435   73.66
200332121815 1 163  133   13.96
200332121853 1 163  133   13.96
200332122036 1 163  133   13.96
200332122193 1 963  133   13.96
200332122196 1 963  133   13.96
200332122316 1 163  133   13.96
200332122358 1 163  133   13.96
200332122364 1 163  133   13.96
200332122425 1 162  233   24.55
200332122492 1 163  133   13.96
200332123177 1 163  133   13.96
200332210280 1 164  135   84.96
200332212726 1 164  133   18.88
200332212821 1 164  133   18.88
200332213157 1 164  133   18.88
200332213357 1 964  133   18.88
200332213788 1 964  133   18.88
200332214140 1 164  133   18.88
200332214288 1 164  133   18.88
200332214410 1 964  133   18.88
200332214828 1 164  133   18.88
200332214949 1 164  133   18.88
200332215118 1 164  133   18.88
200332215586 1 164  133   18.88
200332215601 1 964  133   18.88
200332215620 1 164  133   18.88
200332216230 1 164  133   18.88
200332216994 1 964  133   18.88
200332217073 1 164  133   18.88
200332217845 1 164  133   18.88
200332218026 1 164  133   18.88
200332218362 1 164  233   18.88
200332218970 1 164  133   18.88
200332219000 1 164  133   18.88
200332219262 1 964  133   18.88
200332219967 1 164  133   18.88
200332220551 1 964  133   18.88
200332221067 1 164  133   18.88
200332221073 1 164  133   18.88
200332221585 1 964  231    4.72
200332306544 1 171  223   24.69
200332306814 1 171  125   86.43
200332307084 1 171  223   24.69
200332307125 1 171  723   40.21
200332307425 1 171  223   24.69
200332307503 1 171  123   24.69
200332307585 1 171  723   40.21
200332307842 1 371  121   12.35
200332307943 1 171  323   24.69
200332308111 1 171  123   24.69
200332308144 1 171  223   24.69
200332308496 1 171  523   24.69
200332308497 1 171 1023   81.13
200332309023 1 171 1023   81.13
200332309026 1 171 1023   81.13
200332309053 1 971  123   24.69
200332309120 1 971  723   40.21
200332309272 1 171  223   24.69
200332309389 1 171  223   24.69
200332309404 1 971  523   24.69
200332309858 1 271 1023   81.13
200332309947 1 971  723   40.21
200332309963 1 171  123   24.69
200332310013 1 171  223   24.69
200332310057 1 171 1023   81.13
200332310138 1 271  423   24.69
200332310334 1 171  223   24.69
200332310432 1 971  123   24.69
200332310716 1 171  323   24.69
200332311123 1 171  723   40.21
200332311356 1 171  224  259.28
200332415745 1 177  143   21.97
200332415838 1 177  143   21.97
200332415942 1 177  143   21.97
200332416264 1 977  143   21.97
200332416280 1 977  144  263.60
200332416307 1 977  143   21.97
200332417275 1 177  143   21.97
200332417528 1 977  143   21.97
200332417838 1 977  143   21.97
200332418131 1 177  243   18.31
200332418218 1 977  143   21.97
200332418251 1 977  143   21.97
200332418673 1 177  143   21.97
200332418691 1 177  143   21.97
200332418753 1 177  143   21.97
200332419063 1 977  143   21.97
200332419166 1 977  143   21.97
200332419426 1 177  143   21.97
200332419480 1 977  146  102.51
200332419530 1 977  143   21.97
200332419530 2 977  143   21.97
200332419571 1 977  143   21.97
200332419641 1 277  243   18.31
200332419969 1 177  143   21.97
200332420025 1 177  143   21.97
200332420043 1 177  143   21.97
200332420703 1 177  143   21.97
200332420872 1 177  143   21.97
200332421113 1 977  143   21.97
200332421267 1 977  143   21.97
200332421636 1 277  643   18.31
200332422377 1 177  143   21.97
200332422405 1 177  143   21.97
200332422686 1 977  143   21.97
200332422772 1 277  144  263.60
200332422809 1 177  143   21.97
200332423201 1 977  143   21.97
200332423433 1 177  243   18.31
200332424258 1 977  243   18.31
200332424510 1 177  643   18.31
200332424692 1 977  243   18.31
200332424838 1 977  143   21.97
200332425026 1 977  242    3.66
200332425572 1 977  143   21.97
200332426074 1 177  143   21.97
200332426082 1 177  143   21.97
200332426303 1 977  143   21.97
200332426716 1 177  443   18.31
200332426764 1 177  143   21.97
200332426865 1 977  243   18.31
200332426977 1 177  143   21.97
200332427085 1 977  143   21.97
200332427121 1 977  143   21.97
200332427241 1 177  143   21.97
200332427337 1 977  143   21.97
200332427672 1 177  343   18.31
200332427886 1 177  143   21.97
200332428034 1 177  143   21.97
200332428078 1 977  143   21.97
200332428116 1 177  342    3.66
200332428212 1 977  243   18.31
200332428321 1 977  643   18.31
200332428440 1 977  143   21.97
200332428963 1 977  143   21.97
200332428995 1 977  143   21.97
200332429469 1 277  143   21.97
200332429510 1 977  143   21.97
200332429540 1 977  143   21.97
200332429592 1 977  143   21.97
200332429664 1 977  141    7.32
200332429664 2 977  141    7.32
200332429664 3 977  141    7.32
200332429664 4 977  141    7.32
200332429664 5 977  141    7.32
200332429678 1 977  143   21.97
200332510234 1 180  143   19.69
200332510569 1 980  843   13.63
200332510653 1 980  143   19.69
200332510711 1 980  343   19.69
200332510720 1 180  443   19.69
200332511179 1 180  543   25.06
200332511434 1 180  143   19.69
200332511515 1 180  243   19.69
200332511879 1 180  343   19.69
200332512097 1 180  343   19.69
200332512309 1 980  544  263.14
200332512425 1 980  843   13.63
200332512505 1 980  843   13.63
200332512756 1 180  243   19.69
200332512782 1 180  543   25.06
200332512883 1 180  343   19.69
200332513191 1 180  344  262.50
200332513792 1 280  543   25.06
200332514267 1 180  143   19.69
200332514463 1 280  143   19.69
200332514474 1 180  343   19.69
200332514510 1 180  843   13.63
200332514812 1 180  543   25.06
200332514902 1 280  143   19.69
200332515373 1 180  843   13.63
200332515392 1 180  843   13.63
200332515593 1 980  143   19.69
200332515634 1 980  243   19.69
200332515658 1 980  243   19.69
200332515856 1 280  443   19.69
200332516001 1 280  543   25.06
200332516067 1 180  243   19.69
200332516328 1 980  143   19.69
200332516403 1 180  343   19.69
200332516436 1 180  543   25.06
200332516827 1 180  443   19.69
200332517076 1 180  343   19.69
200332517133 1 980  843   13.63
200332517523 1 980  843   13.63
200332517710 1 180  143   19.69
200332517862 1 980 1743   82.03
200332518198 1 980  343   19.69
200332518771 1 180  543   25.06
200332518812 1 180 1143   27.77
200332519028 1 180  343   19.69
200332519434 1 180  843   13.63
200332519524 1 980 1144  249.88
200332519772 1 980  343   19.69
200332519854 1 980  243   19.69
200332519876 1 980  543   25.06
200332519899 1 980  843   13.63
200332519899 2 980  843   13.63
200332520378 1 180 1143   27.77
200332520379 1 180 1143   27.77
200332520804 1 180  843   13.63
200332619960 1 992 1524  256.92
200332620022 1 992  723   18.56
200332620408 1 192  221    3.36
200332620420 1 292  223   20.15
200332621302 1 192 1521   16.06
200332621334 1 292 1623   19.12
200332622268 1 192  123   20.15
200332623555 1 992  421    3.36
200332623732 1 192  123   20.15
200332624872 1 192  223   20.15
200332625302 1 192  123   20.15
200332625404 1 192  121    3.36
200332625408 1 192  122    3.36
200332627011 1 192  123   20.15
200332627042 1 192 3824  281.50
200332627076 1 192 1523   16.06
200332627629 1 992  123   20.15
200332628323 1 192  323   20.15
200332629058 1 292 1623   19.12
200332630469 1 192 1523   16.06
200332631246 1 992  123   20.15
200332632064 1 192 3823   46.92
200332632064 2 192 3823   46.92
200332632066 1 192 3823   46.92
200332632201 1 192 4123   46.50
200332632415 1 192  323   20.15
200332632481 1 192  223   20.15
200332633394 1 192 1623   19.12
200332633678 1 192 4124  278.98
200332634925 1 192 3823   46.92
200332635048 1 292 4123   46.50
200332635096 1 192 1623   19.12
200332636233 1 192  123   20.15
200332810967 1 195  143   18.19
200332811194 1 195  142    6.06
200332811231 1 195  143   18.19
200332811682 1 195  242    3.03
200332811725 1 195  143   18.19
200332811825 1 195  143   18.19
200332812736 1 995  143   18.19
200332813491 1 995  143   18.19
200332813802 1 195  143   18.19
200332814086 1 195  343   21.22
200332814106 1 195  342    3.03
200332814526 1 195  143   18.19
200332814573 1 195  143   18.19
200332814715 1 195  143   18.19
200332814862 1 195  143   18.19
200332814862 2 195  143   18.19
200332815555 1 195  143   18.19
200332816523 1 995  143   18.19
200332816703 1 995  143   18.19
200332817541 1 195  143   18.19
200332817776 1 295  143   18.19
200332818584 1 195  141    6.06
200332818593 1 195  143   18.19
200332818626 1 195  141    6.06
200332818647 1 195  143   18.19
200332819310 1 995  143   18.19
200332819328 1 995  143   18.19
200332819430 1 995  143   18.19
200332819504 1 995  143   18.19
200332819572 1 995  143   18.19
200332819775 1 195  143   18.19
200332819810 1 195  143   18.19
200332820006 1 295  443   21.22
200332820258 1 195  744  265.62
200332820298 1 195  243   21.22
200332820332 1 195  242    3.03
200332820605 1 195  143   18.19
200332820864 1 995  143   18.19
200332820964 1 995  143   18.19
200332820998 1 995  243   21.22
200332821092 1 995  243   21.22
200332821254 1 195  143   18.19
200332821330 1 195  143   18.19
200332821997 1 195  143   18.19
200332822215 1 195  143   18.19
200332822246 1 995  242    3.03
200332823372 1 195  743   24.15
200332823388 1 295  743   24.15
200333100107 1 1 6 2013   14.82
200333100107 2 1 6 2013   14.82
200333100110 1 1 6 2013   14.82
200333100111 1 1 6 2013   14.82
200333100131 1 1 6 2013   14.82
200333300470 1 1 9 1633   27.04
200333300816 1 1 9 1633   27.04
200333300843 1 1 9  733   19.19
200333300967 1 1 9  733   19.19
200333301261 1 1 9  333   19.19
200333301908 1 1 9  433   19.19
200333302269 1 1 9  333   19.19
200333302338 1 1 9  433   19.19
200333302427 1 1 9  333   19.19
200333400123 1 1 6 1414  255.66
200333400207 1 1 6 2613   20.24
200333400217 1 1 6  513   21.82
200333400226 1 1 6  513   21.82
200333400250 1 1 6 2013   14.82
200333400255 1 1 6 2013   14.82
200333400259 1 1 6 1413   23.24
200333400286 1 1 6 1114  259.30
200333400292 1 1 6 1113   17.88
200333400317 1 1 6  213   19.34
200333400327 1 1 6  413   17.24
200333400364 1 1 6  713   21.95
200333400370 1 1 6 2013   14.82
200333400377 1 1 6 1413   23.24
200333400404 1 1 6 1113   17.88
200333400409 1 1 6 1113   17.88
200333400409 2 1 6 1113   17.88
200333400443 1 1 6  513   21.82
200333400450 1 1 6 2014  266.76
200333400457 1 1 6 1113   17.88
200333400469 1 1 6  413   17.24
200333400484 1 1 6 2613   20.24
200333400534 1 1 6 2013   14.82
200333400536 1 1 6 2013   14.82
200333400536 2 1 6 2013   14.82
200333400540 1 1 6 2013   14.82
200333400542 1 1 6 1413   23.24
200333400583 1 1 6 1113   17.88
200333400631 1 1 6  413   17.24
200333400643 1 9 6 2613   20.24
200333400659 1 1 6  513   21.82
200333400697 1 1 6 2013   14.82
200333400708 1 1 6 1413   23.24
200333400724 1 1 6 1113   17.88
200333400790 1 1 6  213   19.34
200333400825 1 1 6 2613   20.24
200333400842 1 1 6 1413   23.24
200333400848 1 1 6  114  259.68
200333400855 1 9 6  112    2.76
200333400855 2 9 6  112    2.76
200333400889 1 1 6  713   21.95
200333400898 1 1 6 1113   17.88
200333400942 1 1 6  713   21.95
200333401046 1 1 6  513   21.82
200333401058 1 1 6 2012   14.82
200333401059 1 1 6 2013   14.82
200333401061 1 1 6 2013   14.82
200333401104 1 1 6  713   21.95
200333401119 1 1 6 1413   23.24
200333401119 2 1 6 1413   23.24
200333401121 1 1 6 1413   23.24
200333401140 1 1 6  113   19.34
200333401165 1 1 6  113   19.34
200333401221 1 1 6  413   17.24
200333401253 1 1 6  513   21.82
200333401312 1 1 6 1113   17.88
200333401321 1 1 6 1113   17.88
200333401331 1 1 6 2013   14.82
200333401335 1 1 6 2013   14.82
200333401336 1 9 6 2013   14.82
200333401341 1 1 6 2013   14.82
200333401342 1 1 6 2013   14.82
200333401383 1 1 6 1413   23.24
200333401466 1 1 6 2013   14.82
200333401474 1 1 6 1413   23.24
200333401483 1 9 6  113   19.34
200333401504 1 1 6 1114  259.30
200333401534 1 1 6  413   17.24
200333401544 1 1 6 2613   20.24
200333401557 1 9 6  512    5.45
200333401568 1 1 6  713   21.95
200333401586 1 1 6 2013   14.82
200333401587 1 1 6 2013   14.82
200333401587 2 1 6 2013   14.82
200333401596 1 1 6 1413   23.24
200333401669 1 1 6 2613   20.24
200333401676 1 1 6 2614  263.15
200333401676 2 1 6 2614  263.15
200333401686 1 9 6  513   21.82
200333401702 1 9 6 2013   14.82
200333401705 1 1 6 2013   14.82
200333401706 1 1 6 2013   14.82
200333401707 1 1 6 2013   14.82
200333401742 1 1 6  113   19.34
200333401755 1 1 6  713   21.95
200333401776 1 1 6 1413   23.24
200333401784 1 1 6 1113   17.88
200333401793 1 9 6  213   19.34
200333401818 1 1 6  413   17.24
200333401874 1 1 6 2013   14.82
200333401875 1 1 6 2013   14.82
200333401878 1 1 6 1413   23.24
200333401897 1 9 6 1113   17.88
200333401902 1 1 6 1113   17.88
200333401915 1 9 6  213   19.34
200333401958 1 1 6  713   21.95
200333402017 1 1 6  413   17.24
200333402028 1 1 6 1413   23.24
200333402030 1 1 6 1413   23.24
200333402062 1 1 6  713   21.95
200333402065 1 1 6 2013   14.82
200333402068 1 1 6 2013   14.82
200333402080 1 1 6  113   19.34
200333402086 1 1 6 1113   17.88
200333402168 1 1 6  713   21.95
200333402191 1 1 6 2013   14.82
200333402192 1 1 6 2013   14.82
200333402198 1 9 6 2013   14.82
200333402215 1 1 6 1413   23.24
200333402217 1 1 6 1413   23.24
200333402257 1 1 6 1113   17.88
200333402263 1 1 6 1113   17.88
200333402269 1 1 6  213   19.34
200333402288 1 1 6 2013   14.82
200333402302 1 1 6 2613   20.24
200333402319 1 9 6  713   21.95
200333402333 1 1 6 2013   14.82
200333402395 1 1 6  213   19.34
200333402407 1 1 6  413   17.24
200333402429 1 9 6  413   17.24
200333402463 1 1 6 1412   11.62
200333402471 1 1 6  113   19.34
200333402525 1 1 6 2013   14.82
200333402526 1 1 6 1413   23.24
200333402565 1 1 6  512    5.45
200333402568 1 1 6  413   17.24
200333402570 1 1 6 2613   20.24
200333402669 1 2 6 2013   14.82
200333402673 1 1 6 2014  266.76
200333402695 1 9 6 1414  255.66
200333402712 1 1 6 1112    8.94
200333402727 1 1 6  213   19.34
200333402760 1 1 6 1113   17.88
200333402802 1 1 6 2613   20.24
200333402820 1 1 6 2013   14.82
200333402827 1 1 6 2013   14.82
200333402830 1 1 6 1413   23.24
200333402836 1 1 6 1412   11.62
200333402839 1 1 6 1413   23.24
200333402903 1 1 6 2613   20.24
200333402907 1 1 6  513   21.82
200333402933 1 1 6 1413   23.24
200333402949 1 1 6 1114  259.30
200333402952 1 1 6 1113   17.88
200333403043 1 1 6  412    5.75
200333403046 1 1 6  213   19.34
200333403049 1 1 6 2612   20.24
200333403081 1 1 6  713   21.95
200333403100 1 1 6  713   21.95
200333403116 1 9 6 1413   23.24
200333403118 1 1 6 1413   23.24
200333403125 1 1 6 1413   23.24
200333403127 1 1 6 2013   14.82
200333403157 1 1 6  113   19.34
200333403204 1 1 6  413   17.24
200333403208 1 1 6  413   17.24
200333403262 1 1 6 2013   14.82
200333403274 1 1 6 1113   17.88
200333403316 1 1 6  413   17.24
200333403365 1 1 6  713   21.95
200333403378 1 1 6 2013   14.82
200333403378 2 1 6 2013   14.82
200333403378 3 1 6 2013   14.82
200333403419 1 9 6  213   19.34
200333403422 1 1 6  413   17.24
200333403453 1 1 6  513   21.82
200333403478 1 1 6 2013   14.82
200333403483 1 1 6 2013   14.82
200333403486 1 1 6 1413   23.24
200333403505 1 1 6 1113   17.88
200333403593 1 1 6  113   19.34
200333403611 1 1 6 1113   17.88
200333403611 2 1 6 1113   17.88
200333403647 1 1 6 2613   20.24
200333403666 1 1 6 2613   20.24
200333403784 1 1 6 2613   20.24
200333403823 1 1 6  113   19.34
200333403845 1 1 6  213   19.34
200333403883 1 1 6 2613   20.24
200333403889 1 1 6 2613   20.24
200333403901 1 1 6  513   21.82
200333403913 1 1 6  713   21.95
200333403920 1 1 6 2013   14.82
200333403927 1 1 6 1413   23.24
200333403953 1 1 6 1113   17.88
200333403980 1 1 6  413   17.24
200333404034 1 1 6 1413   23.24
200333404106 1 1 6 2614  263.15
200333404150 1 1 6 2013   14.82
200333404235 1 1 6  712    5.49
200333404256 1 1 6 1413   23.24
200333404461 1 1 6  713   21.95
200333404478 1 1 6 1414  255.66
200335000174 1 979  143   22.19
200335000241 1 179  143   22.19
200335000306 1 979  143   22.19
200335000427 1 179  743   22.19
200335000542 1 979  743   22.19
200335000650 1 979  143   22.19
200335000690 1 979  143   22.19
200335000784 1 979  743   22.19
200336000906 1 150  133   18.41
200336001452 1 150  233   18.41
200336002351 1 150  433   18.41
200336002551 1 150  731   13.68
200350100135 1 1 9  833   23.63
200350100344 1 1 9  833   23.63
200350400496 1 111  123   19.05
200353521962 1 1 6 2013   14.82
200353521992 1 1 6  214  259.68
200353522003 1 1 6  413   17.24
200353522140 1 1 6  713   21.95
200353522168 1 1 6 1413   23.24
200353522183 1 1 6 1113   17.88
200353522255 1 1 6  213   19.34
200353522261 1 1 6  413   17.24
200353522289 1 1 6 2613   20.24
200353522327 1 1 6 1413   23.24
200353522335 1 1 6 1413   23.24
200353522338 1 1 6 1412   11.62
200353522351 1 1 6  113   19.34
200353522375 1 1 6 1113   17.88
200353522536 1 1 6  514  261.82
200353522570 1 1 6 2013   14.82
200353522573 1 1 6 2013   14.82
200353522596 1 1 6  114  259.68
200353522622 1 1 6 2613   20.24
200353522643 1 1 6  413   17.24
200353522643 2 1 6  413   17.24
200353522693 1 1 6  713   21.95
200353522695 1 1 6 2014  266.76
200353522705 1 1 6 1113   17.88
200353522716 1 1 6  413   17.24
200353522740 1 1 6 2613   20.24
200353522778 1 1 6  113   19.34
200353522875 1 1 6  513   21.82
200353522888 1 1 6 2013   14.82
200353522895 1 1 6 1413   23.24
200353522905 1 1 6 1113   17.88
200353522943 1 1 6  714  257.91
200353522963 1 1 6 2013   14.82
200353522989 1 1 6  413   17.24
200353523000 1 1 6 2613   20.24
200353523004 1 1 6  513   21.82
200353523016 1 1 6 2013   14.82
200353523024 1 1 6  113   19.34
200353523027 1 1 6 1113   17.88
200353523083 1 1 6 2013   14.82
200353523084 1 1 6 2013   14.82
200353523094 1 1 6  113   19.34
200353523111 1 1 6  413   17.24
200353523120 1 9 6 2613   20.24
200353523142 1 1 6 2013   14.82
200353523146 1 1 6  713   21.95
200353523156 1 1 6  713   21.95
200353523172 1 1 6 1113   17.88
200353523451 1 175  343   16.15
200355612500 1 979  743   22.19
200355612526 1 179  743   22.19
200355709613 1 178  143   55.32
200355709701 1 178  143   55.32
200355709716 1 178  143   55.32
200359610808 1 194  143   15.76
200359610809 1 994  143   15.76
200359610815 1 194  143   15.76
200359610816 1 294  144  252.15
200359610849 1 294  543   31.22
200359610850 1 194  543   31.22
200359610958 1 994  443   15.76
200359611138 1 194  143   15.76
200359611240 1 994  343   15.76
200359611251 1 194  343   15.76
200359611675 1 194  443   15.76
200359611804 1 994  143   15.76
200359611826 1 994  143   15.76
200359612414 1 194  443   15.76
200359612481 1 194  143   15.76
200359612518 1 194  143   15.76
200359612678 1 194  343   15.76
200359612683 1 194  343   15.76
200359612829 1 994  143   15.76
200359612831 1 994  143   15.76
200359612871 1 294  243   15.76
200359613110 1 294  143   15.76
200359613121 1 994  143   15.76
200359613136 1 294  143   15.76
200359613164 1 194  143   15.76
200359613186 1 194  343   15.76
200359613221 1 194  343   15.76
200359613239 1 294  343   15.76
200359613245 1 194  343   15.76
200359613284 1 194  343   15.76
200359613297 1 194  343   15.76
200359613297 2 194  343   15.76
200359613331 1 294  243   15.76
200359613395 1 994  143   15.76
200359613427 1 294  143   15.76
200359613467 1 294  143   15.76
200359613488 1 194  143   15.76
200359613490 1 294  143   15.76
200359613496 1 994  143   15.76
200359613507 1 194  143   15.76
200359613864 1 994  143   15.76
200359613920 1 994  143   15.76
200359613978 1 194  343   15.76
200359614148 1 294  343   15.76
200359614149 1 194  343   15.76
200359614236 1 994  143   15.76
200359614264 1 994  143   15.76
200359614377 1 994  143   15.76
200359614389 1 194  143   15.76
200359614398 1 294  143   15.76
200359614402 1 994  143   15.76
200359614459 1 194  143   15.76
200359614471 1 194  143   15.76
200359614484 1 194  143   15.76
200359614491 1 194  143   15.76
200359614631 1 994  343   15.76
200359614648 1 194  343   15.76
200359614679 1 194  343   15.76
200359614724 1 194  343   15.76
200359614796 1 994  143   15.76
200359614840 1 994  143   15.76
200359614859 1 994  143   15.76
200359614864 1 994  143   15.76
200359614989 1 194  443   15.76
200359615195 1 294  143   15.76
200359615203 1 294  144  252.15
200359615204 1 294  143   15.76
200359615213 1 294  143   15.76
200359615406 1 994  343   15.76
200359615472 1 194  143   15.76
200359615474 1 194  143   15.76
200359615493 1 994  143   15.76
200359615502 1 194  143   15.76
200359615536 1 194  143   15.76
200359615546 1 194  143   15.76
200359615557 1 194  143   15.76
200359615567 1 194  143   15.76
200359615814 1 194  143   15.76
200359615843 1 294  143   15.76
200359615904 1 994  243   15.76
200359615937 1 194  343   15.76
200359615986 1 194  343   15.76
200359616119 1 294  243   15.76
200359616279 1 994  443   15.76
200359616367 1 294  443   15.76
200359616440 1 294  243   15.76
200359616440 2 294  243   15.76
200359616475 1 194  143   15.76
200359616489 1 294  143   15.76
200359616501 1 194  143   15.76
200359616524 1 994  143   15.76
200359616545 1 994  143   15.76
200359616645 1 294  343   15.76
200359616666 1 194  343   15.76
200359616731 1 294  243   15.76
200359616784 1 194  143   15.76
200359616808 1 194  143   15.76
200359616811 1 194  143   15.76
200359616839 1 194  143   15.76
200359616972 1 294  443   15.76
200359617041 1 194  543   31.22
200359617126 1 194  144  252.15
200359617158 1 994  143   15.76
200359617167 1 194  143   15.76
200359617171 1 194  143   15.76
200359617438 1 294  143   15.76
200359617444 1 994  143   15.76
200359617451 1 994  143   15.76
200359617474 1 294  143   15.76
200359617517 1 194  143   15.76
200359617565 1 194  443   15.76
200359617711 1 194  143   15.76
200359617718 1 194  143   15.76
200359617719 1 194  143   15.76
200359617730 1 194  143   15.76
200359617838 1 994  343   15.76
200359617884 1 994  343   15.76
200359618145 1 994  243   15.76
200359618194 1 294  243   15.76
200359618197 1 294  243   15.76
200359618279 1 994  143   15.76
200359618294 1 994  143   15.76
200359618639 1 194  143   15.76
200359618659 1 194  143   15.76
200359618998 1 994  143   15.76
200359619281 1 194  343   15.76
200359619464 1 194  143   15.76
200363335905 1 1 9  333   19.19
200363335977 1 1 9  433   19.19
200363336045 1 1 9  434  259.07
200363336242 1 1 9  433   19.19
200363336386 1 1 9  333   19.19
200364826845 1 141  233   20.05
200364826845 2 141  233   20.05
200364826845 3 141  233   20.05
200377010171 1 111  123   19.05
200377377450 1 145  133   20.21
200380630206 1 1 9  733   19.19
200380630416 1 1 9  733   19.19
200382130239 1 179  144  255.16
200382130281 1 179  143   22.19
200382130374 1 979  143   22.19
200382130421 1 179  143   22.19
200382130436 1 979  743   22.19
200382130477 1 979  743   22.19
200382130486 1 979  743   22.19
200382130564 1 979  743   22.19
200390500240 1 142 1133   23.80
200390500522 1 142 1133   23.80
200390500630 1 142 1133   23.80
200390501586 1 142  332    4.17
200390501606 1 142 1131   11.90
200390501680 1 942  333   20.83
200390501790 1 142  133   20.83
200390501995 1 142 1133   23.80
200390501996 1 142 1132   11.90
200390502067 1 142  333   20.83
200390502939 1 142 1033   22.36
200390600096 1 147 1034  281.91
200390600246 1 947  133   19.61
200390600333 1 947  433   19.61
200390600367 1 147  333   19.61
200390600445 1 147  333   19.61
200390600623 1 147  333   19.61
200390600713 1 147 1734  180.38
200390602199 1 947  333   19.61
200390602436 1 147 1033   93.97
200390700699 1 150  233   18.41
200390700766 1 150  733   13.68
200390701627 1 150  533   18.41
200390702002 1 150  533   18.41
200390702038 1 150 1033   38.20
200390702319 1 150  733   13.68
200390702715 1 150  533   18.41
200391116044 1 142  633   21.13
200391116258 1 142  231    4.17
200391116311 1 142  233   20.83
200391116319 1 142  232    4.17
200391715644 1 142  433   20.83
200391715849 1 142  133   20.83
200393505438 1 121  411    2.32
200393507143 1 121 4013   41.90
200393509997 1 121  914  262.35
200393510344 1 121  213   20.89
200393510344 2 121  213   20.89
200393605186 1 929 1026  121.61
200393605541 1 131  323   61.52
200393605564 1 131  324  246.10
200393605844 1 129  423   38.98
200393606006 1 129 1023  121.61
200393606255 1 131  425   61.52
200393606255 2 131  425   61.52
200393606255 3 131  425   61.52
200393606488 1 131  326  123.05
200393606498 1 131  323   61.52
200393606621 1 131  326  123.05
200393606621 2 131  326  123.05
200393607118 1 129 1023  121.61
200393607375 1 129 1023  121.61
200393607430 1 929  523   43.97
200393607657 1 929  423   38.98
200393607761 1 929 1024  243.21
200393607761 2 929 1024  243.21
200393608150 1 231  321   61.52
200393608161 1 131  323   61.52
200393608183 1 131  325   61.52
200393608284 1 129  523   43.97
200393608542 1 931  323   61.52
200393608593 1 931  323   61.52
200393608598 1 131  323   61.52
200393608809 1 129 1023  121.61
200393608864 1 129  523   43.97
200393609603 1 129 1023  121.61
200393609933 1 131  323   61.52
