BTRAFCON	REGION	STRATUM	CASENUM	WEIGHT	PERNO	PJ	PSU
0	1	3	200910423248	57.524	1	9	2
0	1	3	200910423778	53.887	1	4	2
0	1	3	200910423830	49.28	1	6	2
0	1	3	200910424170	27.146	1	3	2
0	1	3	200910425068	89.853	1	10	2
1	1	3	200910425233	27.146	1	3	2
0	1	3	200910425379	49.28	1	6	2
0	1	3	200910425500	27.146	1	3	2
99	1	3	200910775315	15.62	1	16	3
0	1	3	200910778054	19.133	1	10	3
0	1	3	200910778407	19.898	1	4	3
0	1	3	200910778589	15.62	1	16	3
1	1	3	200910779214	19.864	1	8	3
0	1	3	200910780038	19.133	1	10	3
1	1	3	200910780076	14.573	1	21	3
0	1	3	200910780821	19.133	1	10	3
0	1	3	200910780828	14.573	1	21	3
0	1	4	200910780851	308.859	1	1	3
0	1	3	200910780924	15.62	1	16	3
0	1	3	200910780960	19.898	1	4	3
1	1	3	200910781335	19.898	1	4	3
1	1	4	200910781686	308.859	1	1	3
1	1	3	200910781776	19.864	1	8	3
0	1	3	200910782264	15.62	1	16	3
1	1	3	200910782382	20.222	1	7	3
1	1	2	200910782577	4.974	1	4	3
0	1	3	200910782705	20.315	1	3	3
99	1	3	200910782831	14.758	1	13	3
0	1	3	200910784683	15.62	1	16	3
1	1	3	200910784936	20.222	1	7	3
99	1	4	200910784971	310.913	1	10	3
1	1	2	200910785152	4.783	1	10	3
1	1	3	200910785800	20.315	1	3	3
1	1	3	200910786809	14.758	1	13	3
1	1	3	200910786905	15.62	1	16	3
0	1	3	200911160455	13.047	1	2	4
1	1	3	200911161179	59.362	1	11	4
0	1	3	200911161202	33.921	1	7	4
1	1	3	200911161419	13.047	1	2	4
0	1	3	200911161645	13.047	1	2	4
0	1	3	200911161742	33.921	1	7	4
0	1	3	200911162331	13.047	1	3	4
1	1	3	200911162444	13.047	1	2	4
0	1	3	200911162490	13.047	1	2	4
1	1	3	200911162579	33.921	1	7	4
0	1	3	200911162627	27.137	1	6	4
1	1	3	200911162933	13.047	1	2	4
8	1	3	200911162933	13.047	1	2	4
0	1	3	200911163159	13.047	1	2	4
0	1	3	200911163555	27.137	1	6	4
1	1	4	200911163797	298.504	1	6	4
0	1	4	200911163847	313.116	1	1	4
0	1	3	200911163871	13.047	1	2	4
0	1	3	200911163880	13.047	1	2	4
0	1	3	200911163884	13.047	1	2	4
0	1	4	200911164100	313.116	1	1	4
0	1	4	200911164100	313.116	2	1	4
0	1	3	200911164180	13.047	1	2	4
0	1	3	200911164355	59.362	1	11	4
0	1	3	200911164613	13.047	1	3	4
0	1	3	200911164643	121.593	1	17	4
1	1	3	200911164655	13.047	1	2	4
0	1	3	200911164785	13.047	1	3	4
0	1	3	200911164785	13.047	2	3	4
1	1	3	200911164792	13.047	1	4	4
0	1	3	200911164794	13.047	1	3	4
0	1	3	200911164801	13.047	1	3	4
0	1	3	200911164823	13.047	1	1	4
1	1	3	200911164885	13.047	1	1	4
21	1	3	200911164959	13.047	1	2	4
0	1	3	200911164972	13.047	1	3	4
0	1	3	200911164972	13.047	2	3	4
1	1	3	200911165092	13.047	1	2	4
0	1	3	200911165258	13.047	1	2	4
0	1	3	200911165279	13.047	1	2	4
21	1	3	200911165406	59.362	1	11	4
0	1	3	200911165463	13.047	1	2	4
0	1	3	200911166367	13.047	1	3	4
0	1	3	200911166852	13.047	1	2	4
0	1	3	200911166889	33.921	1	7	4
0	1	4	200911167145	305.288	1	7	4
0	1	3	200911167320	33.921	1	7	4
0	1	3	200911167956	13.047	1	2	4
0	1	3	200911168059	13.047	1	3	4
0	1	3	200911168330	13.047	1	2	4
0	1	3	200911515825	22.423	1	16	5
99	1	3	200911515843	16.569	1	1	5
21	1	3	200911516014	16.569	1	2	5
0	1	3	200911516109	16.459	1	8	5
0	1	3	200911516138	16.459	1	8	5
1	1	3	200911516775	16.569	1	1	5
97	1	3	200911516843	16.569	1	2	5
0	1	3	200911516988	30.708	1	22	5
21	1	3	200912002687	20.242	1	26	6
0	1	3	200912002908	20.242	1	26	6
21	1	3	200912413633	12.435	1	4	8
21	1	3	200912413659	28.382	1	15	8
0	2	3	200912800578	19.051	1	1	11
1	2	3	200912800585	19.051	1	1	11
0	3	3	200913029201	19.19	1	7	9
97	3	3	200913030755	15.754	1	8	9
1	3	3	200913031463	15.754	1	8	9
0	3	3	200913033370	27.04	1	16	9
0	3	3	200913034753	19.19	1	2	9
0	2	3	200913531245	19.051	1	2	11
1	2	3	200913531608	19.051	1	2	11
1	2	3	200913531787	19.051	1	3	11
0	2	3	200913531900	19.051	1	6	11
1	2	3	200913532026	19.051	1	2	11
1	2	3	200913532453	19.051	1	2	11
0	2	3	200913532743	19.051	1	6	11
0	2	4	200914063227	308.827	1	1	12
0	2	4	200914063279	308.827	1	3	12
0	2	3	200914063420	18.908	1	1	12
0	2	3	200914063457	20.788	1	9	12
0	2	3	200914063747	18.908	1	1	12
0	2	3	200914063846	12.211	1	5	12
1	2	3	200914064599	83.685	1	14	12
0	2	3	200914064812	20.788	1	9	12
1	2	3	200914734648	38.967	1	1	13
1	2	3	200914734865	38.967	1	6	13
0	2	3	200914735030	38.967	1	5	13
0	2	3	200914735043	38.967	1	1	13
0	2	3	200914735210	38.967	1	1	13
0	2	4	200914735589	311.734	1	5	13
21	2	3	200914735720	38.967	1	1	13
1	2	3	200914735734	38.967	1	1	13
99	2	3	200914735940	38.967	1	6	13
0	2	3	200914736040	38.967	1	2	13
0	2	3	200914736040	38.967	2	2	13
1	2	3	200914736310	38.967	1	1	13
21	2	3	200914736384	38.967	1	2	13
0	2	3	200914736425	38.967	1	1	13
0	2	3	200914736542	38.967	1	5	13
1	2	3	200914736548	38.967	1	1	13
21	2	3	200914736559	38.967	1	5	13
0	2	3	200914736657	38.967	1	1	13
21	2	3	200914736783	38.967	1	6	13
1	2	3	200914736795	38.967	1	6	13
0	2	3	200914736819	38.967	1	1	13
1	2	3	200914736820	38.967	1	1	13
0	2	3	200914737057	38.967	1	3	13
0	2	3	200914737093	38.967	1	5	13
21	2	3	200914737309	38.967	1	1	13
0	2	5	200914738227	77.933	1	1	13
1	1	3	200914834853	18.566	1	5	21
1	1	3	200914835224	18.566	1	5	21
0	1	3	200914835994	18.566	1	5	21
1	1	3	200914836326	18.566	1	5	21
99	1	3	200914836462	17.578	1	11	21
0	1	3	200914836578	14.341	1	16	21
1	1	3	200914837190	18.566	1	5	21
0	2	3	200914960910	22.772	1	16	33
0	2	3	200914962039	18.905	1	2	10
1	2	3	200914962408	13.597	1	15	10
0	3	3	200915440245	20.054	1	1	41
1	3	3	200915440522	20.054	1	1	41
1	3	3	200915440874	20.054	1	1	41
0	3	3	200915441160	20.054	1	1	41
0	3	3	200915441245	20.054	1	1	41
1	3	3	200915441462	20.054	1	1	41
99	3	3	200915441503	20.054	1	1	41
0	3	3	200915441584	20.054	1	1	41
1	3	4	200915441952	310.831	1	1	41
23	3	3	200915441995	20.054	1	1	41
99	3	3	200915442415	20.054	1	1	41
0	3	3	200915442603	20.054	1	1	41
0	3	3	200915442778	20.054	1	1	41
0	3	3	200915442794	20.054	1	1	41
1	3	3	200915442804	20.054	1	1	41
1	3	3	200915442841	20.054	1	2	41
0	3	4	200915442971	310.831	1	1	41
0	3	3	200915442980	20.054	1	1	41
1	3	3	200915443441	20.054	1	1	41
1	3	3	200915443512	20.054	1	1	41
0	3	3	200915443519	20.054	1	1	41
0	3	3	200915443881	20.054	1	1	41
0	3	3	200915444054	20.054	1	2	41
1	3	3	200915444375	20.054	1	1	41
0	3	3	200915444724	20.054	1	1	41
1	3	3	200915444809	20.054	1	1	41
1	3	3	200915444927	20.054	1	1	41
1	3	3	200915444950	20.054	1	1	41
0	3	3	200915445081	20.054	1	2	41
0	3	3	200915445081	20.054	2	2	41
0	3	3	200915445316	20.054	1	1	41
0	3	3	200915445333	20.054	1	1	41
0	3	3	200915445388	20.054	1	2	41
1	3	3	200915445656	20.054	1	2	41
1	3	3	200915445754	20.054	1	1	41
0	3	3	200915445770	20.054	1	1	41
0	3	3	200915445778	20.054	1	1	41
1	3	3	200915445883	20.054	1	1	41
0	3	3	200915446018	20.054	1	1	41
40	3	3	200915446216	20.054	1	2	41
1	3	3	200915446232	20.054	1	1	41
21	3	3	200915446263	20.054	1	2	41
0	3	3	200916126200	12.222	1	1	43
21	3	3	200916127019	12.222	1	3	43
1	3	3	200916127865	12.222	1	3	43
1	3	3	200916128555	12.222	1	1	43
21	3	3	200916128745	12.222	1	1	43
1	3	3	200916129843	12.222	1	3	43
0	3	3	200916130184	12.222	1	1	43
0	3	3	200916130382	12.222	1	3	43
0	3	3	200916130816	12.222	1	3	43
1	3	3	200916130848	12.222	1	3	43
0	3	3	200916131205	41.417	1	6	43
0	3	3	200916131519	12.222	1	1	43
1	3	3	200916132133	12.222	1	1	43
0	3	3	200916132365	41.417	1	6	43
0	3	3	200916132382	12.222	1	3	43
1	3	3	200916132562	12.222	1	1	43
1	3	3	200916132624	41.417	1	6	43
0	3	3	200916133938	41.417	1	6	43
0	3	3	200916134487	12.222	1	3	43
0	3	3	200916135004	12.222	1	1	43
0	3	3	200916136112	12.222	1	1	43
0	3	4	200916136386	305.538	1	1	43
0	3	3	200916137043	12.222	1	1	43
0	3	3	200916137052	12.222	1	1	43
0	3	3	200916139069	12.222	2	1	43
21	3	3	200916543938	20.212	1	1	45
0	3	3	200916545802	20.212	1	2	45
1	3	3	200916546338	20.212	1	1	45
99	3	3	200916547086	20.212	1	2	45
99	3	3	200916547594	20.212	1	1	45
0	3	3	200916548379	20.212	1	1	45
0	3	3	200916549407	20.212	1	1	45
0	3	3	200916549581	20.212	1	1	45
0	3	3	200916549996	20.212	1	2	45
0	3	3	200916551479	20.212	1	1	45
0	3	3	200916552209	20.212	1	1	45
0	3	3	200916553394	20.212	1	1	45
21	3	4	200916553815	313.292	1	1	45
1	3	3	200916554786	20.212	1	1	45
0	3	4	200916555110	313.292	1	1	45
1	3	3	200916555677	20.212	1	1	45
21	3	3	200917127060	79.655	1	1	51
0	3	3	200917127775	79.655	1	1	51
1	3	3	200917127777	79.655	1	1	51
0	3	3	200917127873	79.655	1	1	51
1	3	4	200917253261	311.784	1	1	48
0	3	3	200917253280	51.964	1	1	48
21	3	3	200917253872	51.964	1	1	48
0	3	3	200917253926	51.964	1	1	48
0	3	3	200917254572	51.964	1	1	48
1	3	3	200917255160	51.964	1	4	48
0	3	3	200917255168	51.964	1	1	48
0	3	3	200917255485	51.964	1	4	48
21	3	3	200917255497	51.964	1	3	48
0	3	3	200917255648	51.964	1	4	48
21	3	3	200917256525	51.964	1	3	48
0	3	3	200917257347	51.964	1	4	48
0	3	3	200917257885	51.964	1	1	48
21	3	3	200917258667	51.964	1	4	48
0	1	3	200917500230	20.242	1	26	6
1	1	3	200917500325	19.337	1	1	6
99	1	4	200917500461	311.22	1	20	6
1	1	3	200917500609	20.242	1	26	6
1	1	3	200917500864	14.82	1	20	6
1	1	3	200917500890	17.883	1	11	6
0	1	3	200917501089	16.463	1	7	6
0	1	3	200917501250	19.337	1	2	6
99	1	3	200917501285	20.242	1	26	6
21	1	3	200917501288	20.242	1	26	6
1	1	3	200917501296	14.82	1	20	6
0	1	3	200917501372	20.242	1	26	6
1	1	3	200917501443	16.363	1	5	6
0	1	3	200917501456	16.463	1	7	6
99	1	3	200917501465	14.82	1	20	6
0	1	3	200917501477	19.337	1	1	6
1	1	3	200917501492	17.883	1	11	6
1	1	3	200917501497	17.883	1	11	6
99	1	3	200917501516	20.242	1	26	6
1	1	3	200917501551	14.82	1	20	6
1	1	3	200917501581	17.238	1	4	6
21	1	3	200917501673	16.463	1	7	6
0	1	2	200917501850	5.488	1	7	6
1	1	4	200917501853	312.947	1	11	6
21	1	4	200917501990	311.22	1	20	6
1	1	3	200917502016	14.82	1	20	6
0	1	3	200917502022	14.82	1	20	6
0	1	3	200917502055	17.883	1	11	6
21	1	3	200917502139	16.463	1	7	6
99	1	3	200917502145	20.242	1	26	6
99	1	3	200917502171	20.242	1	26	6
0	1	3	200917502184	23.242	1	14	6
99	1	3	200917502204	20.242	1	26	6
0	3	3	200917625391	15.641	1	1	49
1	3	3	200917625443	15.641	1	1	49
21	3	3	200917625903	15.641	1	1	49
21	3	3	200917628047	15.641	1	1	49
1	3	3	200917628190	15.641	1	1	49
0	3	3	200917628603	15.641	1	1	49
0	3	3	200917628992	15.641	1	1	49
0	3	3	200917629927	15.641	1	1	49
0	3	3	200917630005	15.641	1	1	49
0	3	3	200917631001	15.641	1	1	49
0	3	3	200917631398	15.641	1	1	49
0	3	3	200917631876	15.641	1	1	49
21	3	3	200917632045	15.641	1	1	49
1	3	3	200917632565	15.641	1	1	49
21	3	3	200917633609	15.641	1	1	49
1	3	3	200917633791	15.641	1	1	49
1	3	4	200917634093	307.614	1	1	49
0	3	3	200917634224	15.641	1	1	49
1	3	3	200917636405	15.641	1	1	49
0	3	3	200918402024	19.19	1	4	9
0	3	3	200918402668	19.19	1	3	9
1	3	4	200918402934	311.837	1	6	9
99	3	3	200918403354	19.19	1	3	9
0	2	3	200918434977	20	1	1	72
1	2	3	200918436060	20	1	1	72
0	2	3	200918436964	20	1	6	72
1	2	3	200918438725	20	1	6	72
1	2	3	200918438750	20	1	4	72
99	2	3	200918438823	20	1	3	72
0	2	3	200918439838	20	1	6	72
1	2	3	200918439912	20	1	2	72
1	2	3	200918440052	20	1	3	72
0	2	3	200918440281	20	1	4	72
0	2	3	200918440720	20	1	4	72
0	2	3	200918440822	20	1	1	72
0	2	3	200918440836	20	1	3	72
0	2	3	200918440948	20	1	1	72
1	2	2	200918441755	5	1	6	72
0	2	3	200918443215	20	1	3	72
1	2	3	200918443366	20	1	1	72
0	2	3	200918443423	20	1	6	72
0	2	3	200918443662	20	1	3	72
0	2	3	200918443689	20	1	6	72
1	2	3	200918443872	20	1	6	72
0	2	3	200918444158	20	1	1	72
0	2	3	200918444315	20	1	6	72
0	2	3	200918444315	20	2	6	72
0	2	3	200918444826	20	1	4	72
0	2	3	200918444826	20	2	4	72
0	2	3	200918445293	20	1	1	72
0	2	3	200918445448	20	1	3	72
1	2	3	200918445583	20	1	3	72
1	2	3	200918446213	20	1	3	72
1	2	3	200918446556	20	1	2	72
1	2	3	200918447166	20	1	6	72
0	2	3	200918447384	20	1	6	72
99	2	3	200918447638	20	1	6	72
0	2	3	200918447713	20	1	4	72
0	2	3	200918448972	20	1	3	72
0	2	3	200918450616	20	1	1	72
0	2	3	200918451172	20	1	3	72
0	2	3	200918453140	20	1	3	72
0	2	3	200918968825	16.471	1	1	73
21	2	4	200918969242	303.001	1	9	73
0	2	3	200918970763	16.471	1	1	73
0	2	3	200918971035	16.471	1	1	73
0	2	3	200918971523	16.471	1	2	73
0	2	4	200918971574	319.251	1	10	73
0	2	3	200918971989	16.471	1	3	73
0	2	3	200918972026	31.925	1	10	73
0	2	3	200918972229	31.925	1	10	73
0	2	3	200918972444	21.643	1	9	73
21	2	3	200918972508	16.471	1	1	73
0	2	3	200918972694	16.471	1	2	73
0	2	3	200918972869	16.471	1	1	73
0	2	3	200918973272	16.471	1	2	73
1	2	3	200918974013	21.643	1	9	73
99	2	3	200918974190	16.471	1	3	73
21	2	3	200918974303	16.471	1	2	73
0	2	3	200918974586	16.471	1	2	73
0	2	3	200918974615	21.643	1	9	73
99	2	3	200918975878	20.252	1	5	73
0	2	3	200918976642	16.471	1	1	73
0	2	3	200919377776	16.703	1	9	74
21	2	3	200919378331	16.703	1	1	74
0	2	3	200919379815	16.703	1	1	74
21	2	3	200919380652	16.703	1	9	74
1	2	3	200919383570	16.703	1	9	74
1	4	3	200920176016	16.15	1	1	75
1	4	3	200920176277	16.15	1	1	75
99	4	3	200920179192	16.15	1	1	75
1	4	3	200920179279	16.15	1	2	75
99	4	3	200920179541	16.15	1	1	75
99	4	3	200920180060	16.15	1	2	75
99	4	3	200920180529	14.067	1	5	75
1	4	3	200920180584	16.15	1	1	75
99	4	4	200920180731	306.858	1	2	75
1	4	3	200920181002	14.067	1	5	75
21	4	4	200920181349	306.858	1	2	75
0	4	3	200920181656	16.15	1	1	75
0	4	3	200920513163	105.291	1	3	76
0	4	3	200920513329	105.291	1	18	76
0	4	3	200920513451	105.291	1	1	76
0	4	3	200920513746	105.291	1	3	76
21	4	3	200920514230	105.291	1	3	76
0	4	3	200920514238	105.291	1	6	76
0	4	3	200920514301	105.291	1	6	76
1	4	3	200920514391	105.291	1	3	76
1	4	3	200920514395	105.291	1	3	76
0	4	3	200920514722	105.291	1	3	76
0	4	3	200920800009	18.355	1	20	96
0	4	3	200920800075	18.355	1	20	96
0	4	3	200920800236	13.337	1	2	97
0	4	3	200920800347	13.337	1	2	97
1	4	3	200920801744	13.337	1	2	97
98	4	3	200920801744	13.337	1	2	97
0	4	3	200920801928	19.663	1	11	96
1	4	4	200920802163	303.067	1	43	96
0	4	3	200920804172	13.337	1	2	97
0	4	3	200920805260	18.355	1	20	96
1	4	3	200920805490	13.337	1	2	97
1	4	3	200920805535	20.539	1	5	97
0	4	3	200920806191	20.219	1	18	96
1	4	3	200920806937	13.337	1	2	97
1	4	4	200920807423	303.067	1	43	96
0	4	3	200920807691	19.194	1	33	96
0	4	3	200920808100	13.337	1	1	97
1	4	3	200920808200	13.337	1	2	97
21	4	3	200920808709	18	1	3	96
0	4	3	200920809526	13.337	1	4	97
1	4	3	200920809541	13.337	1	4	97
0	4	3	200920809638	13.337	1	2	97
0	4	3	200920809643	13.337	1	2	97
0	4	3	200920810023	15.507	1	8	96
1	4	3	200920810677	18.355	1	20	96
0	4	3	200920810755	18.355	1	20	96
1	4	3	200920811018	13.337	1	2	97
0	4	3	200920812194	18.355	1	20	96
0	4	3	200920812529	20.539	1	5	97
1	4	3	200920812554	13.337	1	4	97
1	4	4	200920812558	306.756	1	4	97
0	4	3	200920813098	15.951	1	43	96
0	4	3	200920813166	13.337	1	1	97
0	4	3	200920813361	13.337	1	4	97
1	4	3	200920813397	13.337	1	3	97
0	4	3	200920814342	20.219	1	18	96
21	4	3	200920914720	55.318	1	1	78
0	4	3	200920915137	55.318	1	1	78
21	4	3	200920915153	55.318	1	1	78
0	4	3	200920915324	55.318	1	1	78
1	4	3	200920915439	55.318	1	1	78
0	4	3	200920915548	55.318	1	1	78
1	4	3	200920915780	55.318	1	3	78
0	4	3	200920916018	55.318	1	1	78
1	4	3	200920916025	55.318	1	1	78
0	4	3	200920916049	55.318	1	1	78
0	4	3	200920916072	55.318	1	1	78
0	4	3	200920916118	55.318	1	1	78
0	4	3	200920916337	55.318	1	1	78
1	4	3	200920916353	55.318	1	1	78
0	4	3	200920916426	55.318	1	1	78
0	4	3	200920916839	55.318	1	1	78
0	4	3	200920917316	55.318	1	1	78
0	4	3	200920917851	55.318	1	1	78
0	4	3	200920918089	55.318	1	1	78
1	4	3	200920918159	55.318	1	1	78
21	4	3	200920918188	55.318	1	1	78
0	4	3	200920918464	55.318	1	4	78
0	4	3	200920918562	55.318	1	1	78
21	4	3	200920918645	55.318	1	1	78
1	4	3	200920918862	55.318	1	1	78
0	4	3	200920919183	55.318	1	2	78
0	3	2	200921213019	11.902	1	11	42
1	3	3	200921213667	16.665	1	1	42
0	3	3	200921214005	16.665	1	1	42
0	3	2	200921214144	11.902	1	11	42
0	3	3	200921214966	16.665	1	1	42
0	3	3	200921215590	16.665	1	4	42
0	3	3	200921216083	16.665	1	1	42
0	3	3	200921216635	16.665	1	1	42
0	3	3	200921216733	23.804	1	11	42
1	3	3	200921216830	16.665	1	4	42
1	3	3	200921218505	23.804	1	11	42
0	3	3	200921220509	23.804	1	11	42
0	3	3	200921220555	16.665	1	1	42
1	3	3	200921220642	16.665	1	2	42
40	3	3	200921220642	16.665	1	2	42
99	3	3	200921221232	16.665	1	1	42
1	3	3	200921221850	16.665	1	1	42
1	3	3	200921222481	16.665	1	2	42
40	3	3	200921222481	16.665	1	2	42
0	3	3	200921223333	16.665	1	1	42
0	3	4	200921223646	308.299	1	1	42
0	3	3	200921223703	16.665	1	1	42
40	3	3	200921223874	34.715	1	1	61
0	3	6	200921224095	141.651	1	1	42
1	3	3	200921224515	34.715	1	1	61
0	3	3	200921224518	34.715	1	1	61
0	3	3	200921224888	34.715	1	1	61
0	3	3	200921225140	16.665	1	1	42
0	4	3	200921315951	22.188	1	7	79
1	4	3	200921316002	22.188	1	7	79
0	4	3	200921316013	22.188	1	7	79
0	4	3	200922079371	19.23	1	1	81
99	4	3	200922079602	16.827	1	5	81
0	4	3	200922080014	21.314	1	11	81
21	4	3	200922080346	15.561	1	7	81
0	4	3	200922080763	19.23	1	1	81
0	4	3	200922082102	16.827	1	5	81
0	4	2	200922082156	2.404	1	3	81
1	4	3	200922082704	16.827	1	4	81
0	4	3	200922082956	12.019	1	10	81
0	4	3	200922083415	19.23	1	1	81
0	4	3	200922083515	12.019	1	10	81
0	4	3	200922083535	12.019	1	10	81
0	4	3	200922083601	16.827	1	3	81
0	4	3	200922084432	19.23	1	1	81
0	4	3	200922085033	19.23	1	1	81
0	4	3	200922086446	19.23	1	1	81
4	4	3	200922086471	19.23	1	1	81
0	4	3	200922086557	16.827	1	4	81
0	4	3	200922086557	16.827	2	4	81
1	4	3	200922086657	15.561	1	7	81
99	4	4	200922086915	312.494	1	10	81
0	4	3	200922086916	12.019	1	10	81
0	4	3	200922086931	15.561	1	7	81
1	4	3	200922087564	19.23	1	1	81
21	4	4	200922300129	311.904	1	1	82
0	4	3	200922300153	16.416	1	1	82
0	4	3	200922300183	16.416	1	1	82
21	4	3	200922300317	16.416	1	1	82
0	4	3	200922300346	16.416	1	1	82
1	4	3	200922300681	16.416	1	1	82
0	4	2	200922300716	5.472	1	1	82
0	4	3	200922300996	16.416	1	1	82
1	4	3	200922301056	16.416	1	1	82
0	4	3	200922301312	16.416	1	1	82
0	4	3	200922301343	16.416	1	1	82
0	4	3	200922301367	16.416	1	1	82
0	4	3	200922301565	16.416	1	1	82
0	4	3	200922301588	16.416	1	1	82
1	4	3	200922301839	16.416	1	1	82
0	4	3	200922301854	16.416	1	1	82
0	4	3	200922301870	16.416	1	1	82
0	4	3	200922301888	16.416	1	1	82
1	4	3	200922302087	16.416	1	1	82
99	4	3	200922302103	16.416	1	1	82
0	4	2	200922302324	5.472	1	1	82
0	4	3	200922302338	16.416	1	1	82
1	4	3	200922302367	16.416	1	1	82
0	4	3	200922302646	16.416	1	1	82
1	4	3	200922302650	16.416	1	1	82
0	4	3	200922302659	16.416	1	1	82
1	4	3	200922302956	16.416	1	1	82
1	4	3	200922303192	16.416	1	1	82
1	4	3	200922303595	16.416	1	1	82
0	4	3	200922303608	16.416	1	1	82
97	4	3	200922303612	16.416	1	1	82
0	4	3	200922303748	16.416	1	1	82
1	4	3	200922303978	16.416	1	1	82
21	4	3	200922303993	16.416	1	1	82
0	4	3	200922304003	16.416	1	1	82
1	4	3	200922304232	16.416	1	1	82
1	4	3	200922304266	16.416	1	1	82
0	4	3	200922304277	16.416	1	1	82
0	4	3	200922304501	16.416	1	1	82
1	4	3	200922304528	16.416	1	1	82
0	4	3	200922304558	16.416	1	1	82
0	4	3	200922304905	16.416	1	1	82
1	4	3	200922305047	16.416	1	1	82
0	4	3	200922305065	16.416	1	1	82
0	4	3	200922305747	16.416	1	1	82
1	4	3	200922305759	16.416	1	1	82
0	4	3	200922305780	16.416	1	1	82
0	4	3	200922305937	16.416	1	1	82
0	4	3	200922305945	16.416	1	1	82
1	4	3	200922306040	16.416	1	1	82
0	4	3	200922306226	16.416	1	1	82
0	4	4	200922306714	311.904	1	1	82
22	4	3	200922307115	16.416	1	1	82
0	4	4	200922307248	311.904	1	1	82
0	4	3	200922307427	16.416	1	1	82
0	4	3	200922307458	16.416	1	1	82
0	4	3	200922308022	16.416	1	1	82
1	4	3	200922308058	16.416	1	1	82
21	4	3	200922308068	16.416	1	1	82
1	4	3	200922308892	16.416	1	1	82
0	4	3	200922309296	16.416	1	1	82
0	4	3	200922309492	16.416	1	1	82
1	4	3	200922309556	16.416	1	1	82
0	4	3	200922396537	16.416	1	1	82
0	4	4	200922396766	311.904	1	1	82
1	4	4	200922397031	311.904	1	1	82
1	4	3	200922397101	16.416	1	1	82
1	4	3	200922397317	16.416	1	1	82
0	4	3	200922397338	16.416	1	1	82
4	4	3	200922397345	16.416	1	1	82
0	4	3	200922397364	16.416	1	1	82
0	4	4	200922397466	311.904	1	1	82
0	4	3	200922397938	16.416	1	1	82
0	4	3	200922398375	16.416	1	1	82
0	4	3	200922398411	16.416	1	1	82
21	4	3	200922398685	16.416	1	1	82
1	4	3	200922398694	16.416	1	1	82
1	4	3	200922399320	16.416	1	1	82
0	4	3	200922399614	16.416	1	1	82
0	4	3	200922399932	16.416	1	1	82
0	3	3	200923913136	18.408	1	1	50
0	3	3	200923913390	18.408	1	2	50
0	3	3	200923914541	18.408	1	2	50
0	3	3	200923914709	13.677	1	7	50
1	3	3	200923915319	18.408	1	2	50
1	3	3	200923915417	18.408	1	5	50
0	3	3	200923916973	18.408	1	3	50
1	3	3	200923917018	13.677	1	7	50
0	3	3	200923917031	18.408	1	2	50
1	3	3	200923917202	18.408	1	5	50
0	3	2	200923917273	4.602	1	1	50
0	3	3	200923917364	18.408	1	2	50
0	3	3	200923917746	18.408	1	1	50
0	3	3	200923917918	18.408	1	4	50
0	3	3	200923918135	18.408	1	3	50
0	3	3	200923918300	18.408	1	4	50
0	3	3	200923918392	18.408	1	2	50
0	3	3	200923919031	18.408	1	2	50
0	3	3	200923919271	13.677	1	7	50
0	3	3	200923919982	13.677	1	7	50
1	4	3	200924800282	16.15	1	3	75
21	4	3	200924800282	16.15	1	3	75
99	4	3	200924800426	16.15	1	3	75
99	4	3	200924800510	16.15	1	3	75
99	4	3	200924800808	16.15	1	4	75
99	4	3	200924800833	16.15	1	3	75
99	4	3	200924900132	16.15	1	3	75
99	4	3	200924900728	16.15	1	4	75
99	4	6	200924901386	137.278	1	4	75
1	4	3	200925100725	22.188	1	7	79
0	4	3	200925100800	22.188	1	7	79
0	4	3	200925102523	22.188	1	7	79
21	4	3	200925102543	22.188	1	7	79
0	4	3	200925102782	22.188	1	7	79
0	4	3	200925103335	22.188	1	7	79
0	4	3	200925103555	22.188	1	7	79
0	4	3	200925103555	22.188	2	7	79
0	4	3	200925103572	22.188	1	7	79
0	4	6	200925104019	144.222	1	7	79
0	4	3	200925104586	22.188	1	7	79
0	4	3	200925104889	22.188	1	7	79
99	4	3	200925104912	22.188	1	7	79
0	4	3	200925105410	22.188	1	7	79
0	4	3	200925106269	22.188	1	7	79
0	4	3	200925106522	22.188	2	7	79
0	4	3	200925106686	22.188	1	7	79
1	4	3	200925106715	22.188	1	7	79
99	4	3	200925106963	22.188	1	7	79
21	4	3	200925107082	22.188	1	7	79
0	4	3	200925107842	22.188	1	7	79
0	4	3	200925107854	22.188	1	7	79
0	4	3	200925107861	22.188	1	7	79
0	4	3	200925107879	22.188	1	7	79
0	4	3	200925108499	22.188	1	7	79
99	4	3	200925108533	22.188	1	7	79
0	1	4	200929935993	304.982	1	1	1
0	1	3	200929936092	33.887	1	2	1
1	1	3	200929936114	33.887	1	4	1
1	1	4	200929936180	304.982	1	8	1
0	1	3	200929936185	33.887	1	2	1
21	1	3	200929936281	33.887	1	4	1
0	1	3	200929936376	33.887	1	4	1
0	1	3	200929936430	33.887	1	1	1
21	1	3	200929936446	33.887	1	1	1
0	1	3	200929936541	33.887	1	2	1
0	1	3	200929937995	33.887	1	4	1
1	1	3	200929938353	33.887	1	1	1
0	1	3	200930021737	52.036	1	10	7
0	1	3	200930021897	18.793	1	3	7
0	1	3	200930022002	19.319	1	5	7
0	1	4	200930022225	310.091	1	2	7
21	1	3	200930022576	18.793	1	2	7
0	1	3	200930022842	19.319	1	5	7
0	1	4	200930022857	310.091	1	3	7
1	1	4	200930023101	309.1	1	5	7
0	1	3	200930023200	18.793	1	2	7
0	1	3	200930023952	18.793	1	2	7
0	1	3	200930260170	21.381	1	1	23
0	1	3	200930260752	17.865	1	6	23
0	1	3	200930260905	21.381	1	1	23
0	1	3	200930261083	21.381	1	1	23
0	1	3	200930261607	21.381	1	1	23
1	1	3	200930262065	21.381	1	1	23
0	1	3	200930262221	21.381	1	1	23
0	1	3	200930262221	21.381	2	1	23
0	1	3	200930262944	21.381	1	1	23
0	1	3	200930262973	21.381	1	1	23
0	1	3	200930263808	21.381	1	1	23
99	1	3	200930264220	21.381	1	1	23
21	1	3	200930264565	21.381	1	1	23
1	1	2	200930264778	21.381	1	1	23
1	1	3	200930264930	21.381	1	1	23
0	1	4	200930265169	299.334	1	1	23
0	1	3	200930265183	21.381	1	1	23
0	1	3	200930358966	107.093	1	14	25
1	1	4	200930359792	307.837	1	5	24
1	1	3	200930359875	28.446	1	9	24
0	1	3	200930360018	17.102	1	5	24
1	1	3	200930360189	12.07	1	3	25
1	1	3	200930360269	17.389	1	7	24
1	1	3	200930360331	40.614	1	6	25
1	1	2	200930360498	28.446	1	9	24
1	1	3	200930360618	107.093	1	14	25
4	1	3	200930360639	12.07	1	2	25
21	1	3	200930360776	17.389	1	7	24
0	1	3	200930360797	16.671	1	2	24
1	1	3	200930360830	45.172	1	7	25
0	1	4	200930361112	319.785	1	12	24
0	1	3	200930361242	28.446	1	9	24
0	1	3	200930361565	12.07	1	1	25
21	1	4	200930361649	316.75	1	2	24
0	1	3	200930361727	28.446	1	9	24
99	1	3	200930361859	17.389	1	7	24
0	1	4	200930361958	321.278	1	14	25
21	1	3	200930362006	39.973	1	12	24
99	1	4	200930362496	316.75	1	2	24
0	1	3	200930362650	28.446	1	9	24
0	1	4	200930362996	319.785	1	12	24
1	1	3	200930363099	12.07	1	3	25
1	1	3	200930363128	45.172	1	7	25
99	1	3	200930363260	28.446	1	9	24
0	1	3	200930363351	12.07	1	1	25
1	1	3	200930363404	12.07	1	2	25
0	1	3	200930363721	12.07	1	3	25
1	1	3	200930363776	12.07	1	2	25
1	1	3	200930363795	12.07	1	2	25
0	1	3	200930364056	16.671	1	2	24
1	1	3	200930364078	17.389	1	7	24
1	1	2	200930364184	39.973	1	12	24
1	1	3	200930364209	28.446	1	9	24
21	1	3	200930364837	16.671	1	2	24
0	1	4	200930364891	313.825	1	1	25
1	2	3	200930441787	20.936	1	1	32
0	2	3	200930442812	18.905	1	4	10
0	2	3	200930442963	27.098	1	24	10
0	2	3	200930446108	18.466	1	1	33
0	2	3	200930447966	18.466	1	1	33
21	2	3	200930449068	27.098	1	24	10
0	2	3	200930450095	18.905	1	3	10
0	2	3	200930451309	20.936	1	1	32
1	2	3	200930451472	15.077	1	5	10
1	2	3	200930451756	27.098	1	24	10
0	2	3	200930451770	27.098	1	24	10
0	2	3	200930451794	18.466	1	1	33
21	2	3	200930451915	18.466	1	3	33
1	2	3	200930452529	17.006	1	17	10
0	2	3	200930453609	27.098	1	24	10
0	2	3	200930454342	18.905	1	3	10
1	2	3	200930454430	18.466	1	1	33
0	2	3	200930454719	18.466	1	3	33
1	2	3	200930454739	18.746	1	6	33
0	2	3	200930455609	15.077	1	5	10
0	2	3	200930456035	20.936	1	1	32
0	2	3	200930456035	20.936	2	1	32
0	2	3	200930456571	18.905	1	4	10
0	2	3	200930457405	15.077	1	5	10
1	2	3	200930459602	20.936	1	1	32
0	2	3	200930801479	16.488	1	4	91
0	2	3	200930801980	19.879	1	9	91
0	2	3	200930802034	14.797	1	46	91
0	2	3	200930802578	15.502	1	15	91
0	2	3	200930802769	14.797	1	46	91
21	2	3	200930802777	14.797	1	46	91
1	2	3	200930803571	20.391	1	19	91
1	2	3	200930803626	23.519	1	14	91
0	2	3	200930804060	16.918	1	3	91
9	2	3	200930804538	14.797	1	46	91
21	2	3	200930804572	14.797	1	46	91
0	2	3	200930804641	20.726	1	32	91
0	2	3	200930804763	16.979	1	7	91
0	2	3	200930805334	14.797	1	46	91
0	2	3	200930805537	16.918	1	3	91
0	2	3	200930806210	16.488	1	4	91
0	2	3	200930806741	19.879	1	9	91
0	2	3	200930806822	16.979	1	7	91
0	2	3	200930807006	16.072	1	55	91
0	2	3	200930807276	15.04	1	24	91
0	2	3	200930807368	21.532	1	67	91
42	2	3	200930807906	20.726	1	32	91
98	2	3	200930807906	20.726	1	32	91
0	2	3	200930808235	16.918	1	3	91
0	2	3	200930808856	16.488	1	4	91
0	2	3	200930809091	15.04	1	24	91
1	2	3	200930810048	30.412	1	113	91
0	2	3	200930899907	16.918	1	3	91
0	1	3	200931121465	29.317	1	1	22
0	1	3	200931121622	60.605	1	6	22
21	1	4	200931121707	313.553	1	11	22
0	1	3	200931121923	60.605	1	6	22
0	1	3	200931122156	29.317	1	1	22
0	1	3	200931122242	29.317	1	1	22
21	1	3	200931259552	12.508	1	9	26
1	1	3	200931260001	16.976	1	1	26
0	1	3	200931260127	16.661	1	3	26
0	1	3	200931260276	16.976	1	2	26
0	1	3	200931260586	16.976	1	1	26
0	1	3	200931260930	12.508	1	9	26
0	1	4	200931260967	312.709	1	9	26
1	1	4	200931260986	309.805	1	1	26
1	1	3	200931260993	16.976	1	1	26
21	1	3	200931261123	12.508	1	9	26
0	1	3	200931261127	16.976	1	1	26
1	1	3	200931261339	16.661	1	3	26
0	1	3	200931261526	33.327	1	13	26
0	1	3	200931261527	33.327	1	13	26
1	1	3	200931261689	16.661	1	3	26
0	2	1	200931500029	11.319	1	1	30
0	2	3	200931501491	22.639	1	1	30
1	2	3	200931501516	22.639	1	1	30
21	2	3	200931501710	22.639	1	1	30
0	2	3	200931502109	22.639	1	1	30
1	2	3	200931502151	22.639	1	1	30
0	2	3	200931502541	22.639	1	1	30
1	2	3	200931502703	22.639	1	1	30
0	2	3	200931503512	16.996	1	2	30
0	2	3	200931503701	22.639	1	1	30
0	2	3	200931503815	22.639	1	1	30
0	2	3	200931503947	22.639	1	1	30
1	2	3	200931503992	22.639	1	1	30
0	2	3	200931504949	22.639	1	1	30
0	2	3	200931505338	17.183	1	1	29
21	2	3	200931505847	22.639	1	1	30
0	2	3	200931505867	22.639	1	1	30
0	2	3	200931505875	22.639	1	1	30
0	2	3	200931505934	22.639	1	1	30
0	2	3	200931505955	22.639	1	1	30
0	2	3	200931506446	22.639	1	1	30
0	2	3	200931506459	22.639	1	1	30
0	2	3	200931506642	22.639	1	1	30
1	2	3	200931506800	22.639	1	1	30
21	2	3	200931506845	22.639	1	1	30
1	2	3	200931506970	22.639	1	1	30
0	2	3	200931507074	17.183	1	1	29
0	2	3	200931507240	22.639	1	1	30
1	2	3	200931507609	22.639	1	1	30
21	2	3	200931507692	22.639	1	1	30
0	2	3	200931508651	22.639	1	1	30
1	2	3	200931509190	22.639	1	1	30
1	2	3	200931509264	22.639	1	1	30
21	2	3	200931510211	22.639	1	1	30
1	2	3	200931510335	22.639	1	1	30
1	2	3	200931510408	22.639	1	1	30
0	3	3	200931729901	45.093	1	3	44
0	3	3	200931730062	45.093	1	3	44
0	3	3	200931730148	45.093	1	3	44
21	3	3	200931730463	45.093	1	2	44
1	3	3	200931730479	45.093	1	4	44
0	3	3	200931730617	45.093	1	1	44
0	3	3	200931731491	45.093	1	5	44
21	3	3	200931841668	22.464	1	1	46
0	3	3	200931842284	22.464	1	5	46
0	3	3	200931842359	22.464	1	3	46
0	3	3	200931842806	22.464	1	3	46
1	3	3	200931844571	22.464	1	4	46
0	3	4	200931844966	314.496	1	4	46
1	3	3	200932030398	34.715	1	2	61
0	3	3	200932030414	34.715	1	2	61
0	3	3	200932030454	34.715	1	1	61
40	3	3	200932030457	34.715	1	1	61
0	3	3	200932030475	34.715	1	1	61
21	3	3	200932030478	34.715	1	1	61
40	3	3	200932030478	34.715	1	1	61
99	3	3	200932030577	34.715	1	1	61
1	3	3	200932030783	34.715	1	1	61
0	3	3	200932030814	34.715	1	3	61
0	3	4	200932030927	312.432	1	5	61
40	3	3	200932030989	34.715	1	1	61
21	3	3	200932031006	34.715	1	2	61
0	3	3	200932031025	34.715	1	3	61
0	3	3	200932031041	34.715	1	4	61
0	3	3	200932031044	34.715	1	4	61
0	3	3	200932031064	34.715	1	2	61
0	3	3	200932031083	34.715	1	4	61
0	3	3	200932031137	34.715	1	1	61
1	3	3	200932031143	34.715	1	1	61
0	3	3	200932031147	34.715	1	1	61
0	3	3	200932031167	34.715	1	1	61
0	3	3	200932031189	34.715	1	1	61
0	3	3	200932031243	34.715	1	2	61
1	3	3	200932031351	34.715	1	3	61
1	3	4	200932031398	312.432	1	2	61
0	3	3	200932031468	34.715	1	1	61
0	3	3	200932031485	34.715	1	2	61
0	3	3	200932031490	34.715	1	4	61
0	3	3	200932031531	34.715	1	5	61
21	3	3	200932031532	34.715	1	5	61
1	3	3	200932031537	34.715	1	3	61
1	3	3	200932031553	34.715	1	1	61
40	3	3	200932031562	34.715	1	1	61
0	3	3	200932031582	34.715	1	1	61
1	3	3	200932031666	34.715	1	3	61
0	3	3	200932031690	34.715	1	4	61
0	3	3	200932031738	34.715	1	5	61
0	3	4	200932031779	312.432	1	4	61
0	3	4	200932031779	312.432	2	4	61
0	3	4	200932031779	312.432	3	4	61
0	3	4	200932031779	312.432	4	4	61
0	3	3	200932031781	34.715	1	4	61
0	3	3	200932031861	34.715	1	1	61
0	3	4	200932031912	312.432	1	1	61
0	3	3	200932031947	34.715	1	3	61
1	3	3	200932032031	34.715	1	1	61
40	3	3	200932032034	34.715	1	1	61
0	3	3	200932032068	34.715	1	2	61
0	3	3	200932032142	34.715	1	1	61
0	3	3	200932032161	34.715	1	2	61
0	3	3	200932032297	34.715	1	5	61
40	3	3	200932032309	34.715	1	4	61
0	3	3	200932032343	34.715	1	5	61
0	3	3	200932032427	34.715	1	1	61
1	3	3	200932032436	34.715	1	1	61
1	3	3	200932032443	34.715	1	1	61
0	3	3	200932032487	34.715	1	1	61
99	3	3	200932032508	34.715	1	5	61
0	3	3	200932032560	34.715	1	1	61
1	3	3	200932032564	34.715	1	1	61
40	3	3	200932032598	34.715	1	2	61
0	3	3	200932032623	34.715	1	4	61
21	3	3	200932032625	34.715	1	4	61
40	3	3	200932032681	34.715	1	2	61
1	3	3	200932032723	34.715	1	5	61
0	3	3	200932032777	34.715	1	4	61
0	3	3	200932032835	34.715	1	2	61
40	3	3	200932032857	34.715	1	5	61
0	3	3	200932032897	34.715	1	2	61
0	3	3	200932032907	34.715	1	3	61
1	3	4	200932032933	312.432	1	3	61
0	3	3	200932033057	34.715	1	2	61
0	3	3	200932033058	34.715	1	2	61
0	3	3	200932033101	34.715	1	5	61
0	3	3	200932033120	34.715	1	2	61
21	3	3	200932033135	34.715	1	2	61
1	3	3	200932033173	34.715	1	2	61
0	3	3	200932033264	34.715	1	2	61
0	3	3	200932170655	13.962	1	1	63
0	3	3	200932170672	13.962	1	1	63
0	3	3	200932171534	13.962	1	1	63
21	3	3	200932171542	13.962	1	1	63
0	3	3	200932171947	40.029	1	6	62
1	3	3	200932172144	13.962	1	1	63
0	3	3	200932172510	24.553	1	4	62
0	3	3	200932173120	24.553	1	4	62
0	3	3	200932174498	13.962	1	1	63
0	3	3	200932175274	70.848	1	8	62
0	3	3	200932175361	24.553	1	3	62
0	3	3	200932175489	40.029	1	6	62
21	3	4	200932175880	283.393	1	8	62
21	3	3	200932176019	24.553	1	2	62
1	3	3	200932176346	13.962	1	1	63
0	3	3	200932176484	13.962	1	1	63
1	3	3	200932177493	13.962	1	1	63
21	3	3	200932177544	13.962	1	1	63
0	3	3	200932177863	24.553	1	3	62
21	3	3	200932178267	13.962	1	1	63
0	3	3	200932178551	13.962	1	1	63
21	3	3	200932274770	18.881	1	1	64
0	3	3	200932276429	18.881	1	1	64
0	3	3	200932276873	18.881	1	1	64
1	3	3	200932277331	18.881	1	1	64
1	3	3	200932277331	18.881	2	1	64
0	3	3	200932278314	18.881	1	1	64
0	3	3	200932278687	18.881	1	1	64
0	3	3	200932280373	18.881	1	1	64
0	3	3	200932280833	18.881	1	1	64
21	3	3	200932281743	18.881	1	1	64
1	2	3	200932343550	12.347	1	2	71
21	2	3	200932343928	12.347	1	3	71
21	2	3	200932343953	81.131	1	10	71
1	2	3	200932344022	12.347	1	4	71
0	2	3	200932344057	12.347	1	1	71
21	2	4	200932344168	308.67	1	2	71
0	2	3	200932344293	12.347	1	5	71
0	2	3	200932344337	12.347	1	1	71
0	2	3	200932344345	12.347	1	2	71
1	2	3	200932344363	12.347	1	2	71
1	2	3	200932344710	12.347	1	2	71
21	2	3	200932344764	81.131	1	10	71
0	2	3	200932344952	12.347	1	1	71
0	2	3	200932345165	12.347	1	4	71
22	2	3	200932345338	81.131	1	10	71
0	2	3	200932345385	12.347	1	1	71
0	2	3	200932345715	40.212	1	7	71
0	2	3	200932345732	12.347	1	1	71
0	2	3	200932345925	12.347	1	4	71
1	2	3	200932346199	12.347	1	4	71
0	2	3	200932346386	12.347	1	1	71
0	2	3	200932346977	12.347	1	4	71
0	4	3	200932400681	14.644	1	1	77
1	4	3	200932400782	14.644	1	1	77
0	4	3	200932400824	14.644	1	1	77
0	4	3	200932400842	14.644	1	1	77
0	4	3	200932401095	18.305	1	2	77
1	4	3	200932401531	14.644	1	1	77
0	4	3	200932401610	14.644	1	1	77
0	4	2	200932401850	7.322	1	1	77
0	4	3	200932402731	18.305	1	5	77
0	4	3	200932402934	14.644	1	1	77
0	4	3	200932402994	14.644	1	1	77
0	4	3	200932403010	14.644	1	1	77
0	4	3	200932403264	14.644	1	1	77
0	4	3	200932403407	14.644	1	1	77
0	4	3	200932403407	14.644	2	1	77
0	4	3	200932403407	14.644	3	1	77
1	4	3	200932403770	14.644	1	1	77
49	4	3	200932403770	14.644	1	1	77
0	4	3	200932404230	14.644	1	1	77
0	4	3	200932404898	14.644	1	1	77
1	4	3	200932404975	14.644	1	1	77
1	4	3	200932405053	14.644	1	1	77
0	4	3	200932405090	14.644	1	1	77
0	4	3	200932405482	14.644	1	1	77
0	4	3	200932405734	14.644	1	1	77
1	4	3	200932405820	14.644	1	1	77
0	4	3	200932406305	14.644	1	1	77
1	4	3	200932406416	18.305	1	5	77
0	4	3	200932406459	14.644	1	1	77
0	4	3	200932406518	14.644	1	1	77
0	4	3	200932406659	14.644	1	1	77
0	4	3	200932406843	14.644	1	1	77
0	4	3	200932406856	14.644	1	1	77
0	4	3	200932406880	14.644	1	1	77
1	4	3	200932406944	14.644	1	1	77
0	4	3	200932407205	14.644	1	1	77
0	4	3	200932407236	14.644	1	1	77
0	4	3	200932407268	14.644	1	1	77
0	4	3	200932407272	14.644	1	1	77
0	4	3	200932407278	14.644	1	1	77
1	4	3	200932407342	14.644	1	1	77
1	4	3	200932407620	14.644	1	1	77
1	4	3	200932407911	18.305	1	2	77
0	4	3	200932408373	14.644	1	1	77
0	4	3	200932408417	14.644	1	1	77
0	4	3	200932408846	14.644	1	1	77
0	4	3	200932409041	14.644	1	1	77
0	4	3	200932409070	14.644	1	1	77
0	4	3	200932409110	14.644	1	1	77
0	4	3	200932499502	18.305	1	2	77
0	4	3	200932568078	19.688	1	3	80
1	4	3	200932568361	12.53	1	5	80
0	4	3	200932568668	19.688	1	2	80
0	4	3	200932568738	19.688	1	3	80
0	4	3	200932568861	19.688	1	4	80
0	4	4	200932570027	308.442	1	3	80
1	4	3	200932570065	12.53	1	5	80
0	4	3	200932570133	12.53	1	5	80
1	4	3	200932570298	19.688	1	4	80
0	4	3	200932570309	12.53	1	5	80
0	4	3	200932570403	19.688	1	3	80
1	4	4	200932570573	308.442	1	2	80
0	4	3	200932570635	19.688	1	3	80
1	4	3	200932571044	19.688	1	2	80
1	4	3	200932571102	19.688	1	3	80
0	4	3	200932571275	19.688	1	1	80
0	4	3	200932571484	12.53	1	5	80
1	4	3	200932571522	13.63	1	8	80
0	4	3	200932571646	27.765	1	11	80
21	4	3	200932571662	27.765	1	11	80
0	4	3	200932571746	19.688	1	3	80
0	4	3	200932571987	19.688	1	1	80
0	4	3	200932572073	19.688	1	1	80
1	4	3	200932572210	19.688	1	2	80
0	4	4	200932572367	308.442	1	1	80
0	4	3	200932572440	19.688	1	3	80
0	4	3	200932572681	19.688	1	4	80
0	4	3	200932572722	19.688	1	3	80
0	4	3	200932572722	19.688	2	3	80
0	4	3	200932573359	82.032	1	17	80
21	4	3	200932573457	19.688	1	1	80
0	4	3	200932573504	12.53	1	5	80
1	4	4	200932573507	313.262	1	5	80
1	4	3	200932573678	19.688	1	3	80
1	4	3	200932573684	19.688	1	4	80
99	4	3	200932573735	19.688	1	1	80
1	4	3	200932573849	12.53	1	5	80
0	4	3	200932573966	27.765	1	11	80
0	4	3	200932574264	12.53	1	5	80
0	4	3	200932574594	19.688	1	3	80
0	4	3	200932574889	19.688	1	3	80
0	4	3	200932575092	27.765	1	11	80
0	2	3	200932624042	16.793	1	1	92
1	2	3	200932624668	16.793	1	1	92
21	2	3	200932625057	16.793	1	4	92
0	2	3	200932625096	19.124	1	16	92
0	2	3	200932625490	16.793	1	1	92
99	2	3	200932625656	16.793	1	1	92
0	2	3	200932626589	19.124	1	16	92
1	2	6	200932626621	133.866	1	16	92
21	2	3	200932627825	46.496	1	41	92
99	2	3	200932627885	16.793	1	1	92
8	2	3	200932627991	16.793	1	1	92
0	2	3	200932628062	16.793	1	3	92
0	2	3	200932628547	16.793	1	1	92
0	2	3	200932629532	18.472	1	23	92
1	2	4	200932630052	305.088	1	15	92
0	2	3	200932630669	16.793	1	1	92
0	2	3	200932631014	20.602	1	11	92
0	2	3	200932631070	16.793	1	1	92
1	2	3	200932631745	46.496	1	41	92
0	2	3	200932632037	19.124	1	16	92
0	2	3	200932632191	16.793	1	1	92
1	2	3	200932634089	16.793	1	2	92
1	4	3	200932883541	18.189	1	1	95
1	4	3	200932884343	18.189	1	1	95
0	4	3	200932884500	18.189	1	1	95
0	4	3	200932885805	18.189	1	1	95
0	4	3	200932889354	18.189	1	4	95
21	4	3	200932890066	12.074	1	7	95
1	4	3	200932890845	18.189	1	1	95
21	4	4	200932890883	309.213	1	1	95
1	4	3	200932890944	18.189	1	1	95
0	4	3	200932891046	18.189	1	1	95
0	4	3	200932891119	18.189	1	1	95
1	4	3	200932893298	18.189	1	1	95
1	4	3	200932895449	18.189	1	1	95
1	4	3	200959658608	31.217	1	5	94
1	4	2	200959658868	15.759	1	1	94
1	4	3	200959658915	15.759	1	1	94
99	4	3	200959658991	15.759	1	4	94
1	4	3	200959659128	15.759	1	1	94
99	4	3	200959659188	15.759	1	1	94
0	4	3	200959659399	15.759	1	1	94
99	4	3	200959659456	15.759	1	1	94
1	4	3	200959659809	15.759	1	3	94
1	4	3	200959659934	15.759	1	4	94
1	4	3	200959660093	15.759	1	1	94
1	4	3	200959660333	15.759	1	1	94
1	4	3	200959660365	15.759	1	1	94
99	4	3	200959660513	15.759	1	1	94
99	4	3	200959660522	15.759	1	1	94
0	4	3	200959660624	15.759	1	3	94
99	4	3	200959660806	15.759	1	1	94
0	4	3	200959660871	15.759	1	1	94
99	4	3	200959660879	15.759	1	1	94
99	4	3	200959660886	15.759	1	1	94
0	4	3	200959660926	15.759	1	4	94
0	4	3	200959661023	15.759	1	4	94
1	4	3	200959661069	15.759	1	1	94
99	4	3	200959661111	15.759	1	1	94
99	4	3	200959661151	15.759	1	3	94
99	4	3	200959661181	15.759	1	3	94
99	4	3	200959661282	15.759	1	2	94
99	4	3	200959661282	15.759	2	2	94
99	4	3	200959661302	15.759	1	1	94
99	4	3	200959661303	15.759	1	1	94
99	4	3	200959661306	15.759	1	1	94
99	4	3	200959661320	15.759	1	1	94
1	4	3	200959661322	15.759	1	1	94
99	4	3	200959661405	15.759	1	1	94
99	4	3	200959661467	15.759	1	4	94
1	4	3	200959661585	15.759	1	1	94
99	4	3	200959661613	15.759	1	1	94
1	4	3	200959661617	15.759	1	1	94
0	4	3	200959661676	15.759	1	1	94
99	4	3	200959661680	15.759	1	1	94
1	4	3	200959661685	15.759	1	1	94
99	4	3	200959661707	15.759	1	1	94
1	4	3	200959661709	15.759	1	1	94
99	4	3	200959661750	15.759	1	1	94
99	4	3	200959661775	15.759	1	1	94
99	4	3	200959661833	15.759	1	1	94
21	4	3	200959661857	15.759	1	2	94
99	4	3	200959661878	15.759	1	2	94
1	4	3	200959661898	31.217	1	5	94
0	4	3	200959661899	31.217	1	5	94
1	4	3	200959662071	15.759	1	2	94
99	4	3	200959662088	15.759	1	2	94
0	4	3	200959662122	15.759	1	3	94
1	4	3	200959662165	15.759	1	3	94
1	4	3	200959662171	15.759	1	3	94
1	4	3	200959662179	15.759	1	3	94
99	4	3	200959662205	15.759	1	3	94
99	4	3	200959662250	15.759	1	1	94
99	4	3	200959662267	15.759	1	1	94
8	4	3	200959662281	15.759	1	1	94
8	4	3	200959662281	15.759	2	1	94
1	4	3	200959662302	15.759	1	1	94
0	4	3	200959662318	15.759	1	1	94
1	4	3	200959662319	15.759	1	1	94
1	4	3	200959662337	15.759	1	1	94
8	4	3	200959662366	15.759	1	1	94
99	4	3	200959662378	15.759	1	2	94
99	4	3	200959662397	15.759	1	2	94
99	4	3	200959662412	15.759	1	2	94
99	4	3	200959662425	15.759	1	2	94
0	4	3	200959662435	15.759	1	2	94
99	4	3	200959662467	15.759	1	2	94
0	4	3	200959662484	31.217	1	5	94
0	4	3	200959662484	31.217	2	5	94
99	4	3	200959662517	15.759	1	4	94
99	4	3	200959662545	15.759	1	3	94
99	4	3	200959662561	15.759	1	3	94
99	4	3	200959662600	15.759	1	3	94
0	4	3	200959662645	15.759	1	3	94
99	4	4	200959662655	315.182	1	3	94
1	4	3	200959662691	15.759	1	1	94
99	4	3	200959662724	15.759	1	1	94
99	4	3	200959662727	15.759	1	1	94
1	4	3	200959662736	15.759	1	1	94
99	4	3	200959662758	15.759	1	1	94
99	4	3	200959662767	15.759	1	1	94
8	4	3	200959662771	15.759	1	1	94
1	4	3	200959662780	15.759	1	1	94
99	4	3	200959662804	15.759	1	1	94
1	4	4	200959662805	315.182	1	1	94
99	4	3	200959662812	15.759	1	1	94
99	4	3	200959662815	15.759	1	1	94
1	4	3	200959662969	15.759	1	4	94
0	4	3	200959663047	15.759	1	1	94
1	4	3	200959663063	15.759	1	1	94
1	4	3	200959663216	15.759	1	1	94
1	4	3	200959663329	15.759	1	3	94
99	4	3	200959663347	15.759	1	1	94
99	4	3	200959663613	15.759	1	1	94
1	4	3	200959663620	15.759	1	1	94
21	4	3	200959663744	15.759	1	3	94
99	4	3	200959663760	15.759	1	3	94
99	4	3	200959663765	15.759	1	3	94
99	4	3	200959663768	15.759	1	3	94
99	4	4	200959663780	315.182	1	3	94
0	4	3	200959663794	15.759	1	3	94
99	4	3	200959663824	15.759	1	3	94
0	4	3	200959663859	15.759	1	3	94
99	4	3	200959663887	15.759	1	3	94
99	4	3	200959663981	15.759	1	1	94
99	4	3	200959663994	15.759	1	1	94
1	4	3	200959664003	15.759	1	1	94
1	4	3	200959664430	15.759	1	3	94
0	4	3	200959664434	15.759	1	3	94
21	4	3	200959664974	15.759	1	3	94
99	4	3	200959665000	15.759	1	3	94
1	4	3	200964300842	22.188	1	1	79
4	4	3	200964300903	22.188	1	1	79
0	4	3	200964301004	22.188	1	1	79
0	4	3	200964301041	22.188	1	1	79
1	4	4	200964301118	310.632	1	1	79
1	4	3	200964301207	22.188	1	1	79
0	4	4	200964301234	310.632	1	1	79
0	4	3	200964301281	22.188	1	1	79
1	4	3	200964301338	22.188	2	1	79
0	4	3	200964301437	22.188	1	1	79
0	4	3	200964301535	22.188	1	1	79
0	4	3	200964301599	22.188	1	1	79
1	4	3	200964301616	22.188	1	1	79
0	4	3	200964301716	22.188	1	1	79
1	4	3	200964301749	22.188	1	1	79
0	4	3	200964301778	22.188	1	1	79
0	4	3	200964301827	22.188	1	1	79
0	4	3	200964301884	22.188	1	1	79
0	2	3	200964602912	19.051	1	1	11
0	2	3	200964603346	19.051	1	1	11
1	2	4	200964603511	304.811	1	1	11
1	2	3	200964603667	19.051	1	1	11
0	2	3	200964603940	19.051	1	1	11
1	2	3	200964603964	19.051	1	1	11
1	2	3	200964604135	19.051	1	1	11
0	3	3	200965508017	12.222	1	2	43
0	3	3	200965508870	12.222	1	2	43
0	3	3	200965508930	12.222	1	2	43
0	3	3	200965509212	12.222	1	2	43
0	3	3	200965509680	12.222	1	2	43
1	4	3	200965601111	16.15	1	4	75
99	4	3	200965601391	16.15	1	3	75
99	4	3	200965601521	16.15	1	4	75
99	4	3	200965601606	16.15	1	3	75
99	4	3	200965901559	22.188	1	1	79
0	4	4	200965901594	310.632	1	1	79
99	4	3	200965901618	22.188	1	1	79
1	4	3	200965901696	22.188	1	1	79
0	4	3	200965901822	22.188	1	1	79
0	4	6	200965901844	144.222	1	1	79
0	4	4	200965901875	310.632	1	1	79
0	4	3	200965901892	22.188	1	1	79
0	4	3	200965901991	22.188	1	1	79
21	4	3	200965902018	22.188	1	1	79
1	4	3	200965902072	22.188	1	1	79
0	4	3	200965902231	22.188	1	1	79
0	4	3	200965902332	22.188	1	1	79
0	4	3	200965902348	22.188	1	1	79
0	4	3	200965902900	22.188	1	7	79
0	4	4	200965902922	310.632	1	1	79
1	4	3	200965903165	22.188	1	7	79
0	4	3	200965903261	22.188	1	7	79
0	4	3	200965903275	22.188	1	7	79
1	4	3	200965903306	22.188	1	7	79
0	4	3	200965903342	22.188	1	1	79
0	4	3	200965903399	22.188	1	1	79
97	4	3	200965903682	22.188	1	1	79
0	4	3	200965903696	22.188	1	1	79
0	4	3	200965903866	22.188	1	1	79
1	4	3	200965904121	22.188	1	7	79
97	4	3	200965904134	22.188	1	7	79
1	4	3	200965904310	22.188	1	7	79
0	4	3	200965904691	22.188	1	1	79
0	4	2	200965904709	11.094	1	1	79
1	3	2	200968503500	12.222	1	1	43
1	2	3	200968702800	19.051	1	3	11
0	2	3	200968702924	19.051	1	3	11
1	2	3	200968702964	19.051	1	3	11
0	2	3	200968703033	19.051	1	3	11
0	2	3	200968703090	19.051	1	3	11
4	2	3	200968703122	19.051	1	3	11
8	2	4	200968703144	304.811	1	3	11
1	2	3	200968703170	19.051	1	3	11
1	2	3	200968703300	19.051	1	3	11
0	2	3	200968703311	19.051	1	3	11
0	2	4	200968703313	304.811	1	3	11
1	2	3	200968703325	19.051	1	3	11
0	2	3	200968703356	19.051	1	3	11
1	2	3	200968703372	19.051	1	3	11
1	2	3	200968703414	19.051	1	3	11
1	2	3	200968703414	19.051	2	3	11
0	2	4	200968703445	304.811	1	3	11
0	2	3	200968703752	19.051	1	3	11
1	2	3	200968703771	19.051	1	3	11
1	2	3	200968703803	19.051	1	3	11
1	2	3	200968703889	19.051	1	3	11
21	2	4	200968703982	304.811	1	3	11
0	2	3	200968704225	19.051	1	3	11
21	2	3	200968704275	19.051	1	3	11
1	2	3	200968704285	19.051	1	3	11
4	2	4	200968704385	304.811	1	3	11
99	1	3	200969500176	19.337	1	2	6
1	1	3	200969500189	23.242	1	14	6
1	1	3	200969500210	20.242	1	26	6
1	1	3	200969500216	20.242	1	26	6
0	1	3	200969500217	20.242	1	26	6
1	1	3	200969500312	17.238	1	4	6
0	1	3	200969500339	23.242	1	14	6
99	1	3	200969500371	20.242	1	26	6
0	1	3	200969500372	20.242	1	26	6
0	1	3	200969500431	17.238	1	4	6
99	1	3	200969500444	20.242	1	26	6
1	1	3	200969500458	23.242	1	14	6
0	1	4	200969500486	310.284	1	4	6
21	1	3	200969500516	14.82	1	20	6
1	1	3	200969500525	14.82	1	20	6
0	1	2	200969600205	20.242	1	26	6
0	1	3	200969600265	20.242	1	26	6
1	1	3	200969600401	20.242	1	26	6
0	3	3	200988011802	18.158	1	1	27
1	3	3	200988012660	18.158	1	2	27
1	3	3	200988013302	18.158	1	1	27
1	3	3	200988014443	18.158	1	1	27
0	3	3	200988015026	18.158	1	1	27
0	3	3	200988015048	18.158	1	1	27
1	3	3	200988015334	18.158	1	1	27
1	3	3	200988016364	18.158	1	2	27
21	3	3	200988016385	18.158	1	2	27
21	3	3	200988016445	18.158	1	2	27
1	3	3	200988016491	18.158	1	2	27
0	3	3	200988016955	18.158	1	1	27
0	3	3	200988017136	18.158	1	2	27
0	3	3	200988017287	18.158	1	2	27
1	3	3	200988017536	18.158	1	1	27
0	3	3	200988017647	18.158	1	1	27
0	3	3	200988017827	18.158	1	2	27
21	3	3	200988017855	18.158	1	2	27
1	3	3	200988018268	18.158	1	1	27
1	3	3	200988018300	18.158	1	1	27
0	3	3	200988018505	18.158	1	1	27
98	3	3	200988018573	18.158	1	1	27
0	3	3	200988018905	18.158	1	1	27
0	3	2	200988019108	9.079	1	1	27
1	3	2	200988019157	9.079	1	1	27
1	3	3	200988019162	18.158	1	1	27
0	3	3	200988019360	18.158	1	2	27
21	3	3	200988019551	18.158	1	1	27
62	3	2	200988019624	9.079	1	1	27
1	3	3	200988019649	18.158	1	1	27
1	3	3	200988020803	18.158	1	1	27
1	3	3	200988020841	18.158	1	1	27
0	3	3	200988021490	18.158	1	1	27
21	3	3	200988021596	18.158	1	1	27
0	3	3	200988022171	18.158	1	1	27
0	1	3	200993537831	18.566	1	4	21
0	1	3	200993539154	18.566	1	2	21
1	1	3	200993539219	18.566	1	3	21
1	1	3	200993539509	18.566	1	2	21
0	1	3	200993539673	18.566	1	4	21
0	1	1	200993540412	2.321	1	3	21
0	2	3	200993681315	61.524	1	3	31
0	2	3	200993681483	61.524	1	3	31
0	2	3	200993681622	61.524	1	3	31
0	2	3	200993681625	61.524	1	3	31
0	2	3	200993681643	61.524	1	3	31
0	2	3	200993682037	61.524	1	3	31
0	2	3	200993682204	61.524	1	3	31
0	2	3	200993682206	61.524	1	3	31
0	2	3	200993682333	121.606	1	10	29
0	2	3	200993682338	121.606	1	10	29
0	2	3	200993682517	121.606	1	10	29
