REGION	STRATUM	CASENUM	WEIGHT	EVENTNUM	PGAD	PVEHNO	PJ	PSU
1	4	200910422331	269.56	1	1	1	10	2
1	4	200910422478	295.682	1	4	1	6	2
1	4	200910422660	295.682	1	4	1	6	2
1	4	200910422742	269.56	1	3	1	10	2
1	6	200910423222	179.707	2	1	1	10	2
1	4	200910423273	323.32	2	3	1	4	2
1	4	200910423300	298.606	1	2	1	1	2
1	5	200910423306	106.645	1	1	1	16	2
1	4	200910423316	319.935	1	1	1	16	2
1	4	200910423712	323.32	1	1	1	4	2
1	4	200910423773	298.606	1	4	1	2	2
1	3	200910423983	49.28	1	3	1	6	2
1	4	200910424026	323.32	1	1	1	4	2
1	3	200910424159	27.146	2	3	1	1	2
1	4	200910424167	298.606	1	2	1	3	2
1	6	200910424190	161.66	1	4	1	4	2
1	6	200910424220	106.645	1	2	1	16	2
1	4	200910424245	323.32	1	3	1	4	2
1	6	200910424262	135.73	2	99	1	2	2
1	4	200910424273	287.619	1	3	1	9	2
1	4	200910424341	298.606	1	3	1	1	2
1	1	200910424540	49.28	2	1	1	6	2
1	4	200910424564	323.32	1	3	1	4	2
1	6	200910425221	135.73	6	4	1	2	2
1	6	200910425221	135.73	7	3	2	2	2
1	4	200910425445	269.56	1	12	1	10	2
1	4	200910425520	295.682	1	1	1	6	2
1	4	200910425643	269.56	1	4	1	10	2
1	4	200910425737	269.56	1	4	1	10	2
1	4	200910425798	269.56	1	4	1	10	2
1	4	200910774726	307.888	1	3	1	8	3
1	4	200910774845	308.386	1	2	1	7	3
1	2	200910774995	5.079	2	1	1	3	3
1	2	200910774995	5.079	3	1	2	3	3
1	2	200910774995	5.079	4	2	3	3	3
1	2	200910774995	5.079	5	1	4	3	3
1	2	200910774995	5.079	6	1	5	3	3
1	2	200910774995	5.079	7	1	6	3	3
1	4	200910775272	312.405	2	3	1	16	3
1	4	200910775352	307.888	1	3	1	8	3
1	4	200910775387	306.041	1	3	1	21	3
1	2	200910775719	2.491	1	4	1	1	3
1	4	200910775752	312.405	1	3	1	16	3
1	4	200910775878	306.041	1	3	1	21	3
1	4	200910775913	310.913	1	4	1	10	3
1	4	200910775913	310.913	2	4	2	10	3
1	4	200910775960	309.802	1	1	1	3	3
1	4	200910776289	307.888	1	99	1	8	3
1	5	200910776439	66.023	2	12	1	3	3
1	4	200910776447	309.802	1	3	1	3	3
1	4	200910776683	309.918	1	4	1	13	3
1	4	200910777025	306.041	1	14	1	21	3
1	4	200910777227	306.041	1	1	1	21	3
1	3	200910777272	20.315	2	3	1	3	3
1	1	200910777274	5.079	1	99	1	3	3
1	5	200910777665	66.023	3	12	1	3	3
1	5	200910777665	66.023	4	12	2	3	3
1	4	200910777682	306.041	1	2	1	21	3
1	5	200910777696	66.966	2	3	1	10	3
1	5	200910777696	66.966	3	4	2	10	3
1	4	200910778273	309.918	1	2	1	13	3
1	4	200910778273	309.918	2	4	2	13	3
1	1	200910778347	5.056	2	3	1	7	3
1	4	200910778573	309.802	1	3	1	3	3
1	4	200910778580	312.405	1	3	1	16	3
1	6	200910778613	140.201	2	3	1	13	3
1	6	200910778613	140.201	3	2	2	13	3
1	4	200910779021	306.041	2	3	1	21	3
1	4	200910779283	310.913	1	12	1	10	3
1	4	200910779380	309.802	1	1	1	3	3
1	4	200910779410	312.405	1	4	1	16	3
1	4	200910779410	312.405	2	99	2	16	3
1	6	200910779718	141.554	1	4	1	7	3
1	4	200910779898	309.802	1	4	1	3	3
1	4	200910780320	309.802	1	4	1	3	3
1	4	200910780320	309.802	2	4	2	3	3
1	4	200910780320	309.802	3	4	3	3	3
1	4	200910780352	306.041	1	1	1	21	3
1	4	200910780422	307.888	1	3	1	8	3
1	4	200910780443	309.918	1	4	1	13	3
1	6	200910780460	139.285	1	3	1	4	3
1	4	200910780484	308.386	1	4	1	7	3
1	4	200910780792	309.918	1	3	1	13	3
1	4	200910780808	306.041	1	1	1	21	3
1	1	200910780976	5.079	1	3	1	3	3
1	4	200910781356	307.888	1	3	1	8	3
1	4	200910781395	310.913	1	1	1	10	3
1	4	200910781535	312.405	1	3	1	16	3
1	1	200910782304	7.379	1	3	1	13	3
1	6	200910782428	145.734	3	2	1	21	3
1	4	200910782485	309.802	1	3	1	3	3
1	4	200910782691	310.913	1	3	1	10	3
1	2	200910782743	5.079	2	4	1	3	3
1	4	200910782750	309.802	1	3	1	3	3
1	4	200910782754	308.386	1	3	1	7	3
1	6	200910782863	139.046	2	3	1	8	3
1	6	200910782863	139.046	3	3	1	8	3
1	5	200910782878	69.523	2	12	1	8	3
1	5	200910782878	69.523	3	12	2	8	3
1	1	200910782933	14.573	1	3	1	21	3
1	5	200910782936	72.867	2	1	1	21	3
1	3	200910783111	19.898	1	3	1	4	3
1	3	200910783174	14.758	2	4	1	13	3
1	4	200910783286	309.918	1	3	1	13	3
1	4	200910783353	308.386	1	1	1	7	3
1	5	200910783868	72.867	1	4	1	21	3
1	4	200910783922	308.859	1	4	1	1	3
1	4	200910783975	309.802	2	4	1	3	3
1	4	200910783975	309.802	3	4	2	3	3
1	4	200910784069	308.386	1	4	1	7	3
1	1	200910784174	5.056	3	1	1	7	3
1	1	200910784174	5.056	4	1	2	7	3
1	1	200910784174	5.056	5	1	3	7	3
1	4	200910784319	306.041	1	4	1	21	3
1	4	200910784813	308.418	1	3	1	4	3
1	4	200910784814	306.041	1	4	1	21	3
1	5	200910784830	72.867	1	2	1	21	3
1	4	200910785146	308.859	1	4	1	1	3
1	4	200910785146	308.859	2	4	2	1	3
1	4	200910785146	308.859	3	4	3	1	3
1	4	200910785146	308.859	4	4	4	1	3
1	4	200910785313	308.418	1	1	1	4	3
1	1	200910785663	4.783	1	3	1	10	3
1	1	200910785663	4.783	2	3	1	10	3
1	1	200910785669	4.783	1	99	1	10	3
1	1	200910785669	4.783	2	3	2	10	3
1	1	200910785669	4.783	3	99	3	10	3
1	4	200910785731	310.913	1	3	1	10	3
1	4	200910785858	306.041	1	1	1	21	3
1	4	200910785870	308.386	1	3	1	7	3
1	4	200910785917	307.888	1	3	1	8	3
1	2	200910786472	2.491	3	3	1	1	3
1	2	200910786505	2.491	2	1	1	1	3
1	2	200910786505	2.491	3	4	2	1	3
1	2	200910786505	2.491	4	1	3	1	3
1	1	200910786686	5.056	2	4	1	7	3
1	4	200910787133	307.888	1	1	1	8	3
1	6	200911159138	121.593	1	12	1	17	4
1	4	200911159378	313.116	1	3	1	2	4
1	4	200911159462	305.288	4	11	1	7	4
1	4	200911159473	313.116	1	3	1	1	4
1	4	200911159509	313.116	1	14	1	1	4
1	1	200911159575	121.593	1	1	1	17	4
1	4	200911159585	296.808	1	4	1	11	4
1	4	200911159821	298.504	1	1	1	6	4
1	4	200911160034	313.116	1	11	1	3	4
1	4	200911160189	313.116	1	14	1	2	4
1	4	200911160382	364.78	1	3	1	17	4
1	4	200911161065	305.288	2	13	1	7	4
1	6	200911161275	143.512	1	14	1	4	4
1	6	200911161365	118.723	2	12	1	11	4
1	6	200911162136	143.512	1	3	1	1	4
1	6	200911162201	121.593	1	4	1	17	4
1	4	200911162223	296.808	1	3	1	11	4
1	1	200911162663	13.047	1	1	1	1	4
1	4	200911162960	296.808	1	4	1	11	4
1	4	200911162990	298.504	1	14	1	6	4
1	5	200911163045	67.842	1	14	1	7	4
1	4	200911163232	298.504	1	3	1	6	4
1	4	200911163504	313.116	1	3	1	2	4
1	4	200911163643	313.116	1	14	1	1	4
1	3	200911163773	121.593	1	3	1	17	4
1	3	200911163773	121.593	2	3	2	17	4
1	4	200911164050	313.116	1	1	1	1	4
1	5	200911165035	67.842	2	3	1	7	4
1	4	200911165176	296.808	1	3	1	11	4
1	4	200911165449	313.116	1	2	1	2	4
1	4	200911165529	305.288	1	3	1	7	4
1	1	200911166028	13.047	4	12	1	4	4
1	4	200911166110	298.504	1	3	1	6	4
1	4	200911166256	313.116	1	3	1	2	4
1	6	200911166287	135.684	1	4	1	6	4
1	5	200911166307	65.233	2	12	1	2	4
1	4	200911166980	313.116	1	1	1	2	4
1	4	200911167011	313.116	1	14	1	4	4
1	6	200911167032	143.512	1	4	1	3	4
1	4	200911167314	296.808	1	13	1	11	4
1	5	200911167328	67.842	1	14	1	7	4
1	3	200911167436	13.047	2	14	1	1	4
1	4	200911167464	313.116	1	3	1	1	4
1	4	200911167565	298.504	1	3	1	6	4
1	6	200911167701	121.593	1	4	1	17	4
1	6	200911168409	143.512	1	13	1	3	4
1	6	200911168580	143.512	1	14	1	2	4
1	6	200911168790	135.684	1	14	1	7	4
1	4	200911168956	296.808	1	13	1	11	4
1	6	200911514760	138.075	2	4	1	1	5
1	6	200911514760	138.075	3	4	2	1	5
1	6	200911515004	148.127	1	14	1	8	5
1	2	200911515084	5.523	2	11	1	1	5
1	1	200911515326	5.523	2	3	1	3	5
1	5	200911515329	66.276	1	3	1	3	5
1	6	200911515931	148.127	1	4	1	8	5
1	1	200911515959	16.459	1	4	1	8	5
1	3	200911515990	16.569	1	14	1	1	5
1	6	200911516002	138.075	1	4	1	1	5
1	6	200911516002	138.075	2	4	2	1	5
1	2	200911516023	16.459	1	4	1	8	5
1	6	200911516438	148.127	2	1	1	8	5
1	6	200911516492	153.539	2	3	1	22	5
1	6	200911516547	134.54	2	99	1	16	5
1	5	200911516737	65.834	1	12	1	8	5
1	5	200911516737	65.834	2	2	2	8	5
1	5	200911516737	65.834	3	3	3	8	5
1	5	200911516737	65.834	4	4	4	8	5
1	5	200911517461	66.276	2	3	1	3	5
1	5	200912002718	68.952	2	3	1	4	6
1	6	200912002740	139.449	2	3	1	14	6
1	2	200912412416	12.435	3	99	1	4	8
1	2	200912412416	12.435	4	4	2	4	8
1	2	200912412416	12.435	5	4	3	4	8
1	6	200912412431	141.911	2	4	1	15	8
1	6	200912412656	99.48	1	3	1	69	8
1	6	200912412674	123.095	1	14	1	51	8
1	6	200912412674	123.095	3	3	2	51	8
1	2	200912412705	12.847	1	4	1	2	8
1	6	200912412741	98.855	1	4	1	120	8
1	6	200912412741	98.855	2	3	1	120	8
1	5	200912412876	69.211	3	2	1	5	8
1	6	200912413111	141.911	2	2	1	15	8
1	6	200912413140	98.855	1	14	1	120	8
1	6	200912413354	141.911	1	1	1	15	8
1	5	200912413358	61.547	4	12	1	51	8
1	5	200912413395	69.211	2	12	1	5	8
1	5	200912413491	59.49	1	4	1	22	8
1	5	200912413491	59.49	2	13	2	22	8
1	5	200912413491	59.49	4	13	3	22	8
1	5	200912413568	56.764	1	1	1	15	8
1	5	200912413568	56.764	2	2	2	15	8
1	6	200912413571	141.911	1	2	1	15	8
1	6	200912413575	123.095	1	4	1	51	8
1	5	200912413832	58.586	1	3	1	47	8
1	6	200912413887	117.172	1	2	1	47	8
1	5	200912413970	69.211	1	4	1	5	8
1	5	200912413993	99.48	1	4	1	69	8
1	4	200912414117	307.737	1	14	1	51	8
1	5	200912414214	58.586	1	1	1	47	8
1	6	200912414269	138.423	2	1	1	5	8
1	2	200912414270	17.303	1	3	1	5	8
1	2	200912414270	17.303	6	4	2	5	8
1	5	200912414322	56.764	3	1	1	15	8
1	5	200912414336	71.372	2	2	1	8	8
1	6	200912414513	135.463	1	12	1	33	8
2	4	200912800139	304.811	1	12	1	1	11
3	2	200913028738	4.798	1	4	1	6	9
3	1	200913029530	7.877	1	4	1	8	9
3	1	200913029549	4.798	1	4	1	3	9
3	5	200913029623	67.165	1	4	1	7	9
3	2	200913030485	4.798	1	3	1	1	9
3	5	200913031369	67.165	1	4	1	2	9
3	4	200913031432	311.837	1	4	1	7	9
3	1	200913032399	4.798	1	4	1	2	9
3	1	200913032399	4.798	2	4	2	2	9
3	5	200913032669	67.165	1	4	1	5	9
3	5	200913032669	67.165	2	4	2	5	9
3	1	200913032885	4.798	1	14	1	3	9
3	1	200913032885	4.798	2	4	2	3	9
3	1	200913032885	4.798	3	4	3	3	9
3	4	200913032954	297.445	1	3	1	16	9
3	4	200913033319	311.837	1	3	1	5	9
3	2	200913033412	4.798	2	4	1	2	9
3	2	200913033715	4.798	1	4	1	2	9
3	4	200913033766	311.837	1	1	1	3	9
3	6	200913033805	139.127	1	4	1	3	9
3	1	200913033997	4.798	2	1	1	2	9
3	2	200913034035	4.798	1	3	1	2	9
3	4	200913034231	307.196	1	14	1	8	9
3	5	200913034445	67.165	1	2	1	2	9
3	5	200913034445	67.165	2	2	2	2	9
3	5	200913035034	67.165	1	13	1	2	9
2	2	200913530451	19.051	1	14	1	4	11
2	6	200913531917	133.355	1	4	1	5	11
2	4	200913532636	304.811	1	14	1	2	11
2	5	200913533369	76.203	2	3	1	2	11
2	5	200913533369	76.203	3	1	2	2	11
2	6	200913534044	146.963	1	14	1	7	11
2	4	200913534416	304.811	1	12	1	1	11
2	4	200914060442	308.827	1	4	1	1	12
2	4	200914060866	311.813	1	11	1	9	12
2	4	200914060866	311.813	2	1	2	9	12
2	4	200914061274	308.827	1	14	1	1	12
2	4	200914061511	308.827	1	4	1	1	12
2	4	200914061676	308.827	1	14	1	1	12
2	4	200914062526	308.827	1	3	1	1	12
2	4	200914062839	334.739	1	14	1	14	12
2	6	200914063002	138.657	1	14	1	4	12
2	4	200914063123	308.827	1	3	1	1	12
2	4	200914063742	308.827	1	14	1	1	12
2	5	200914064168	69.329	3	14	1	1	12
2	4	200914065922	334.739	1	12	1	14	12
2	4	200914100228	309.009	1	13	1	9	74
2	4	200914100228	309.009	2	13	2	9	74
2	4	200914100228	309.009	3	13	3	9	74
2	1	200914100475	4.176	2	4	1	9	74
2	2	200914100679	4.176	1	1	1	1	74
2	4	200914100733	309.009	1	3	1	1	74
2	4	200914733954	311.734	1	1	1	1	13
2	6	200914733990	183.373	1	2	1	7	13
2	6	200914734168	155.867	1	4	1	6	13
2	4	200914734346	311.734	1	4	1	5	13
2	4	200914734348	311.734	1	12	1	1	13
2	4	200914734488	311.734	1	12	1	1	13
2	4	200914734501	311.734	1	3	1	1	13
2	4	200914734792	311.734	1	12	1	1	13
2	4	200914734931	311.734	1	3	1	1	13
2	3	200914734942	38.967	1	3	1	1	13
2	4	200914734946	311.734	1	3	1	1	13
2	4	200914735016	311.734	1	12	1	4	13
2	4	200914735041	311.734	1	14	1	1	13
2	6	200914735274	155.867	1	14	1	3	13
2	4	200914735336	311.734	1	14	1	1	13
2	4	200914735408	311.734	1	12	1	1	13
2	4	200914735567	311.734	1	12	1	1	13
2	4	200914735840	311.734	1	3	1	5	13
2	3	200914735855	38.967	1	14	1	6	13
2	4	200914735899	311.734	1	3	1	1	13
2	4	200914735917	311.734	1	14	1	1	13
2	6	200914736236	155.867	1	11	1	4	13
2	4	200914736290	311.734	1	14	1	1	13
2	4	200914736558	311.734	1	14	1	1	13
2	4	200914736654	311.734	1	14	1	1	13
2	4	200914736877	311.734	1	12	1	1	13
2	6	200914736915	155.867	1	2	1	1	13
2	6	200914737043	155.867	1	14	1	3	13
2	6	200914737519	155.867	1	2	1	1	13
2	4	200914737598	311.734	1	13	1	6	13
2	6	200914737679	155.867	2	13	1	2	13
2	3	200914737721	38.967	2	3	1	2	13
2	5	200914737800	77.933	1	4	1	6	13
2	4	200914738111	311.734	1	14	1	1	13
1	4	200914834822	310.974	1	12	1	5	21
1	4	200914835557	310.974	1	12	1	5	21
1	4	200914835911	307.617	1	3	1	11	21
1	5	200914836680	67.3	2	3	1	5	21
1	4	200914837316	315.503	1	13	1	16	21
1	4	200914837337	310.974	1	3	1	5	21
2	6	200914960920	136.63	4	14	1	16	33
2	6	200914960920	136.63	5	12	2	16	33
2	1	200914961699	6.255	4	1	1	8	33
2	4	200914962196	310.58	1	3	1	3	10
2	3	200914962399	13.597	1	12	1	15	10
2	6	200914962960	140.436	1	4	1	1	10
2	2	200914963327	2.701	2	4	1	3	10
3	3	200915440372	20.054	2	1	1	1	41
3	3	200915440396	20.054	1	4	1	1	41
3	5	200915441352	70.188	1	4	1	2	41
3	6	200915441900	140.375	2	3	1	1	41
3	1	200915442007	10.027	1	4	1	3	41
3	4	200915442196	310.831	1	3	1	2	41
3	4	200915442456	310.831	1	2	1	1	41
3	2	200915442707	10.027	2	12	1	1	41
3	1	200915443073	10.027	3	4	1	2	41
3	1	200915443303	10.027	5	3	1	2	41
3	5	200915443541	70.188	2	2	1	2	41
3	4	200915443646	310.831	2	3	1	1	41
3	4	200915443646	310.831	3	12	2	1	41
3	2	200915443700	10.027	2	3	1	1	41
3	2	200915443700	10.027	3	1	2	1	41
3	6	200915444011	140.375	2	3	1	1	41
3	5	200915444038	70.188	2	2	1	2	41
3	6	200915444089	140.375	1	4	1	3	41
3	1	200915444121	10.027	2	2	1	2	41
3	6	200915444219	140.375	1	4	1	2	41
3	2	200915445173	10.027	1	3	1	2	41
3	6	200915445294	140.375	1	4	1	2	41
3	6	200915445294	140.375	2	4	2	2	41
3	6	200915445294	140.375	3	4	3	2	41
3	1	200915445743	10.027	3	4	1	3	41
3	1	200915445743	10.027	4	11	1	3	41
3	5	200915445823	70.188	1	3	1	2	41
3	6	200915445975	140.375	1	4	1	2	41
3	3	200915446075	20.054	1	2	1	1	41
3	3	200915446075	20.054	2	2	2	1	41
3	2	200915446163	10.027	1	4	1	3	41
3	5	200915446550	70.188	1	4	1	2	41
3	5	200915446550	70.188	2	3	1	2	41
3	1	200915700632	4.798	1	4	1	1	9
3	6	200915800127	134.436	1	4	1	3	43
3	3	200916126567	12.222	1	1	1	4	43
3	6	200916126882	134.436	1	4	1	1	43
3	4	200916126972	289.921	1	14	1	6	43
3	4	200916128200	305.538	1	2	1	1	43
3	4	200916128613	305.538	1	13	1	1	43
3	6	200916129008	134.436	3	3	1	3	43
3	6	200916129008	134.436	4	3	2	3	43
3	6	200916129008	134.436	5	3	3	3	43
3	6	200916129008	134.436	6	3	4	3	43
3	6	200916129564	134.436	2	3	1	1	43
3	4	200916129672	305.538	1	3	1	1	43
3	4	200916130212	305.538	1	2	1	1	43
3	4	200916130450	305.538	1	12	1	1	43
3	4	200916130689	305.538	1	3	1	1	43
3	4	200916132147	305.538	1	3	1	1	43
3	4	200916132416	305.538	1	2	1	3	43
3	4	200916132447	305.538	1	4	1	1	43
3	4	200916132631	289.921	1	3	1	6	43
3	4	200916133259	305.538	1	2	1	1	43
3	3	200916133265	12.222	3	2	1	1	43
3	4	200916133478	289.921	1	11	1	6	43
3	4	200916134387	305.538	1	3	1	1	43
3	3	200916134453	12.222	1	14	1	1	43
3	4	200916135363	305.538	1	14	1	1	43
3	4	200916135430	305.538	1	3	1	1	43
3	2	200916135544	41.417	3	14	1	6	43
3	2	200916135544	41.417	4	3	1	6	43
3	4	200916139418	305.538	1	3	1	1	43
3	4	200916139452	305.538	1	11	1	1	43
3	1	200916543106	10.106	3	1	1	1	45
3	2	200916543745	10.106	1	4	1	1	45
3	3	200916543832	20.212	3	4	1	2	45
3	1	200916544591	10.106	1	4	1	1	45
3	2	200916545648	10.106	2	4	1	1	45
3	1	200916545993	10.106	3	1	3	1	45
3	1	200916545993	10.106	4	1	2	1	45
3	1	200916545993	10.106	5	1	1	1	45
3	4	200916546377	313.292	1	4	1	1	45
3	6	200916546478	141.487	3	4	1	1	45
3	6	200916546478	141.487	4	2	2	1	45
3	6	200916546478	141.487	5	1	3	1	45
3	4	200916547089	313.292	1	3	1	2	45
3	4	200916547764	313.292	1	1	1	1	45
3	6	200916548165	141.487	1	4	1	1	45
3	4	200916549044	313.292	1	4	1	1	45
3	4	200916549124	313.292	1	3	1	2	45
3	4	200916549473	313.292	1	1	1	1	45
3	1	200916549917	10.106	1	3	1	1	45
3	4	200916550159	313.292	1	11	1	2	45
3	1	200916550589	10.106	3	1	2	1	45
3	1	200916550589	10.106	4	1	3	1	45
3	1	200916550589	10.106	5	1	4	1	45
3	1	200916550589	10.106	6	12	1	1	45
3	6	200916550939	141.487	5	3	1	1	45
3	6	200916550939	141.487	6	4	2	1	45
3	6	200916550939	141.487	7	4	3	1	45
3	1	200916551052	10.106	5	1	1	1	45
3	1	200916551052	10.106	6	1	2	1	45
3	1	200916551052	10.106	7	1	3	1	45
3	4	200916551522	313.292	1	12	1	1	45
3	4	200916551566	313.292	2	13	1	1	45
3	4	200916552157	313.292	1	3	1	1	45
3	3	200916553648	20.212	1	4	1	1	45
3	4	200916554482	313.292	1	3	1	1	45
3	4	200917125316	318.62	1	1	1	1	51
3	4	200917125321	318.62	1	1	1	1	51
3	4	200917125339	318.62	2	2	1	1	51
3	4	200917125339	318.62	3	2	1	1	51
3	4	200917125361	318.62	1	4	1	1	51
3	4	200917125361	318.62	2	4	2	1	51
3	4	200917125409	318.62	1	1	1	1	51
3	6	200917125430	159.31	1	1	1	1	51
3	5	200917125457	79.655	4	3	1	1	51
3	3	200917125574	79.655	1	14	1	1	51
3	4	200917125635	318.62	1	3	1	1	51
3	5	200917125654	79.655	1	3	1	1	51
3	4	200917125679	318.62	1	3	1	1	51
3	6	200917125700	159.31	1	4	1	2	51
3	4	200917125751	318.62	1	3	1	1	51
3	3	200917125804	79.655	1	3	1	1	51
3	3	200917125822	79.655	1	1	1	1	51
3	3	200917125822	79.655	2	4	2	1	51
3	5	200917125888	79.655	1	4	1	1	51
3	6	200917125893	159.31	1	3	3	1	51
3	6	200917125893	159.31	2	3	2	1	51
3	6	200917125893	159.31	3	2	1	1	51
3	3	200917125899	79.655	3	1	1	1	51
3	4	200917125937	318.62	1	3	1	1	51
3	6	200917126000	159.31	1	3	1	1	51
3	4	200917126022	318.62	1	3	1	1	51
3	3	200917126031	79.655	2	4	1	1	51
3	4	200917126032	318.62	1	14	1	1	51
3	4	200917126093	318.62	1	3	1	2	51
3	4	200917126108	318.62	1	3	1	1	51
3	4	200917126142	318.62	1	1	1	1	51
3	4	200917126181	318.62	1	1	1	1	51
3	4	200917126186	318.62	1	4	1	1	51
3	4	200917126194	318.62	1	2	1	1	51
3	6	200917126195	159.31	1	3	1	1	51
3	6	200917126195	159.31	2	4	2	1	51
3	6	200917126212	159.31	1	3	1	1	51
3	6	200917126212	159.31	2	1	2	1	51
3	6	200917126212	159.31	3	1	3	1	51
3	6	200917126212	159.31	4	4	4	1	51
3	6	200917126212	159.31	5	1	5	1	51
3	4	200917126241	318.62	1	2	1	1	51
3	6	200917126380	159.31	1	4	1	1	51
3	4	200917126425	318.62	1	3	1	1	51
3	4	200917126453	318.62	1	3	1	1	51
3	4	200917126462	318.62	1	3	1	1	51
3	4	200917126524	318.62	1	3	1	1	51
3	3	200917126573	79.655	1	4	1	1	51
3	4	200917126638	318.62	1	3	1	1	51
3	4	200917126645	318.62	1	3	1	1	51
3	4	200917126663	318.62	1	2	1	1	51
3	4	200917126694	318.62	1	2	1	1	51
3	6	200917126734	159.31	2	3	1	1	51
3	6	200917126806	159.31	3	3	1	1	51
3	6	200917126806	159.31	4	2	2	1	51
3	6	200917126806	159.31	5	2	3	1	51
3	5	200917126813	79.655	5	1	1	1	51
3	4	200917126858	318.62	1	4	1	2	51
3	6	200917126871	159.31	1	4	1	1	51
3	6	200917126871	159.31	2	4	2	1	51
3	4	200917126877	318.62	1	2	1	1	51
3	5	200917126887	79.655	1	4	1	1	51
3	5	200917126887	79.655	2	4	2	1	51
3	5	200917126887	79.655	3	4	3	1	51
3	4	200917126891	318.62	1	4	1	1	51
3	4	200917126943	318.62	1	3	1	1	51
3	4	200917126973	318.62	1	1	1	1	51
3	6	200917127012	159.31	1	4	1	1	51
3	6	200917127012	159.31	2	4	2	1	51
3	6	200917127012	159.31	3	1	3	1	51
3	4	200917127019	318.62	1	4	1	1	51
3	3	200917127031	79.655	2	2	1	1	51
3	4	200917127116	318.62	1	2	1	1	51
3	6	200917127244	159.31	2	3	1	1	51
3	4	200917127248	318.62	1	4	1	1	51
3	6	200917127264	159.31	1	4	1	1	51
3	3	200917127328	79.655	1	4	1	2	51
3	4	200917127333	318.62	1	3	1	2	51
3	6	200917127348	159.31	1	1	1	1	51
3	4	200917127383	318.62	1	3	1	1	51
3	6	200917127386	159.31	1	4	1	1	51
3	4	200917127465	318.62	1	3	1	1	51
3	6	200917127467	159.31	1	4	1	1	51
3	5	200917127480	79.655	2	3	1	1	51
3	4	200917127538	318.62	1	2	1	1	51
3	4	200917127610	318.62	1	2	1	1	51
3	4	200917127621	318.62	2	1	1	1	51
3	6	200917127625	159.31	3	2	1	1	51
3	4	200917127635	318.62	1	3	1	1	51
3	3	200917127659	79.655	1	1	1	1	51
3	4	200917127735	318.62	1	3	2	1	51
3	4	200917127735	318.62	3	3	1	1	51
3	6	200917127788	159.31	1	12	1	1	51
3	4	200917127810	318.62	1	14	1	1	51
3	5	200917127839	79.655	2	3	1	1	51
3	6	200917127872	159.31	1	4	1	1	51
3	6	200917127872	159.31	2	1	2	1	51
3	3	200917127880	79.655	1	1	1	1	51
3	4	200917127921	318.62	1	2	1	1	51
3	3	200917127941	79.655	1	4	1	1	51
3	3	200917127941	79.655	2	3	2	1	51
3	4	200917127946	318.62	1	4	1	1	51
3	6	200917127976	159.31	1	3	1	2	51
3	4	200917127979	318.62	1	4	1	1	51
3	6	200917128016	159.31	1	3	1	1	51
3	4	200917128029	318.62	1	3	1	1	51
3	6	200917128035	159.31	1	4	1	1	51
3	4	200917128042	318.62	1	3	1	1	51
3	4	200917128096	318.62	1	1	1	1	51
3	4	200917128096	318.62	2	1	2	1	51
3	4	200917128118	318.62	1	3	1	1	51
3	3	200917128150	79.655	1	4	1	1	51
3	4	200917128155	318.62	1	3	1	1	51
3	4	200917128186	318.62	1	3	1	1	51
3	4	200917128216	318.62	1	3	1	1	51
3	4	200917128298	318.62	1	2	1	1	51
3	4	200917128392	318.62	1	2	1	1	51
3	5	200917128424	79.655	2	4	1	1	51
3	5	200917128424	79.655	3	4	2	1	51
3	4	200917128528	318.62	1	1	1	1	51
3	6	200917128532	159.31	1	4	1	1	51
3	1	200917128585	79.655	1	3	1	1	51
3	1	200917128585	79.655	2	4	2	1	51
3	4	200917253308	311.784	1	3	1	4	48
3	4	200917253357	311.784	1	3	1	1	48
3	4	200917253364	311.784	1	4	1	1	48
3	4	200917253658	311.784	1	2	1	1	48
3	1	200917253936	51.964	1	2	1	1	48
3	4	200917254106	311.784	1	2	1	1	48
3	5	200917254675	51.964	2	3	1	5	48
3	1	200917254725	51.964	1	1	1	1	48
3	4	200917254834	311.784	1	3	1	1	48
3	6	200917255118	155.892	3	4	1	1	48
3	1	200917255246	51.964	3	99	1	1	48
3	1	200917255261	51.964	3	3	1	1	48
3	4	200917255284	311.784	1	4	1	4	48
3	4	200917255315	311.784	1	3	1	1	48
3	1	200917255363	51.964	2	99	2	1	48
3	1	200917255363	51.964	3	99	1	1	48
3	5	200917255684	51.964	1	4	1	1	48
3	4	200917255805	311.784	1	3	1	4	48
3	4	200917256059	311.784	1	4	1	1	48
3	4	200917256354	311.784	1	4	1	1	48
3	4	200917256560	311.784	1	4	1	1	48
3	4	200917256653	311.784	1	1	1	1	48
3	6	200917256850	155.892	2	4	1	1	48
3	6	200917256850	155.892	3	4	1	1	48
3	4	200917256945	311.784	1	14	1	1	48
3	4	200917256976	311.784	1	3	1	1	48
3	4	200917257023	311.784	1	1	1	1	48
3	6	200917257052	155.892	1	2	1	1	48
3	4	200917257138	311.784	1	4	1	1	48
3	3	200917257141	51.964	1	4	1	1	48
3	4	200917257214	311.784	1	3	1	1	48
3	5	200917258569	51.964	1	2	1	1	48
3	4	200917258627	311.784	1	3	1	1	48
3	6	200917258824	155.892	3	3	1	1	48
3	4	200917258825	311.784	2	4	1	1	48
3	6	200917258862	155.892	1	1	1	1	48
3	6	200917259042	155.892	2	4	1	1	48
3	4	200917259348	311.784	1	3	1	1	48
3	4	200917259424	311.784	1	3	1	1	48
3	6	200917259911	155.892	1	3	1	1	48
3	4	200917259926	311.784	1	3	1	1	48
3	4	200917260642	311.784	1	3	1	1	48
1	5	200917500126	65.454	1	1	1	5	6
1	4	200917500184	307.301	2	4	1	7	6
1	3	200917500196	23.242	1	4	1	14	6
1	3	200917500196	23.242	2	4	2	14	6
1	3	200917500196	23.242	3	4	3	14	6
1	5	200917500197	69.725	1	1	1	14	6
1	4	200917500256	313.761	1	4	1	14	6
1	3	200917500309	16.363	2	4	1	5	6
1	3	200917500309	16.363	3	4	1	5	6
1	1	200917500322	2.763	3	13	1	1	6
1	1	200917500322	2.763	4	2	2	1	6
1	6	200917500379	142.675	1	14	1	7	6
1	6	200917500431	137.904	1	3	1	4	6
1	5	200917500824	68.952	1	4	1	4	6
1	5	200917500824	68.952	2	3	2	4	6
1	3	200917500873	23.242	1	3	1	14	6
1	3	200917500873	23.242	2	14	2	14	6
1	3	200917500873	23.242	3	13	3	14	6
1	3	200917501070	17.238	2	1	1	4	6
1	1	200917501139	11.621	2	3	1	14	6
1	2	200917501190	5.746	2	14	1	4	6
1	2	200917501190	5.746	3	4	2	4	6
1	2	200917501190	5.746	4	4	3	4	6
1	2	200917501190	5.746	5	4	4	4	6
1	5	200917501201	69.063	1	3	1	1	6
1	5	200917501201	69.063	2	4	2	1	6
1	3	200917501287	20.242	1	2	1	26	6
1	6	200917501317	141.816	1	4	1	5	6
1	6	200917501435	141.697	1	3	1	26	6
1	6	200917501435	141.697	2	99	2	26	6
1	6	200917501435	141.697	3	99	3	26	6
1	5	200917501629	65.85	1	1	1	7	6
1	5	200917501629	65.85	2	1	2	7	6
1	5	200917501629	65.85	3	1	3	7	6
1	1	200917501774	11.621	3	2	1	14	6
1	6	200917501842	142.675	2	3	1	7	6
1	5	200917501988	74.1	2	13	1	20	6
1	5	200917501992	60.727	1	13	1	26	6
1	5	200917501992	60.727	2	13	2	26	6
1	1	200917502127	5.488	2	2	1	7	6
1	1	200917502127	5.488	3	13	2	7	6
1	5	200917502166	69.725	2	3	1	14	6
1	5	200917502166	69.725	3	14	2	14	6
1	5	200917502166	69.725	4	3	3	14	6
1	5	200917502166	69.725	6	4	4	14	6
1	5	200917502274	68.952	1	14	1	4	6
1	5	200917502274	68.952	2	4	2	4	6
1	4	200917502331	303.637	1	4	1	26	6
1	5	200917502528	69.725	2	4	1	14	6
1	2	200917502546	5.454	1	1	1	5	6
1	3	200917502554	16.363	3	1	1	5	6
1	3	200917502579	19.337	1	4	1	2	6
3	6	200917624766	140.773	1	4	1	1	49
3	1	200917625500	5.214	2	3	1	1	49
3	2	200917625603	5.214	1	3	1	1	49
3	4	200917625701	307.614	1	4	1	1	49
3	5	200917626005	67.779	2	3	1	1	49
3	2	200917626208	2.607	1	4	1	2	49
3	4	200917626519	307.614	2	4	1	1	49
3	4	200917626519	307.614	3	4	2	1	49
3	5	200917626829	67.779	1	3	1	1	49
3	5	200917626829	67.779	2	4	2	1	49
3	6	200917628183	140.773	1	4	1	1	49
3	4	200917628572	307.614	1	4	1	1	49
3	4	200917629041	307.614	1	2	1	1	49
3	1	200917629223	5.214	3	5	1	1	49
3	1	200917629223	5.214	4	3	2	1	49
3	1	200917629223	5.214	5	4	3	1	49
3	6	200917629226	140.773	1	1	1	1	49
3	6	200917629226	140.773	2	1	2	1	49
3	4	200917629371	307.614	1	3	1	1	49
3	1	200917630662	5.214	3	4	1	1	49
3	1	200917630662	5.214	4	2	2	1	49
3	1	200917630662	5.214	5	2	3	1	49
3	2	200917630674	5.214	3	14	1	1	49
3	1	200917630973	5.214	1	4	1	1	49
3	2	200917631174	5.214	1	3	1	1	49
3	2	200917631174	5.214	2	2	2	1	49
3	3	200917631233	15.641	1	4	1	1	49
3	1	200917631296	5.214	1	3	1	1	49
3	1	200917631296	5.214	2	3	2	1	49
3	1	200917631296	5.214	3	2	3	1	49
3	1	200917631582	5.214	6	2	1	1	49
3	1	200917631647	2.607	1	4	1	2	49
3	4	200917632087	307.614	1	1	1	1	49
3	4	200917632235	307.614	1	4	1	1	49
3	3	200917632350	15.641	2	3	1	1	49
3	5	200917632890	67.779	1	4	1	1	49
3	1	200917633065	2.607	1	1	1	3	49
3	2	200917633824	5.214	1	4	1	1	49
3	1	200917633948	5.214	2	2	1	1	49
3	2	200917633971	5.214	2	4	1	1	49
3	3	200917634123	15.641	1	2	1	1	49
3	2	200917634134	5.214	1	1	1	1	49
3	4	200917634649	307.614	1	1	1	1	49
3	4	200917635376	307.614	1	14	1	1	49
3	4	200917635376	307.614	2	4	2	1	49
3	1	200917636571	5.214	1	4	1	1	49
3	1	200917636571	5.214	2	3	2	1	49
3	1	200917636571	5.214	3	1	3	1	49
3	1	200917636571	5.214	4	4	4	1	49
3	4	200917636600	307.614	1	3	1	1	49
3	6	200917636743	140.773	1	4	1	1	49
3	3	200917637119	15.641	1	4	1	1	49
3	3	200917637119	15.641	2	4	2	1	49
3	2	200917637603	5.214	2	4	1	1	49
3	2	200917637621	5.214	1	4	1	1	49
3	4	200917638123	307.614	1	3	1	1	49
3	6	200918401112	139.127	1	3	1	3	9
3	5	200918401297	67.165	1	3	1	3	9
3	5	200918401297	67.165	2	14	2	3	9
3	5	200918401297	67.165	3	4	3	3	9
3	6	200918401991	139.127	1	3	1	3	9
3	4	200918402107	311.837	1	3	1	4	9
3	6	200918402371	139.127	1	14	1	4	9
3	1	200918402923	4.798	2	12	1	4	9
3	4	200918403120	311.837	1	1	1	3	9
3	3	200918403148	19.19	1	4	1	4	9
3	1	200918403207	4.798	2	1	1	3	9
3	3	200918403547	19.19	1	3	1	4	9
3	3	200918403547	19.19	2	2	2	4	9
2	6	200918433768	140	1	3	1	1	72
2	6	200918433768	140	2	3	2	1	72
2	4	200918435413	310	1	3	1	1	72
2	4	200918435812	310	1	3	1	2	72
2	4	200918435827	310	1	3	1	4	72
2	4	200918435918	310	1	1	1	6	72
2	2	200918435944	2	1	4	1	7	72
2	6	200918436035	140	1	3	1	4	72
2	6	200918436035	140	2	3	2	4	72
2	6	200918436035	140	3	4	3	4	72
2	4	200918436131	310	1	3	1	3	72
2	6	200918436623	140	2	2	1	1	72
2	4	200918436992	310	1	3	1	2	72
2	4	200918437116	310	1	2	1	1	72
2	4	200918437505	310	1	12	1	3	72
2	4	200918437724	310	1	3	1	6	72
2	4	200918437899	310	1	3	1	2	72
2	6	200918438008	140	1	14	1	1	72
2	4	200918438647	310	1	1	1	4	72
2	6	200918439316	140	1	3	1	6	72
2	5	200918439536	70	1	4	1	1	72
2	4	200918440085	310	1	2	1	1	72
2	2	200918440209	5	2	12	1	6	72
2	2	200918440243	5	2	3	1	1	72
2	4	200918440489	310	1	3	1	1	72
2	4	200918440532	310	1	3	1	6	72
2	4	200918440919	310	1	3	1	4	72
2	1	200918441922	5	2	4	1	3	72
2	1	200918442208	5	1	4	1	1	72
2	1	200918442208	5	2	4	2	1	72
2	1	200918442208	5	3	4	3	1	72
2	4	200918442744	310	1	3	1	2	72
2	4	200918442888	310	1	3	1	3	72
2	4	200918443003	310	1	2	1	4	72
2	2	200918443733	5	1	3	1	2	72
2	4	200918443753	310	1	3	1	4	72
2	4	200918444299	310	1	3	1	4	72
2	6	200918444458	140	1	3	1	1	72
2	6	200918444458	140	2	1	2	1	72
2	4	200918444531	310	1	3	1	3	72
2	4	200918445017	310	1	3	1	1	72
2	5	200918445192	70	1	3	1	4	72
2	4	200918445349	310	1	3	1	1	72
2	1	200918445471	5	1	2	1	4	72
2	1	200918445471	5	3	2	2	4	72
2	1	200918445471	5	4	3	3	4	72
2	4	200918445801	310	1	12	1	3	72
2	6	200918446161	140	1	3	1	6	72
2	6	200918446161	140	2	3	2	6	72
2	6	200918446161	140	3	3	3	6	72
2	4	200918446204	310	1	1	1	4	72
2	4	200918446349	310	1	3	1	6	72
2	4	200918446859	310	1	4	1	1	72
2	4	200918446859	310	2	4	2	1	72
2	2	200918447733	5	1	3	1	1	72
2	6	200918448492	140	1	14	1	6	72
2	1	200918448593	5	1	4	1	4	72
2	4	200918448877	310	1	3	1	4	72
2	4	200918448960	310	1	3	1	1	72
2	4	200918449065	310	1	12	1	6	72
2	4	200918449496	310	1	12	1	6	72
2	5	200918449909	70	1	4	1	2	72
2	4	200918450110	310	1	3	1	4	72
2	1	200918450302	5	1	3	1	1	72
2	1	200918450785	5	1	3	1	4	72
2	1	200918450785	5	2	3	2	4	72
2	1	200918450786	5	1	2	1	4	72
2	1	200918450786	5	2	2	2	4	72
2	1	200918450786	5	3	14	3	4	72
2	6	200918450895	140	2	3	1	6	72
2	2	200918451040	5	1	3	1	1	72
2	4	200918451093	310	1	4	1	2	72
2	1	200918451159	5	1	4	1	2	72
2	3	200918451185	20	1	3	1	4	72
2	4	200918451186	310	1	3	1	4	72
2	4	200918451841	310	1	1	1	4	72
2	6	200918452115	140	1	3	1	4	72
2	4	200918452398	310	1	3	1	2	72
2	4	200918452469	310	1	3	1	1	72
2	4	200918452547	310	1	3	1	4	72
2	4	200918452735	310	1	3	1	2	72
2	5	200918452955	70	2	3	1	3	72
2	1	200918453426	5	2	4	1	1	72
2	1	200918453426	5	3	4	2	1	72
2	1	200918453426	5	4	3	3	1	72
2	4	200918453472	310	1	13	1	1	72
2	1	200918453732	5	1	12	1	2	72
2	1	200918453732	5	2	1	2	2	72
2	4	200918454205	310	1	3	1	1	72
2	4	200918454343	310	2	99	1	4	72
2	4	200918454343	310	3	99	2	4	72
3	4	200918500988	311.837	1	1	1	6	9
2	1	200918966253	5.49	1	4	1	1	73
2	4	200918966474	307.457	1	3	1	2	73
2	4	200918966474	307.457	2	4	2	2	73
2	4	200918966551	307.457	1	1	1	2	73
2	6	200918966986	137.257	1	2	1	2	73
2	4	200918967256	307.457	1	1	1	1	73
2	4	200918967529	307.457	1	3	1	1	73
2	4	200918967613	319.251	1	4	1	10	73
2	4	200918967613	319.251	2	4	2	10	73
2	4	200918967621	307.457	1	1	1	2	73
2	5	200918967831	65.884	2	3	1	1	73
2	5	200918967831	65.884	3	3	1	1	73
2	1	200918967851	21.643	5	3	1	9	73
2	4	200918967950	307.457	1	3	1	1	73
2	6	200918968826	137.257	2	4	1	1	73
2	3	200918968920	20.252	1	1	1	5	73
2	1	200918969180	5.49	1	4	1	2	73
2	1	200918969180	5.49	2	4	2	2	73
2	1	200918969180	5.49	3	4	3	2	73
2	6	200918969420	127.7	1	3	1	10	73
2	4	200918969549	307.457	1	3	1	1	73
2	2	200918969813	10.126	1	3	1	5	73
2	4	200918970052	307.457	1	12	1	1	73
2	6	200918970878	127.7	1	1	1	10	73
2	6	200918970878	127.7	2	11	2	10	73
2	6	200918970878	127.7	3	12	3	10	73
2	1	200918970907	5.49	1	1	1	3	73
2	5	200918970929	65.884	1	1	1	2	73
2	4	200918971143	307.457	1	3	1	2	73
2	5	200918971500	65.884	1	3	1	2	73
2	4	200918971507	307.457	1	1	1	2	73
2	5	200918971664	65.884	2	4	1	1	73
2	3	200918971779	16.471	1	3	1	2	73
2	6	200918971790	137.257	3	12	1	2	73
2	4	200918971827	313.9	1	14	1	5	73
2	3	200918971894	16.471	1	3	1	1	73
2	2	200918971901	5.49	2	3	1	1	73
2	6	200918972236	127.7	1	1	1	10	73
2	4	200918972369	307.457	1	12	1	1	73
2	1	200918973144	10.126	1	1	1	5	73
2	6	200918973305	137.257	1	4	1	2	73
2	1	200918973605	10.126	1	4	1	5	73
2	4	200918973728	307.457	1	3	1	1	73
2	3	200918973776	16.471	1	14	1	2	73
2	6	200918974965	137.257	1	3	1	1	73
2	3	200918975580	16.471	1	4	1	2	73
2	4	200918976636	307.457	1	2	1	1	73
2	4	200918977354	307.457	1	3	1	1	73
2	6	200918977468	137.257	1	3	1	2	73
2	6	200918977814	129.858	1	4	1	9	73
2	6	200919374951	141.977	2	4	1	1	74
2	1	200919375395	4.176	1	3	1	9	74
2	4	200919375661	309.009	1	4	1	1	74
2	5	200919376442	66.813	2	3	1	1	74
2	4	200919376755	309.009	1	3	1	9	74
2	3	200919377416	16.703	4	1	1	1	74
2	4	200919377431	309.009	1	3	1	1	74
2	4	200919377431	309.009	2	3	2	1	74
2	2	200919377562	4.176	1	4	1	9	74
2	6	200919377674	141.977	1	14	2	9	74
2	6	200919377674	141.977	2	4	1	9	74
2	6	200919378062	141.977	4	11	1	1	74
2	6	200919378062	141.977	5	11	2	1	74
2	3	200919378201	16.703	1	4	1	1	74
2	3	200919378682	16.703	1	4	1	2	74
2	4	200919379169	309.009	1	3	1	1	74
2	4	200919379169	309.009	2	1	2	1	74
2	1	200919379357	4.176	2	4	1	9	74
2	6	200919379811	141.977	1	3	1	1	74
2	1	200919380432	4.176	1	4	1	9	74
2	1	200919380432	4.176	4	1	2	9	74
2	4	200919381526	309.009	1	4	1	9	74
2	2	200919381801	4.176	1	3	1	1	74
2	4	200919381861	309.009	1	3	1	1	74
2	2	200919382070	4.176	2	4	1	9	74
2	4	200919382271	309.009	1	3	1	9	74
2	2	200919382693	4.176	1	3	1	1	74
2	5	200919383349	66.813	1	4	1	9	74
2	3	200919383663	16.703	2	3	1	1	74
4	6	200920175854	137.278	1	4	1	1	75
4	6	200920177384	137.278	1	3	1	1	75
4	3	200920178430	16.15	1	4	1	2	75
4	3	200920178430	16.15	2	4	2	2	75
4	4	200920178553	306.858	1	3	1	2	75
4	4	200920178641	306.858	1	4	1	1	75
4	5	200920178750	64.602	1	4	1	1	75
4	4	200920179924	309.463	1	4	1	5	75
4	5	200920181336	64.602	2	14	1	2	75
4	6	200920181396	137.278	1	3	1	1	75
4	3	200920182489	16.15	1	3	1	1	75
4	4	200920182690	306.858	1	3	1	2	75
4	4	200920513115	315.872	1	2	1	5	76
4	4	200920513123	300.83	1	3	1	7	76
4	4	200920513512	315.872	1	2	1	6	76
4	6	200920513591	105.291	1	4	1	2	76
4	4	200920513605	300.83	1	3	1	7	76
4	1	200920513691	105.291	1	2	1	4	76
4	6	200920513812	105.291	1	3	1	2	76
4	6	200920513993	105.291	1	3	1	4	76
4	6	200920514085	105.291	1	2	1	2	76
4	5	200920514145	105.291	1	4	1	3	76
4	5	200920514242	105.291	2	2	1	18	76
4	3	200920514292	105.291	1	4	1	2	76
4	4	200920514304	300.83	1	3	1	7	76
4	4	200920514339	315.872	1	3	1	4	76
4	6	200920514399	105.291	2	4	1	4	76
4	6	200920514454	105.291	1	4	1	2	76
4	6	200920514578	105.291	1	4	1	3	76
4	4	200920514583	315.872	1	3	1	5	76
4	6	200920514614	105.291	2	4	1	3	76
4	6	200920514693	105.291	2	2	1	18	76
4	1	200920800046	6.118	1	2	1	20	96
4	4	200920800363	306.756	1	3	1	4	97
4	4	200920800406	306.756	1	14	1	3	97
4	4	200920800493	306.756	1	3	1	4	97
4	4	200920800877	308.048	1	3	1	11	96
4	6	200920801058	140	1	1	1	3	96
4	5	200920801282	67.179	2	3	1	33	96
4	5	200920801282	67.179	3	3	2	33	96
4	6	200920801664	133.372	1	4	1	3	97
4	4	200920802284	306.756	1	3	1	1	97
4	6	200920802872	140.72	3	1	1	20	96
4	6	200920802872	140.72	4	3	2	20	96
4	2	200920804031	13.337	1	4	1	9	97
4	4	200920804045	306.756	1	3	1	4	97
4	6	200920804059	133.372	1	3	1	4	97
4	6	200920804179	133.372	1	4	1	2	97
4	6	200920804179	133.372	2	4	2	2	97
4	1	200920804511	7.754	1	4	1	8	96
4	6	200920804605	137.639	5	13	1	11	96
4	4	200920804945	310	1	3	1	1	96
4	6	200920805546	143.775	1	4	1	5	97
4	4	200920805761	308.048	1	1	1	11	96
4	4	200920806989	308.089	1	1	1	5	97
4	6	200920806995	143.775	1	4	1	5	97
4	5	200920807009	66.686	2	2	1	4	97
4	4	200920807013	306.756	1	3	1	4	97
4	5	200920807373	69.782	1	4	1	8	96
4	5	200920807373	69.782	2	4	2	8	96
4	5	200920807645	67.343	2	4	1	6	96
4	5	200920808221	66.686	1	4	1	2	97
4	1	200920808304	6.554	1	3	1	11	96
4	4	200920809251	312.031	1	1	1	20	96
4	4	200920809535	306.756	1	4	1	4	97
4	4	200920809692	308.089	1	14	1	5	97
4	5	200920810136	67.343	2	3	1	6	96
4	5	200920810136	67.343	3	3	2	6	96
4	4	200920811455	308.048	1	3	1	11	96
4	4	200920811455	308.048	2	3	2	11	96
4	4	200920812506	306.756	1	3	1	2	97
4	4	200920812531	308.089	1	4	1	5	97
4	6	200920812623	133.372	1	3	1	3	97
4	6	200920812623	133.372	2	4	2	3	97
4	6	200920812623	133.372	3	4	3	3	97
4	6	200920813061	143.558	1	4	1	43	96
4	1	200920813065	15.951	5	2	1	43	96
4	5	200920813074	63.804	2	3	1	43	96
4	5	200920813091	63.804	1	4	1	43	96
4	6	200920813189	133.372	1	4	1	1	97
4	4	200920813364	306.756	1	3	1	4	97
4	5	200920813502	61.618	1	4	1	5	97
4	4	200920813537	310	1	4	1	1	96
4	4	200920813888	308.048	1	1	1	11	96
4	4	200920814617	310	1	4	1	1	96
4	4	200920814617	310	2	4	2	1	96
4	4	200920815000	308.048	1	3	1	11	96
4	6	200920914860	165.953	1	1	1	2	78
4	5	200920914945	55.318	1	3	1	1	78
4	5	200920914945	55.318	3	3	2	1	78
4	6	200920914971	165.953	2	4	1	1	78
4	4	200920915048	331.906	1	3	1	2	78
4	4	200920915131	331.906	1	2	1	2	78
4	5	200920915326	55.318	4	4	1	1	78
4	5	200920915326	55.318	5	4	2	1	78
4	3	200920915452	55.318	3	3	1	1	78
4	6	200920915453	165.953	2	4	1	1	78
4	6	200920915453	165.953	3	13	2	1	78
4	5	200920915519	55.318	1	4	1	1	78
4	4	200920915545	331.906	1	3	1	1	78
4	5	200920915615	55.318	1	13	1	1	78
4	6	200920915650	165.953	1	4	1	1	78
4	4	200920915741	331.906	1	1	1	1	78
4	4	200920915824	331.906	1	3	1	1	78
4	4	200920915846	331.906	1	3	1	1	78
4	4	200920916113	331.906	1	1	1	1	78
4	3	200920916132	55.318	1	3	1	1	78
4	4	200920916193	331.906	1	4	1	1	78
4	4	200920916193	331.906	2	4	2	1	78
4	6	200920916745	165.953	1	3	1	1	78
4	6	200920916838	165.953	1	1	1	1	78
4	6	200920916838	165.953	2	4	2	1	78
4	4	200920916906	331.906	1	3	1	1	78
4	6	200920916994	165.953	1	3	1	2	78
4	6	200920917157	165.953	1	4	1	1	78
4	5	200920917163	55.318	2	1	1	1	78
4	6	200920917298	165.953	1	3	1	1	78
4	5	200920917450	55.318	1	1	1	1	78
4	5	200920917721	55.318	2	2	1	3	78
4	6	200920917825	165.953	1	4	1	2	78
4	4	200920917884	331.906	1	13	1	1	78
4	5	200920917888	55.318	2	11	1	1	78
4	6	200920918056	165.953	1	3	1	1	78
4	4	200920918091	331.906	1	3	1	1	78
4	4	200920918149	331.906	1	3	1	1	78
4	4	200920918170	331.906	1	11	1	1	78
4	5	200920918565	55.318	4	2	1	1	78
4	6	200920918605	165.953	1	4	1	1	78
4	6	200920918605	165.953	2	4	2	1	78
4	6	200920918605	165.953	3	4	3	1	78
4	4	200920918988	331.906	1	4	1	2	78
4	4	200920919281	331.906	1	4	1	2	78
4	1	200921013241	11.094	1	1	1	7	79
4	1	200921013241	11.094	2	1	2	7	79
4	1	200921013241	11.094	3	1	3	7	79
4	5	200921013479	66.564	1	3	1	7	79
4	5	200921013479	66.564	2	3	2	7	79
4	5	200921013479	66.564	3	4	3	7	79
3	2	200921213040	4.166	1	4	1	2	42
3	1	200921214601	11.902	2	4	1	11	42
3	5	200921214839	66.659	2	4	1	1	42
3	3	200921215142	16.665	3	4	1	4	42
3	1	200921215339	4.227	2	4	1	6	42
3	1	200921216320	4.166	3	4	1	2	42
3	1	200921216916	4.166	3	4	1	2	42
3	6	200921217780	141.651	2	3	1	4	42
3	1	200921218398	4.166	3	3	1	1	42
3	3	200921218415	16.665	1	4	1	1	42
3	1	200921218911	4.166	3	3	1	1	42
3	1	200921219487	4.166	2	3	1	1	42
3	1	200921220033	4.166	5	2	2	1	42
3	1	200921220033	4.166	6	4	1	1	42
3	2	200921220249	4.166	4	1	1	1	42
3	2	200921220249	4.166	5	12	2	1	42
3	3	200921220468	16.665	1	3	1	1	42
3	1	200921220869	4.166	1	4	1	4	42
3	1	200921220869	4.166	2	4	2	4	42
3	1	200921220869	4.166	3	4	3	4	42
3	2	200921221193	4.166	2	4	1	1	42
3	3	200921222336	16.665	3	2	1	1	42
3	6	200921222409	141.651	2	3	1	3	42
3	3	200921222678	16.665	2	3	1	4	42
3	1	200921223018	4.166	1	2	1	1	42
3	6	200921223169	141.651	1	4	1	4	42
3	6	200921223169	141.651	2	4	2	4	42
3	4	200921223198	308.299	1	4	1	3	42
3	1	200921223639	4.166	2	3	1	1	42
3	1	200921223884	4.166	1	4	1	2	42
3	5	200921223950	69.429	4	4	1	1	61
3	6	200921224095	141.651	2	99	1	1	42
3	6	200921224095	141.651	3	3	2	1	42
3	4	200921224196	312.432	1	12	1	1	61
3	6	200921224993	141.651	3	1	1	3	42
3	6	200921225134	141.651	4	12	1	1	42
3	6	200921225134	141.651	5	1	2	1	42
3	6	200921305398	179.143	3	4	1	7	47
3	2	200921305463	19.605	1	3	1	1	47
3	1	200921305500	19.605	3	99	1	3	47
3	1	200921305893	89.572	1	4	1	7	47
3	4	200921305899	360.761	1	2	1	17	47
3	4	200921305902	313.685	1	14	1	3	47
3	4	200921306299	281.908	1	3	1	10	47
4	6	200921316009	144.222	1	3	1	7	79
4	6	200921316009	144.222	3	1	2	7	79
4	6	200921316009	144.222	4	1	3	7	79
4	1	200921316026	11.094	1	4	1	7	79
4	2	200922079046	2.404	1	4	1	5	81
4	6	200922079228	139.42	2	4	1	2	81
4	4	200922079586	310.09	1	2	1	3	81
4	4	200922079586	310.09	3	2	2	3	81
4	4	200922079959	307.686	1	3	1	1	81
4	2	200922082914	4.808	1	13	1	1	81
4	1	200922083373	4.808	1	3	1	1	81
4	4	200922083637	311.228	1	3	1	7	81
4	3	200922083843	16.827	1	1	1	5	81
4	2	200922084410	4.808	1	99	1	1	81
4	2	200922084436	4.808	1	4	1	1	81
4	6	200922084869	139.42	1	4	1	1	81
4	4	200922085146	311.228	1	14	1	7	81
4	3	200922085455	15.561	2	3	1	7	81
4	2	200922085779	10.657	1	4	1	11	81
4	4	200922086255	307.686	1	4	1	1	81
4	2	200922086785	4.808	2	3	1	2	81
4	5	200922086939	67.306	1	3	1	2	81
4	1	200922087043	4.808	3	3	1	1	81
4	2	200922087423	4.808	1	4	1	2	81
4	4	200922300267	311.904	1	3	1	1	82
4	2	200922300349	5.472	2	4	1	1	82
4	6	200922300700	142.272	1	4	1	1	82
4	4	200922301118	311.904	1	3	1	1	82
4	3	200922301560	16.416	1	12	1	1	82
4	4	200922301971	311.904	1	14	1	1	82
4	4	200922302039	311.904	1	14	1	1	82
4	5	200922302117	65.664	2	3	1	1	82
4	4	200922302169	311.904	1	3	1	1	82
4	4	200922302235	311.904	1	4	1	1	82
4	4	200922302292	311.904	1	3	1	1	82
4	5	200922302346	65.664	1	4	1	1	82
4	4	200922302570	311.904	1	3	1	1	82
4	4	200922302797	311.904	1	3	1	1	82
4	3	200922302938	16.416	1	3	1	1	82
4	3	200922302938	16.416	2	3	2	1	82
4	4	200922303017	311.904	1	3	1	1	82
4	4	200922303098	311.904	1	4	1	1	82
4	5	200922303215	65.664	3	4	1	1	82
4	3	200922303218	16.416	1	3	1	1	82
4	4	200922303378	311.904	1	3	1	1	82
4	4	200922303880	311.904	1	3	1	1	82
4	4	200922303937	311.904	1	2	1	1	82
4	4	200922304097	311.904	1	3	1	1	82
4	4	200922304157	311.904	1	2	1	1	82
4	6	200922304227	142.272	1	2	1	1	82
4	6	200922304227	142.272	2	2	2	1	82
4	5	200922304267	65.664	2	12	1	1	82
4	5	200922304267	65.664	3	1	2	1	82
4	4	200922304362	311.904	1	3	1	1	82
4	2	200922304519	5.472	1	4	1	1	82
4	2	200922304519	5.472	2	4	2	1	82
4	2	200922304519	5.472	3	4	3	1	82
4	4	200922304745	311.904	1	3	1	1	82
4	4	200922304992	311.904	1	2	1	1	82
4	3	200922305147	16.416	2	3	1	1	82
4	4	200922305269	311.904	1	2	1	1	82
4	4	200922305328	311.904	1	4	1	1	82
4	3	200922305468	16.416	1	3	1	1	82
4	4	200922305722	311.904	1	3	1	1	82
4	4	200922305722	311.904	2	3	2	1	82
4	6	200922305738	142.272	3	1	1	1	82
4	4	200922306117	311.904	1	2	1	1	82
4	4	200922306377	311.904	1	3	1	1	82
4	4	200922306434	311.904	1	2	1	1	82
4	4	200922306655	311.904	1	14	1	1	82
4	4	200922307043	311.904	1	99	1	1	82
4	4	200922307364	311.904	1	3	1	1	82
4	5	200922307421	65.664	1	4	1	1	82
4	6	200922307466	142.272	1	3	1	1	82
4	4	200922307658	311.904	1	4	1	1	82
4	6	200922307739	142.272	2	2	1	1	82
4	6	200922307776	142.272	1	4	1	1	82
4	4	200922307907	311.904	1	1	1	1	82
4	3	200922308029	16.416	3	1	1	1	82
4	3	200922308029	16.416	4	1	2	1	82
4	4	200922308180	311.904	1	4	1	1	82
4	4	200922308239	311.904	1	12	1	1	82
4	4	200922308429	311.904	1	14	1	1	82
4	4	200922308553	311.904	1	12	1	1	82
4	3	200922308590	16.416	1	1	1	1	82
4	3	200922308590	16.416	2	2	1	1	82
4	6	200922308622	142.272	1	3	1	1	82
4	3	200922308650	16.416	4	4	1	1	82
4	1	200922308669	5.472	1	4	1	1	82
4	5	200922308883	65.664	5	1	1	1	82
4	3	200922309054	16.416	1	3	1	1	82
4	3	200922309054	16.416	3	3	2	1	82
4	4	200922309447	311.904	1	4	1	1	82
4	2	200922309664	5.472	1	4	1	2	82
4	4	200922309709	311.904	1	1	1	1	82
4	4	200922309830	311.904	1	3	1	1	82
4	4	200922396298	311.904	1	12	1	1	82
4	4	200922396450	311.904	1	3	1	1	82
4	4	200922396577	311.904	1	4	1	1	82
4	2	200922396678	5.472	1	3	1	1	82
4	4	200922396974	311.904	1	3	1	1	82
4	3	200922397077	16.416	1	3	1	1	82
4	3	200922397077	16.416	2	1	2	1	82
4	6	200922397084	142.272	1	4	1	1	82
4	4	200922397200	311.904	1	3	1	1	82
4	4	200922397400	311.904	1	1	1	1	82
4	4	200922397657	311.904	1	3	1	1	82
4	3	200922397709	16.416	1	3	1	1	82
4	4	200922397831	311.904	1	3	1	1	82
4	4	200922397904	311.904	1	1	1	1	82
4	1	200922397973	5.472	1	1	1	1	82
4	4	200922398083	311.904	1	3	1	1	82
4	1	200922398241	5.472	3	1	1	1	82
4	1	200922398241	5.472	4	1	2	1	82
4	4	200922398336	311.904	1	3	1	1	82
4	4	200922398467	311.904	1	1	1	1	82
4	4	200922398825	311.904	1	3	1	1	82
4	4	200922399096	311.904	1	11	1	1	82
4	4	200922399380	311.904	1	2	1	1	82
4	4	200922399775	311.904	1	3	1	1	82
4	6	200922399893	142.272	1	4	1	1	82
4	1	200922399959	5.472	1	4	1	1	82
3	4	200923911576	308.334	1	3	1	3	50
3	2	200923912042	4.602	1	4	1	1	50
3	6	200923912672	152.786	1	4	1	10	50
3	6	200923912710	136.771	1	4	1	7	50
3	4	200923913027	308.334	1	2	1	3	50
3	5	200923913036	69.03	3	4	1	3	50
3	4	200923913081	308.334	1	1	1	5	50
3	4	200923913610	314.572	1	3	1	7	50
3	1	200923914137	4.602	2	2	1	4	50
3	1	200923914137	4.602	3	2	2	4	50
3	4	200923914269	314.572	1	4	1	7	50
3	1	200923915022	4.602	3	12	1	4	50
3	3	200923915413	13.677	1	4	1	7	50
3	3	200923915512	18.408	1	2	1	4	50
3	3	200923915512	18.408	2	2	2	4	50
3	2	200923915740	4.602	1	4	1	3	50
3	4	200923916681	308.334	1	2	1	2	50
3	6	200923916984	138.06	1	3	1	3	50
3	5	200923917164	69.03	1	4	1	5	50
3	5	200923917164	69.03	2	4	2	5	50
3	2	200923917476	4.602	1	3	1	4	50
3	6	200923917494	138.06	1	4	1	4	50
3	4	200923917503	308.334	1	3	1	4	50
3	4	200923917556	308.334	2	3	1	5	50
3	4	200923917556	308.334	3	3	2	5	50
3	4	200923918035	314.572	1	4	1	7	50
3	3	200923918374	18.408	1	2	1	5	50
3	4	200923918443	308.334	1	3	1	2	50
3	4	200923918443	308.334	2	3	2	2	50
3	3	200923918610	18.408	2	4	1	5	50
3	6	200923918825	138.06	1	1	1	2	50
3	6	200923918825	138.06	2	1	2	2	50
3	3	200923919172	38.197	2	1	1	10	50
3	2	200923919764	4.602	3	1	1	4	50
3	2	200923919764	4.602	4	3	2	4	50
3	2	200923919764	4.602	5	3	3	4	50
3	2	200923919764	4.602	6	4	4	4	50
3	2	200923919764	4.602	7	1	5	4	50
3	2	200923919764	4.602	8	99	6	4	50
3	2	200923919764	4.602	9	99	7	4	50
3	1	200923920385	38.197	1	4	1	10	50
3	1	200923921555	38.197	1	1	1	10	50
4	4	200924800183	306.858	1	1	1	3	75
4	5	200924800381	64.602	1	1	1	3	75
4	1	200924800824	8.075	2	4	1	4	75
4	1	200924800824	8.075	3	2	2	4	75
4	3	200924800882	16.15	2	3	1	4	75
4	5	200924800902	64.602	1	4	1	3	75
4	4	200924800909	306.858	1	3	1	3	75
4	4	200924800988	306.858	1	12	1	4	75
4	4	200924801118	306.858	1	3	1	3	75
4	4	200924801157	306.858	1	3	1	4	75
4	4	200924900241	306.858	1	3	1	3	75
4	2	200924901056	8.075	6	2	1	1	75
4	2	200924901057	8.075	1	4	1	1	75
4	6	200925100144	144.222	1	4	1	7	79
4	6	200925100144	144.222	2	4	2	7	79
4	4	200925100425	310.632	1	4	1	7	79
4	4	200925100425	310.632	2	4	2	7	79
4	2	200925100650	11.094	1	2	1	7	79
4	2	200925100650	11.094	3	2	2	7	79
4	5	200925100654	66.564	1	4	1	7	79
4	5	200925100654	66.564	2	4	2	7	79
4	5	200925100681	66.564	1	1	1	7	79
4	5	200925100681	66.564	2	1	2	7	79
4	1	200925100694	11.094	1	14	1	7	79
4	1	200925100694	11.094	2	14	2	7	79
4	5	200925100993	66.564	1	4	1	7	79
4	3	200925101018	22.188	2	4	1	7	79
4	4	200925101585	310.632	1	4	1	7	79
4	4	200925101810	310.632	1	3	1	7	79
4	4	200925101810	310.632	2	3	2	7	79
4	1	200925101817	11.094	4	1	1	7	79
4	5	200925102244	66.564	2	3	1	7	79
4	5	200925102244	66.564	3	3	2	7	79
4	3	200925102246	22.188	1	3	1	7	79
4	3	200925102246	22.188	2	3	2	7	79
4	3	200925102246	22.188	3	4	3	7	79
4	6	200925102266	144.222	1	4	1	7	79
4	5	200925102274	66.564	2	3	1	7	79
4	1	200925102299	11.094	1	3	1	7	79
4	1	200925102531	11.094	2	3	1	7	79
4	1	200925102701	1.664	4	2	1	2	79
4	5	200925102786	66.564	1	4	1	7	79
4	1	200925102929	11.094	1	4	1	7	79
4	1	200925103135	11.094	1	4	1	7	79
4	4	200925103366	310.632	1	3	1	7	79
4	3	200925103595	22.188	2	3	1	7	79
4	4	200925103808	310.632	1	1	1	7	79
4	4	200925104560	310.632	1	3	1	7	79
4	4	200925104560	310.632	2	3	2	7	79
4	6	200925105187	144.222	2	4	1	7	79
4	6	200925105411	144.222	2	4	1	7	79
4	6	200925105411	144.222	3	4	2	7	79
4	5	200925106680	66.564	2	3	1	7	79
4	5	200925106680	66.564	3	3	2	7	79
4	5	200925106680	66.564	4	3	3	7	79
4	5	200925106680	66.564	5	14	4	7	79
4	4	200925106711	310.632	1	12	1	7	79
4	1	200925106966	11.094	1	4	1	7	79
4	1	200925107156	1.664	1	2	1	2	79
4	1	200925107598	11.094	1	1	1	7	79
4	1	200925107883	11.094	1	3	1	7	79
4	1	200925107883	11.094	2	4	2	7	79
4	5	200925108548	66.564	1	4	1	7	79
4	5	200925108548	66.564	2	4	2	7	79
4	1	200925108580	11.094	2	3	1	7	79
4	4	200925108819	310.632	1	3	1	7	79
1	6	200929934241	135.548	2	4	1	10	1
1	4	200929934302	304.982	2	4	1	13	1
1	4	200929934302	304.982	3	4	2	13	1
1	6	200929934355	135.548	1	1	1	1	1
1	4	200929935737	304.982	1	3	1	8	1
1	6	200929935950	135.548	1	1	1	1	1
1	6	200929935950	135.548	2	1	2	1	1
1	6	200929935986	135.548	1	4	1	8	1
1	6	200929936138	135.548	1	4	1	8	1
1	4	200929936143	304.982	1	3	1	8	1
1	5	200929936182	67.774	1	14	1	2	1
1	4	200929936346	304.982	1	3	1	1	1
1	6	200929936364	135.548	2	1	1	4	1
1	4	200929936375	304.982	1	4	1	4	1
1	4	200929936474	304.982	1	2	1	1	1
1	2	200929936581	33.887	1	3	1	7	1
1	2	200929936634	33.887	1	2	1	7	1
1	2	200929936712	33.887	2	4	1	7	1
1	5	200929936781	67.774	2	4	1	7	1
1	4	200929937783	304.982	1	3	1	8	1
1	5	200929937840	67.774	4	4	1	1	1
1	6	200929938199	135.548	1	1	1	4	1
1	6	200929938199	135.548	2	4	2	4	1
1	4	200929938256	304.982	1	4	1	1	1
1	6	200929938298	135.548	1	4	1	2	1
1	6	200929938313	135.548	2	4	1	2	1
1	4	200929938339	304.982	1	1	1	1	1
1	4	200929938351	304.982	1	1	1	1	1
1	5	200929938379	67.774	2	2	1	4	1
1	6	200929938438	135.548	2	1	1	7	1
1	2	200929938966	2.138	1	4	1	3	23
1	6	200930021498	140.951	2	3	1	1	7
1	5	200930021510	121.152	1	3	1	30	7
1	5	200930021510	121.152	2	2	2	30	7
1	5	200930021538	65.777	1	11	1	1	7
1	5	200930021538	65.777	2	13	2	1	7
1	1	200930021794	9.397	7	99	1	3	7
1	2	200930021863	9.397	1	3	1	2	7
1	5	200930021872	76.734	1	4	1	16	7
1	6	200930021951	135.231	1	99	1	5	7
1	5	200930022037	52.036	1	11	1	10	7
1	5	200930022041	69.148	1	1	1	8	7
1	6	200930022114	140.951	1	13	1	1	7
1	6	200930022114	140.951	2	2	2	1	7
1	6	200930022291	140.951	1	2	1	3	7
1	1	200930022299	9.397	3	14	1	3	7
1	6	200930022367	135.231	2	2	1	5	7
1	6	200930022367	135.231	3	2	2	5	7
1	6	200930022556	138.295	1	3	1	8	7
1	5	200930022777	77.275	1	4	1	5	7
1	5	200930022892	69.148	3	2	1	8	7
1	5	200930023148	76.734	2	1	1	16	7
1	5	200930023149	76.734	1	4	1	16	7
1	3	200930023454	18.793	1	1	1	3	7
1	3	200930023454	18.793	2	4	2	3	7
1	5	200930023589	76.734	1	3	1	16	7
1	5	200930023589	76.734	2	3	2	16	7
1	6	200930023593	153.468	1	3	1	16	7
1	6	200930023638	140.951	1	12	1	1	7
1	6	200930023751	121.152	1	3	1	30	7
1	6	200930023903	156.108	1	2	1	10	7
1	4	200930259226	299.334	1	4	1	1	23
1	6	200930259363	149.667	1	4	1	1	23
1	6	200930259363	149.667	2	4	2	1	23
1	6	200930259417	149.667	1	1	1	1	23
1	5	200930259437	64.143	3	4	1	1	23
1	4	200930259474	299.334	1	1	1	1	23
1	4	200930259595	299.334	1	4	1	1	23
1	4	200930260118	299.334	1	4	1	1	23
1	4	200930260216	309.665	1	4	1	6	23
1	4	200930260730	299.334	1	1	1	1	23
1	5	200930260873	64.143	1	1	1	1	23
1	5	200930260873	64.143	3	3	2	1	23
1	5	200930260886	64.143	2	4	1	1	23
1	6	200930260929	149.667	1	3	1	1	23
1	5	200930260945	64.143	1	4	1	1	23
1	5	200930260945	64.143	2	4	2	1	23
1	5	200930261057	64.143	1	4	1	1	23
1	1	200930261080	21.381	1	4	1	1	23
1	1	200930261080	21.381	2	4	2	1	23
1	3	200930261208	21.381	1	4	1	1	23
1	2	200930261251	2.138	1	4	1	2	23
1	4	200930261320	299.334	1	1	1	1	23
1	6	200930261347	149.667	1	4	1	1	23
1	5	200930261615	64.143	2	3	1	1	23
1	4	200930261946	299.334	1	3	1	1	23
1	5	200930262010	68.419	1	4	1	2	23
1	5	200930262105	64.143	3	1	1	1	23
1	5	200930262105	64.143	4	3	2	1	23
1	5	200930262105	64.143	5	3	3	1	23
1	1	200930262261	21.381	1	3	1	1	23
1	1	200930262382	21.381	3	2	1	1	23
1	1	200930262382	21.381	4	3	2	1	23
1	4	200930262509	299.334	1	4	1	1	23
1	4	200930262530	299.334	1	3	1	1	23
1	6	200930262707	142.922	1	3	1	6	23
1	4	200930262872	299.334	1	3	1	1	23
1	5	200930262921	64.143	1	4	1	1	23
1	4	200930262954	299.334	1	2	1	1	23
1	2	200930262984	2.138	2	1	1	2	23
1	2	200930262984	2.138	3	1	1	2	23
1	4	200930263058	299.334	1	3	1	1	23
1	4	200930263138	299.334	1	1	1	1	23
1	6	200930263379	149.667	1	1	1	1	23
1	5	200930263383	64.143	2	1	1	1	23
1	5	200930263392	64.143	2	12	1	1	23
1	5	200930263403	64.143	1	3	1	1	23
1	1	200930263434	2.138	1	14	1	4	23
1	4	200930263451	299.334	1	4	1	1	23
1	4	200930263496	299.334	1	1	1	1	23
1	4	200930263567	310.53	1	3	1	9	23
1	6	200930263832	149.667	1	1	1	1	23
1	6	200930263832	149.667	3	1	2	1	23
1	4	200930264012	299.334	1	3	1	1	23
1	1	200930264044	21.381	2	1	1	1	23
1	4	200930264048	299.334	1	3	1	1	23
1	4	200930264347	299.334	1	2	1	1	23
1	5	200930264624	64.143	2	2	1	1	23
1	4	200930264813	299.334	1	1	1	1	23
1	1	200930264923	21.381	2	3	1	1	23
1	5	200930265160	64.143	2	2	1	1	23
1	4	200930265212	299.334	1	3	1	1	23
1	4	200930265227	299.334	1	2	1	1	23
1	4	200930265359	299.334	2	4	1	1	23
1	4	200930265459	310.53	1	3	1	9	23
1	6	200930358697	142.127	1	3	1	1	24
1	4	200930358767	312.907	1	3	1	9	24
1	4	200930358805	319.785	1	1	1	12	24
1	4	200930358814	319.785	1	1	1	12	24
1	4	200930358878	312.907	1	3	1	9	24
1	4	200930358884	313.825	1	2	1	1	25
1	4	200930358939	321.278	1	4	1	14	25
1	4	200930358962	321.278	1	3	1	14	25
1	3	200930358964	107.093	1	4	1	14	25
1	3	200930358964	107.093	2	4	2	14	25
1	4	200930358974	313.825	1	3	1	2	25
1	4	200930359030	319.785	1	3	1	12	24
1	6	200930359049	159.893	1	4	1	12	24
1	6	200930359049	159.893	2	4	2	12	24
1	6	200930359049	159.893	3	4	3	12	24
1	4	200930359052	319.785	2	3	1	12	24
1	4	200930359223	324.909	1	3	1	6	25
1	4	200930359271	321.278	1	1	1	14	25
1	4	200930359286	316.75	1	2	1	2	24
1	4	200930359347	316.75	1	2	1	2	24
1	4	200930359347	316.75	2	3	2	2	24
1	4	200930359347	316.75	3	3	3	2	24
1	4	200930359438	319.785	1	4	1	12	24
1	3	200930359446	16.721	2	4	1	1	24
1	4	200930359502	313.003	1	3	1	7	24
1	4	200930359547	319.785	1	14	1	12	24
1	4	200930359555	319.785	1	3	1	12	24
1	4	200930359642	312.907	1	3	1	9	24
1	4	200930359676	316.207	1	4	1	7	25
1	4	200930359683	316.207	1	3	1	7	25
1	4	200930359710	316.75	1	1	1	2	24
1	4	200930359725	321.278	1	1	1	14	25
1	4	200930359817	319.785	1	3	1	12	24
1	4	200930359894	321.278	1	3	1	14	25
1	4	200930359982	321.278	1	3	1	14	25
1	4	200930359993	313.825	1	3	1	3	25
1	4	200930360005	319.785	1	2	1	12	24
1	4	200930360025	307.837	1	3	1	5	24
1	4	200930360050	324.909	1	3	1	6	25
1	4	200930360147	319.785	1	3	1	12	24
1	5	200930360276	69.556	3	1	1	7	24
1	5	200930360276	69.556	4	3	2	7	24
1	4	200930360278	313.003	1	2	1	7	24
1	4	200930360299	316.75	1	4	1	2	24
1	4	200930360423	324.909	1	4	1	6	25
1	4	200930360445	319.785	1	4	1	12	24
1	4	200930360445	319.785	2	4	2	12	24
1	4	200930360482	312.907	1	3	1	9	24
1	5	200930360490	56.892	2	14	1	9	24
1	4	200930360528	316.207	1	3	1	7	25
1	3	200930360533	45.172	2	3	1	7	25
1	4	200930360711	316.75	2	1	1	2	24
1	4	200930360912	307.837	1	2	1	5	24
1	4	200930360936	319.785	1	4	1	12	24
1	4	200930360959	312.907	1	3	1	9	24
1	4	200930361027	313.825	1	4	1	2	25
1	6	200930361043	144.842	2	13	1	1	25
1	6	200930361043	144.842	3	11	2	1	25
1	4	200930361193	319.785	1	3	1	12	24
1	4	200930361220	309.335	1	1	1	1	24
1	5	200930361254	56.892	2	4	1	9	24
1	5	200930361254	56.892	3	4	2	9	24
1	5	200930361254	56.892	4	4	3	9	24
1	5	200930361254	56.892	5	4	4	9	24
1	4	200930361411	319.785	1	3	1	12	24
1	4	200930361420	321.278	2	3	1	14	25
1	1	200930361506	28.446	3	1	1	9	24
1	1	200930361506	28.446	4	1	2	9	24
1	4	200930361662	319.785	1	3	1	12	24
1	5	200930361664	79.946	2	3	1	12	24
1	4	200930361822	313.003	1	1	1	7	24
1	3	200930361853	17.389	1	3	1	7	24
1	3	200930361853	17.389	2	3	2	7	24
1	4	200930361879	319.785	2	3	1	12	24
1	4	200930361891	312.907	1	3	1	9	24
1	4	200930362002	319.785	1	2	1	12	24
1	4	200930362014	319.785	1	1	1	12	24
1	5	200930362024	56.892	2	3	1	9	24
1	4	200930362163	316.207	1	4	1	7	25
1	4	200930362263	321.278	1	3	1	14	25
1	4	200930362266	321.278	1	2	1	14	25
1	5	200930362295	66.883	1	4	1	1	24
1	4	200930362351	312.907	1	1	1	9	24
1	6	200930362370	142.23	1	4	1	9	24
1	4	200930362518	316.75	1	3	1	2	24
1	4	200930362532	319.785	1	3	1	12	24
1	6	200930362533	159.893	1	3	1	12	24
1	4	200930362694	316.207	1	3	1	7	25
1	3	200930362696	45.172	1	4	1	7	25
1	4	200930362759	319.785	1	4	1	12	24
1	4	200930362801	312.907	1	1	1	9	24
1	4	200930362850	321.278	2	4	1	14	25
1	4	200930362886	312.907	1	1	1	9	24
1	4	200930362966	309.335	1	1	1	1	24
1	4	200930362988	319.785	1	1	1	12	24
1	4	200930363007	319.785	1	1	1	12	24
1	5	200930363029	69.556	5	1	1	7	24
1	3	200930363054	12.07	2	2	1	1	25
1	4	200930363320	312.907	1	1	1	9	24
1	4	200930363326	324.909	1	3	1	6	25
1	2	200930363379	40.614	1	4	1	6	25
1	2	200930363379	40.614	2	3	2	6	25
1	4	200930363387	316.207	1	3	1	7	25
1	4	200930363387	316.207	2	3	1	7	25
1	5	200930363515	56.892	1	4	1	9	24
1	4	200930363524	319.785	1	1	1	12	24
1	4	200930363587	307.837	1	3	1	5	24
1	4	200930363610	307.837	2	2	1	5	24
1	4	200930363629	312.907	1	3	1	9	24
1	6	200930363637	142.23	1	4	1	9	24
1	6	200930363637	142.23	2	4	2	9	24
1	4	200930363686	324.909	1	3	1	6	25
1	4	200930363745	324.909	1	99	1	6	25
1	4	200930363752	316.207	1	1	1	7	25
1	4	200930363764	313.825	1	2	1	1	25
1	4	200930363854	319.785	1	2	1	12	24
1	4	200930363870	319.785	2	4	1	12	24
1	4	200930363870	319.785	3	99	2	12	24
1	5	200930363890	69.556	2	3	1	7	24
1	5	200930363890	69.556	3	4	2	7	24
1	4	200930363917	312.907	1	4	1	9	24
1	4	200930363962	309.335	1	3	1	1	24
1	4	200930364037	321.278	1	1	1	14	25
1	4	200930364037	321.278	2	1	2	14	25
1	4	200930364037	321.278	3	1	3	14	25
1	6	200930364060	133.368	1	4	1	2	24
1	4	200930364069	316.75	1	4	1	2	24
1	3	200930364121	12.07	1	3	1	1	25
1	6	200930364166	139.112	1	2	1	7	24
1	4	200930364224	309.335	1	3	1	1	24
1	4	200930364244	313.003	1	3	1	7	24
1	4	200930364334	316.207	2	99	1	7	25
1	4	200930364341	316.207	2	4	1	7	25
1	4	200930364413	324.909	1	3	1	6	25
1	4	200930364439	312.907	1	4	1	9	24
1	5	200930364531	107.093	3	3	1	14	25
1	4	200930364584	324.909	1	4	1	6	25
1	3	200930364589	12.07	2	4	1	2	25
1	3	200930364589	12.07	3	4	2	2	25
1	5	200930364833	66.684	2	1	1	2	24
1	5	200930364833	66.684	3	4	2	2	24
1	4	200930364835	316.75	1	4	1	2	24
1	4	200930364857	316.75	1	3	1	2	24
1	4	200930365055	313.003	1	3	1	7	24
1	4	200930365072	312.907	2	1	1	9	24
1	4	200930365072	312.907	3	3	2	9	24
1	5	200930365082	66.684	1	3	1	2	24
1	4	200930365135	316.75	1	3	1	2	24
1	2	200930365241	12.07	1	4	1	2	25
1	2	200930365241	12.07	3	99	2	2	25
1	3	200930365330	107.093	1	4	1	14	25
1	4	200930365361	321.278	1	4	1	14	25
1	6	200930365436	133.368	2	3	1	2	24
1	6	200930365436	133.368	3	3	2	2	24
1	6	200930365436	133.368	4	4	3	2	24
1	4	200930365445	319.785	1	4	1	12	24
1	4	200930365453	319.785	1	3	1	12	24
1	4	200930365453	319.785	2	3	2	12	24
1	4	200930365544	316.75	1	1	1	2	24
1	4	200930365577	312.907	1	3	1	9	24
1	5	200930365605	107.093	1	3	1	14	25
1	5	200930365605	107.093	2	4	2	14	25
1	4	200930365619	321.278	1	1	1	14	25
2	4	200930440450	298.075	1	12	1	24	10
2	4	200930441162	311.78	1	14	1	12	33
2	4	200930441731	314.04	1	4	1	1	32
2	4	200930441746	314.04	1	14	1	1	32
2	6	200930441816	146.552	1	4	1	1	32
2	6	200930441816	146.552	2	4	2	1	32
2	6	200930441816	146.552	3	4	3	1	32
2	4	200930441828	314.04	1	12	1	1	32
2	4	200930441854	314.04	1	13	1	1	32
2	4	200930442349	310.58	1	3	1	2	10
2	1	200930442518	2.701	1	4	1	2	10
2	2	200930442830	2.701	1	13	1	4	10
2	2	200930442830	2.701	2	4	2	4	10
2	4	200930442965	298.075	1	14	1	24	10
2	4	200930443898	310.58	1	14	1	4	10
2	4	200930444406	309.077	1	1	1	5	10
2	4	200930444406	309.077	2	14	2	5	10
2	4	200930445228	310.58	1	3	1	1	10
2	3	200930446023	18.905	2	4	1	4	10
2	4	200930446530	314.04	1	12	1	1	32
2	1	200930446575	4.617	1	4	1	1	33
2	4	200930446922	312.758	1	11	1	8	33
2	6	200930447688	140.436	1	4	1	4	10
2	4	200930447736	298.075	1	1	1	24	10
2	3	200930447744	27.098	1	4	1	24	10
2	4	200930447762	298.075	1	3	1	24	10
2	4	200930448231	318.802	1	3	1	16	33
2	2	200930449212	2.094	1	4	1	2	32
2	4	200930449337	314.04	1	14	1	1	32
2	6	200930449399	146.552	1	12	1	1	32
2	2	200930449414	20.936	1	14	1	1	32
2	2	200930449415	20.936	1	12	1	1	32
2	3	200930449890	22.772	1	13	1	16	33
2	3	200930450236	18.905	1	12	1	4	10
2	4	200930450401	306.113	1	14	1	17	10
2	4	200930451257	314.04	1	1	1	1	32
2	4	200930451279	314.04	1	14	1	1	32
2	4	200930451352	309.312	1	4	1	1	33
2	4	200930451715	312.722	1	3	1	15	10
2	4	200930451773	298.075	2	4	1	24	10
2	4	200930452090	318.802	1	12	1	16	33
2	5	200930452213	67.517	2	12	1	1	10
2	4	200930452895	309.312	1	3	1	1	33
2	3	200930453192	18.766	1	3	1	8	33
2	4	200930453447	310.58	1	14	1	2	10
2	4	200930453704	314.04	1	3	1	1	32
2	6	200930453717	146.552	1	14	1	1	32
2	6	200930453717	146.552	2	3	2	1	32
2	4	200930453854	309.853	1	4	1	2	32
2	4	200930453854	309.853	2	4	2	2	32
2	4	200930454943	310.58	1	12	1	1	10
2	3	200930455117	18.905	1	3	1	2	10
2	4	200930455548	309.077	1	12	1	5	10
2	5	200930455559	67.846	1	4	1	5	10
2	5	200930455559	67.846	2	4	2	5	10
2	4	200930456004	314.04	1	11	1	1	32
2	4	200930456045	314.04	1	12	1	1	32
2	3	200930456059	20.936	1	14	1	1	32
2	3	200930456059	20.936	2	3	2	1	32
2	4	200930456926	312.758	1	14	1	8	33
2	4	200930457592	312.722	1	14	1	15	10
2	2	200930458739	4.617	1	13	1	4	33
2	4	200930459176	310.58	1	12	1	1	10
2	5	200930459649	62.808	3	1	1	1	32
2	6	200930459650	146.552	1	14	1	1	32
2	4	200930459671	314.04	1	13	1	1	32
2	4	200930460419	314.04	1	14	1	1	32
2	6	200930460444	146.552	1	4	1	1	32
2	4	200930800240	304.121	1	3	1	112	91
2	1	200930800279	3.976	1	4	1	9	91
2	4	200930800459	311.287	1	3	1	7	91
2	6	200930800586	139.515	1	4	1	15	91
2	4	200930800765	310.161	2	3	1	3	91
2	1	200930801053	10.363	3	11	1	32	91
2	3	200930801206	16.072	2	3	1	55	91
2	4	200930802086	310.887	1	3	1	32	91
2	4	200930802437	307.781	1	1	1	4	91
2	3	200930802725	16.979	1	2	1	7	91
2	4	200930802743	311.287	1	1	1	7	91
2	4	200930802773	310.746	1	14	1	46	91
2	4	200930802797	310.746	1	4	1	46	91
2	4	200930803613	305.742	1	3	1	14	91
2	4	200930803951	301.455	1	4	1	67	91
2	3	200930803985	21.532	1	3	1	67	91
2	6	200930803989	150.727	1	3	1	67	91
2	4	200930804291	305.37	1	2	1	55	91
2	4	200930804348	308.311	1	3	1	24	91
2	3	200930804487	20.391	2	2	1	19	91
2	4	200930804507	310.746	1	4	1	46	91
2	4	200930804557	310.746	1	4	1	46	91
2	4	200930804587	310.887	1	3	1	32	91
2	4	200930804890	310.161	1	2	1	3	91
2	6	200930805009	139.515	3	2	1	15	91
2	6	200930805786	139.152	1	4	1	9	91
2	3	200930805899	15.502	2	2	1	15	91
2	4	200930806129	307.781	1	4	1	4	91
2	4	200930806413	310.161	1	12	1	3	91
2	4	200930806576	304.121	1	1	1	112	91
2	4	200930806590	304.121	1	3	1	112	91
2	6	200930806596	152.061	2	3	1	112	91
2	4	200930806629	304.121	1	3	1	112	91
2	2	200930806819	5.66	4	4	1	7	91
2	2	200930806819	5.66	5	2	2	7	91
2	2	200930806819	5.66	6	2	3	7	91
2	2	200930806819	5.66	7	5	4	7	91
2	4	200930807043	305.37	1	3	1	55	91
2	4	200930807043	305.37	2	3	2	55	91
2	4	200930807043	305.37	3	3	3	55	91
2	4	200930807403	301.455	1	3	1	67	91
2	1	200930807643	5.66	2	3	1	7	91
2	4	200930807890	310.887	1	3	1	32	91
2	4	200930808046	307.781	1	1	1	4	91
2	4	200930808410	310.111	1	4	1	9	91
2	4	200930808537	310.746	1	3	1	46	91
2	4	200930809785	312.656	1	4	1	19	91
2	4	200930809883	310.746	1	3	1	46	91
2	3	200930810009	20.726	1	3	1	32	91
2	4	200930810534	305.37	1	4	1	55	91
2	4	200930810775	304.121	1	3	1	112	91
2	4	200930896507	310.161	1	3	1	3	91
2	3	200930897525	14.797	2	3	1	46	91
2	6	200930897718	140.982	1	2	1	3	91
2	4	200930897901	307.781	1	3	1	4	91
2	5	200930898003	65.953	3	1	1	4	91
2	5	200930898003	65.953	4	3	2	4	91
2	5	200930898003	65.953	5	3	3	4	91
2	4	200930898047	310.111	1	3	1	9	91
2	4	200930898310	311.287	1	12	1	7	91
2	4	200930898697	301.455	1	2	1	67	91
2	4	200930898751	310.746	1	4	1	46	91
2	5	200930898792	72.54	2	2	1	32	91
2	5	200930898792	72.54	4	4	2	32	91
2	4	200930899682	310.746	1	3	1	46	91
2	4	200930899952	310.161	1	3	1	3	91
1	6	200931121194	177.02	2	99	1	8	22
1	4	200931121360	303.023	1	99	1	6	22
1	6	200931121429	177.02	1	3	1	8	22
1	4	200931121445	354.04	1	3	1	8	22
1	4	200931121466	322.489	1	2	1	1	22
1	6	200931121552	121.209	1	3	1	6	22
1	4	200931121593	354.04	1	3	1	8	22
1	4	200931121658	322.489	1	3	1	1	22
1	4	200931121700	354.04	1	3	1	8	22
1	4	200931121745	322.489	1	3	1	1	22
1	6	200931121801	177.02	1	4	1	8	22
1	4	200931121817	322.489	1	14	1	1	22
1	4	200931121835	303.023	1	14	1	6	22
1	4	200931121856	303.023	1	2	1	6	22
1	5	200931122135	60.605	1	3	1	6	22
1	5	200931122135	60.605	2	3	2	6	22
1	1	200931122286	60.605	1	4	1	6	22
1	4	200931122340	303.023	1	3	1	6	22
1	6	200931122370	177.02	1	1	1	8	22
1	2	200931122376	88.51	1	3	1	8	22
1	4	200931122482	322.489	1	3	1	2	22
1	6	200931122495	121.209	1	3	1	6	22
1	4	200931122549	354.04	1	4	1	8	22
1	5	200931122639	60.605	1	1	1	6	22
1	2	200931122695	29.317	1	14	1	2	22
1	6	200931257556	140.049	1	4	1	2	26
1	4	200931258065	316.044	1	4	1	7	26
1	4	200931258098	299.94	1	3	1	13	26
1	2	200931258390	4.244	1	4	1	2	26
1	2	200931258563	4.244	1	1	1	2	26
1	2	200931258979	8.331	1	4	1	3	26
1	1	200931259717	12.508	1	1	1	9	26
1	1	200931259717	12.508	2	1	2	9	26
1	1	200931259717	12.508	3	1	3	9	26
1	4	200931259935	299.94	1	12	1	13	26
1	2	200931260103	4.244	3	2	1	2	26
1	2	200931260103	4.244	4	2	2	2	26
1	2	200931260103	4.244	5	2	3	2	26
1	2	200931260103	4.244	6	2	4	2	26
1	5	200931261064	67.902	2	4	1	1	26
1	1	200931261964	8.331	3	2	1	3	26
1	1	200931261964	8.331	4	3	2	3	26
1	1	200931261964	8.331	5	2	3	3	26
1	1	200931261964	8.331	6	3	4	3	26
1	5	200931262410	67.902	1	4	1	1	26
1	2	200931262449	15.802	1	1	1	7	26
1	1	200931262569	4.244	3	2	1	2	26
1	4	200931263250	309.805	1	4	1	2	26
3	2	200931408413	161.621	2	1	1	1	28
3	5	200931408426	161.621	1	4	1	3	28
3	5	200931408426	161.621	2	1	2	3	28
3	5	200931408426	161.621	3	1	3	3	28
3	5	200931408426	161.621	4	1	4	3	28
3	5	200931408426	161.621	5	1	5	3	28
3	5	200931408426	161.621	6	1	6	3	28
3	5	200931408426	161.621	7	1	7	3	28
3	5	200931408426	161.621	8	1	8	3	28
3	6	200931408443	161.621	1	4	1	1	28
3	6	200931408443	161.621	2	4	2	1	28
3	5	200931408446	161.621	1	1	1	3	28
3	4	200931408507	323.242	1	3	1	1	28
3	4	200931408604	323.242	1	14	1	2	28
3	4	200931408632	323.242	1	12	1	1	28
3	4	200931408661	323.242	1	3	1	1	28
3	6	200931408739	161.621	1	2	1	3	28
3	3	200931408757	161.621	2	3	1	1	28
3	3	200931408794	161.621	1	4	1	3	28
3	6	200931408831	161.621	1	4	1	1	28
3	4	200931408888	323.242	2	4	1	3	28
3	5	200931408949	161.621	1	1	1	2	28
3	5	200931408949	161.621	2	1	2	2	28
3	5	200931408949	161.621	3	1	3	2	28
3	5	200931408949	161.621	4	1	4	2	28
3	4	200931409159	323.242	1	1	1	2	28
2	4	200931500080	305.622	1	4	1	1	30
2	5	200931500353	67.984	1	4	1	2	30
2	6	200931500790	137.468	1	3	1	1	29
2	3	200931500873	22.639	2	3	1	1	30
2	4	200931501130	305.622	1	3	1	1	30
2	1	200931501736	3.399	9	1	1	3	30
2	1	200931502245	11.319	4	1	1	1	30
2	6	200931502585	135.832	1	3	1	1	30
2	6	200931502585	135.832	2	3	2	1	30
2	1	200931502805	11.319	2	4	1	1	30
2	1	200931502805	11.319	3	5	1	1	30
2	4	200931502838	309.327	1	12	1	2	30
2	4	200931503328	305.622	1	3	1	1	30
2	4	200931503402	305.622	1	4	1	1	30
2	3	200931503476	17.183	2	3	1	1	29
2	5	200931503700	67.916	1	1	1	1	30
2	5	200931503700	67.916	2	1	2	1	30
2	4	200931503748	305.622	1	3	1	1	30
2	4	200931503986	305.622	1	4	1	1	30
2	4	200931504270	305.622	1	4	1	1	30
2	4	200931504312	305.622	1	3	1	1	30
2	4	200931504822	305.622	1	3	1	1	30
2	5	200931504915	68.734	2	2	1	2	29
2	5	200931504915	68.734	3	4	1	2	29
2	5	200931504915	68.734	4	3	2	2	29
2	3	200931505138	22.639	1	11	1	1	30
2	2	200931505149	11.319	2	1	1	1	30
2	6	200931505328	137.468	1	11	1	1	29
2	4	200931505605	305.622	1	1	1	1	30
2	4	200931505684	305.622	1	3	1	1	30
2	2	200931506024	17.183	1	3	1	1	29
2	4	200931506132	309.327	1	3	1	2	30
2	6	200931506259	135.832	1	3	1	1	30
2	4	200931506285	305.622	1	3	1	1	30
2	1	200931506399	11.319	3	4	1	1	30
2	3	200931506418	22.639	2	4	1	1	30
2	3	200931506418	22.639	3	4	1	1	30
2	4	200931506765	305.622	1	3	1	1	30
2	6	200931506857	135.832	1	3	1	1	30
2	1	200931507593	11.319	1	4	1	1	30
2	4	200931507862	305.622	1	14	1	1	30
2	4	200931508706	305.622	1	3	1	1	30
2	4	200931508862	305.622	1	3	1	1	30
2	4	200931508938	305.622	1	3	1	1	30
2	2	200931510061	61.524	1	14	1	1	31
2	4	200931510654	305.622	1	1	1	1	30
2	4	200931510861	309.303	1	2	1	2	29
2	4	200931511040	305.622	1	3	1	1	30
2	4	200931511218	305.622	1	3	1	1	30
2	2	200931511282	11.319	2	99	1	1	30
2	4	200931511393	305.622	1	3	1	1	30
2	4	200931511436	305.622	1	4	1	1	30
2	4	200931599096	309.303	1	14	1	1	29
2	6	200931599179	139.367	1	3	1	2	30
2	6	200931599228	135.832	1	4	1	1	30
2	6	200931599436	135.832	1	3	1	1	30
2	6	200931599533	123.049	1	12	1	1	31
2	6	200931599695	135.832	1	14	1	1	30
3	4	200931729186	315.654	1	3	1	5	44
3	5	200931729629	90.187	2	2	1	2	44
3	4	200931729814	340.633	1	2	1	6	44
3	4	200931729912	315.654	1	4	1	4	44
3	4	200931729912	315.654	2	4	2	4	44
3	6	200931729925	170.316	1	3	1	6	44
3	6	200931729925	170.316	2	3	1	6	44
3	5	200931730033	90.187	1	4	1	1	44
3	4	200931730050	315.654	1	3	1	3	44
3	4	200931730298	315.654	1	4	1	3	44
3	6	200931730535	135.28	3	2	1	1	44
3	5	200931730611	85.158	1	4	1	6	44
3	6	200931731082	135.28	1	3	1	1	44
3	6	200931731082	135.28	2	3	2	1	44
3	6	200931731082	135.28	3	2	3	1	44
3	6	200931731082	135.28	4	1	3	1	44
3	5	200931731089	90.187	2	13	1	2	44
3	4	200931731160	340.633	1	3	1	6	44
3	6	200931731737	135.28	3	1	1	2	44
3	6	200931731737	135.28	4	1	2	2	44
3	5	200931731820	90.187	3	1	1	2	44
3	5	200931731860	85.158	1	4	1	6	44
3	6	200931840848	134.784	1	1	1	4	46
3	6	200931841104	134.784	1	3	1	4	46
3	6	200931841244	134.784	1	4	1	3	46
3	6	200931841290	134.784	1	1	1	1	46
3	4	200931841293	314.496	1	3	1	1	46
3	4	200931841527	314.496	1	14	1	4	46
3	6	200931841612	134.784	1	4	1	3	46
3	4	200931841658	314.496	1	1	1	1	46
3	4	200931842130	314.496	1	3	1	4	46
3	4	200931842206	314.496	1	3	1	1	46
3	2	200931842215	22.464	2	4	1	1	46
3	4	200931842391	314.496	1	3	1	3	46
3	4	200931842443	312.063	1	4	1	7	46
3	6	200931842566	134.784	1	1	1	1	46
3	4	200931842799	314.496	1	3	1	3	46
3	4	200931842866	314.496	1	3	1	1	46
3	3	200931843150	22.464	1	4	1	4	46
3	5	200931843314	67.392	2	2	1	1	46
3	4	200931843416	314.496	1	3	1	3	46
3	4	200931843531	314.496	1	14	1	4	46
3	5	200931843948	67.392	1	2	1	1	46
3	6	200931843977	156.031	1	2	1	7	46
3	4	200931844039	314.496	1	2	1	1	46
3	4	200931844275	314.496	1	3	1	1	46
3	6	200931844542	134.784	1	4	1	3	46
3	4	200931844602	314.496	1	3	1	1	46
3	6	200931844874	134.784	1	14	1	3	46
3	5	200931844905	67.392	1	14	1	3	46
3	5	200931844905	67.392	2	3	1	3	46
3	6	200931844934	134.784	1	4	1	4	46
3	6	200931845000	134.784	1	4	1	4	46
3	4	200931845003	314.496	1	3	1	4	46
3	6	200931845018	134.784	1	4	1	1	46
3	4	200931845161	314.496	1	3	1	2	46
3	4	200932030501	312.432	1	4	1	3	61
3	5	200932030595	69.429	1	3	1	1	61
3	4	200932030796	312.432	1	3	1	3	61
3	5	200932030923	69.429	1	2	1	4	61
3	5	200932030923	69.429	2	2	2	4	61
3	2	200932031268	34.715	1	3	1	1	61
3	6	200932031429	138.859	1	4	1	2	61
3	6	200932031429	138.859	2	4	2	2	61
3	6	200932031429	138.859	3	4	3	2	61
3	6	200932031429	138.859	4	4	4	2	61
3	3	200932031528	34.715	1	1	1	5	61
3	3	200932031528	34.715	2	1	2	5	61
3	3	200932031565	34.715	2	3	1	1	61
3	6	200932031636	138.859	1	3	1	2	61
3	6	200932031636	138.859	2	3	2	2	61
3	5	200932031691	69.429	5	4	1	4	61
3	4	200932031720	312.432	1	4	1	1	61
3	4	200932031720	312.432	2	4	2	1	61
3	6	200932031762	138.859	1	3	1	2	61
3	2	200932032051	34.715	1	4	1	1	61
3	4	200932032307	312.432	1	4	1	4	61
3	4	200932032307	312.432	2	4	2	4	61
3	6	200932032373	138.859	15	12	1	1	61
3	6	200932032373	138.859	16	11	2	1	61
3	6	200932032599	138.859	1	12	1	2	61
3	6	200932032599	138.859	2	1	2	2	61
3	6	200932032599	138.859	3	1	3	2	61
3	4	200932032844	312.432	1	3	1	4	61
3	4	200932032864	312.432	1	3	1	2	61
3	6	200932032914	138.859	1	4	1	5	61
3	6	200932032949	138.859	1	4	1	4	61
3	4	200932033018	312.432	1	3	1	2	61
3	4	200932033076	312.432	1	3	1	4	61
3	6	200932169540	147.318	1	3	1	3	62
3	6	200932169540	147.318	2	4	2	3	62
3	6	200932170366	139.62	4	4	1	1	63
3	4	200932170806	319.189	1	1	1	3	62
3	4	200932171290	307.164	1	4	1	1	63
3	1	200932171871	24.553	1	3	1	2	62
3	1	200932171871	24.553	2	3	2	2	62
3	1	200932171871	24.553	3	4	3	2	62
3	4	200932172048	319.189	1	3	1	3	62
3	4	200932172212	307.164	1	3	1	1	63
3	3	200932172548	24.553	3	3	1	2	62
3	6	200932172952	120.088	1	4	1	6	62
3	4	200932173265	319.189	1	1	1	2	62
3	4	200932173452	319.189	2	3	1	3	62
3	4	200932173452	319.189	3	3	2	3	62
3	5	200932173523	69.81	1	2	1	1	63
3	4	200932173742	283.393	2	13	1	8	62
3	4	200932173802	319.189	1	3	1	2	62
3	4	200932174203	307.164	1	3	1	1	63
3	4	200932174652	319.189	5	3	1	2	62
3	4	200932174652	319.189	6	3	2	2	62
3	5	200932174854	69.81	1	3	1	1	63
3	6	200932175423	147.318	1	4	1	1	62
3	6	200932175482	147.318	1	4	1	5	62
3	4	200932175501	320.234	1	3	1	6	62
3	4	200932175658	319.189	1	2	1	5	62
3	6	200932175820	147.318	1	4	1	1	62
3	4	200932175861	319.189	1	3	1	4	62
3	2	200932175955	24.553	1	4	1	1	62
3	2	200932175955	24.553	2	3	1	1	62
3	4	200932176092	319.189	1	4	1	1	62
3	3	200932176169	13.962	2	1	1	1	63
3	2	200932176303	13.962	1	4	1	1	63
3	4	200932176658	307.164	1	3	1	1	63
3	4	200932177209	307.164	2	3	1	1	63
3	6	200932177433	120.088	3	1	1	6	62
3	4	200932178050	307.164	1	4	1	1	63
3	6	200932178559	139.62	1	4	1	1	63
3	4	200932274410	311.533	1	3	1	1	64
3	6	200932275468	141.606	2	4	1	1	64
3	2	200932276664	4.72	1	3	1	2	64
3	1	200932277434	4.72	1	4	1	2	64
3	4	200932277939	311.533	1	3	1	1	64
3	3	200932278445	18.881	3	2	1	1	64
3	4	200932278544	311.533	1	99	1	1	64
3	5	200932278882	66.083	1	4	1	1	64
3	4	200932278884	311.533	1	3	1	1	64
3	3	200932278887	18.881	2	4	1	1	64
3	6	200932280125	141.606	1	3	1	1	64
3	5	200932280372	66.083	2	1	1	1	64
3	3	200932280373	18.881	2	3	1	1	64
3	3	200932280668	18.881	1	1	1	1	64
3	3	200932280668	18.881	2	1	2	1	64
3	4	200932281431	311.533	1	3	1	1	64
3	2	200932281711	9.44	1	1	1	1	64
3	6	200932281994	141.606	1	4	1	1	64
3	4	200932282012	311.533	1	4	1	1	64
3	1	200932282193	9.44	5	1	1	1	64
3	1	200932282193	9.44	6	1	2	1	64
3	4	200932282860	311.533	1	2	1	1	64
3	1	200932283091	4.72	1	4	1	2	64
3	1	200932283130	4.72	3	5	1	2	64
3	2	200932283149	4.72	1	3	1	2	64
3	2	200932283329	4.72	1	4	1	2	64
2	6	200932342447	135.815	1	4	1	2	71
2	4	200932342974	321.695	1	14	1	7	71
2	6	200932343213	135.815	1	4	1	2	71
2	6	200932343424	135.815	4	1	1	5	71
2	6	200932343424	135.815	5	1	2	5	71
2	6	200932343424	135.815	6	1	3	5	71
2	3	200932343458	12.347	1	1	1	1	71
2	3	200932343562	12.347	1	2	1	2	71
2	6	200932343603	135.815	1	3	1	5	71
2	5	200932344154	74.081	2	4	1	2	71
2	4	200932344993	308.67	1	3	1	1	71
2	4	200932345349	324.523	1	3	1	10	71
2	6	200932345429	135.815	1	2	1	3	71
2	5	200932345837	74.081	3	1	1	5	71
2	5	200932345837	74.081	4	1	1	5	71
2	2	200932346357	12.347	1	2	1	5	71
2	6	200932347020	135.815	1	4	1	2	71
4	1	200932400417	3.661	3	4	1	2	77
4	1	200932400417	3.661	4	4	2	2	77
4	1	200932400417	3.661	5	4	3	2	77
4	1	200932400417	3.661	8	99	4	2	77
4	1	200932400417	3.661	9	3	5	2	77
4	1	200932401096	3.661	2	13	1	2	77
4	3	200932402965	14.644	1	1	1	1	77
4	5	200932403254	65.9	1	2	1	1	77
4	3	200932403418	14.644	1	2	1	1	77
4	1	200932404075	7.322	1	4	1	1	77
4	1	200932404159	3.661	1	1	1	2	77
4	6	200932404695	139.122	3	4	1	2	77
4	1	200932405429	7.322	1	99	1	1	77
4	1	200932406560	3.661	1	4	1	3	77
4	3	200932407434	18.305	1	12	1	2	77
4	1	200932407520	3.661	1	4	1	7	77
4	1	200932407520	3.661	2	4	2	7	77
4	1	200932407520	3.661	3	3	2	7	77
4	5	200932408312	65.9	3	4	1	1	77
4	3	200932408740	14.644	1	4	1	1	77
4	3	200932408740	14.644	2	4	2	1	77
4	6	200932568833	137.815	1	3	1	2	80
4	6	200932568833	137.815	2	3	2	2	80
4	5	200932568846	65.626	1	4	1	3	80
4	4	200932569092	328.13	1	3	1	17	80
4	1	200932569180	6.563	1	4	1	4	80
4	3	200932569294	19.688	1	1	1	2	80
4	3	200932569294	19.688	2	4	2	2	80
4	3	200932569294	19.688	3	4	3	2	80
4	6	200932569583	136.3	2	1	1	8	80
4	5	200932569594	68.15	1	4	1	8	80
4	5	200932569594	68.15	3	3	1	8	80
4	1	200932569675	6.563	1	4	1	1	80
4	4	200932569729	308.442	1	2	1	1	80
4	3	200932570028	19.688	2	4	1	3	80
4	3	200932570028	19.688	3	3	2	3	80
4	5	200932570283	65.626	1	4	1	3	80
4	5	200932570283	65.626	2	4	2	3	80
4	4	200932570415	313.262	1	2	1	5	80
4	4	200932570480	305.413	1	3	1	11	80
4	4	200932570617	308.442	1	4	1	3	80
4	6	200932570662	137.835	1	3	1	5	80
4	4	200932570774	313.262	1	1	1	5	80
4	6	200932570865	137.815	1	4	1	3	80
4	5	200932571023	65.626	1	3	1	2	80
4	6	200932571064	137.815	1	14	1	1	80
4	6	200932571420	137.815	1	1	1	3	80
4	4	200932571445	308.442	1	3	1	3	80
4	2	200932571837	6.563	1	4	1	3	80
4	4	200932572454	305.413	1	13	1	11	80
4	2	200932572603	27.765	1	4	1	11	80
4	5	200932573018	55.53	1	1	1	11	80
4	4	200932573022	305.413	1	4	1	11	80
4	1	200932573058	6.563	1	4	1	1	80
4	5	200932573318	65.626	4	3	1	3	80
4	5	200932573318	65.626	5	5	2	3	80
4	5	200932573358	82.032	1	4	1	17	80
4	5	200932573358	82.032	2	4	2	17	80
4	4	200932573372	328.13	1	1	1	17	80
4	6	200932573373	164.065	1	3	1	17	80
4	6	200932573832	137.835	1	1	1	5	80
4	5	200932573909	65.626	1	1	1	1	80
4	5	200932573967	55.53	1	2	1	11	80
4	5	200932573967	55.53	2	4	2	11	80
4	5	200932573970	55.53	1	14	1	11	80
4	3	200932574225	19.688	1	4	1	1	80
4	3	200932574307	19.688	2	4	1	1	80
4	2	200932574375	6.563	2	13	1	1	80
4	2	200932574375	6.563	5	2	2	1	80
4	6	200932574850	137.815	1	1	1	1	80
4	4	200932574939	313.262	1	3	1	5	80
4	4	200932575199	305.413	1	3	1	11	80
2	1	200932620143	3.358	2	3	1	1	92
2	4	200932620392	308.982	1	3	1	1	92
2	1	200932621150	6.435	3	4	1	5	92
2	6	200932622526	141.057	1	4	1	3	92
2	4	200932623517	308.982	1	1	1	1	92
2	4	200932623711	309.028	1	3	1	11	92
2	4	200932623940	305.088	1	3	1	15	92
2	4	200932623974	305.98	2	3	1	16	92
2	3	200932624185	16.793	1	1	1	3	92
2	4	200932625077	305.088	1	3	1	15	92
2	1	200932625746	6.435	1	3	1	5	92
2	1	200932625746	6.435	2	3	2	5	92
2	1	200932625992	3.358	1	4	1	2	92
2	1	200932625992	3.358	4	4	2	2	92
2	1	200932625992	3.358	5	4	3	2	92
2	4	200932626435	308.982	1	12	1	4	92
2	4	200932626740	308.982	1	3	1	1	92
2	4	200932626991	309.028	1	3	1	11	92
2	4	200932627043	308.982	1	4	1	1	92
2	4	200932627320	325.475	1	3	1	41	92
2	1	200932627570	3.358	7	99	1	1	92
2	6	200932628277	141.057	2	3	1	4	92
2	4	200932628972	305.98	1	3	1	16	92
2	4	200932629018	328.411	1	13	1	38	92
2	6	200932629542	139.489	1	3	1	41	92
2	6	200932629542	139.489	2	3	2	41	92
2	2	200932629756	6.435	1	14	1	5	92
2	4	200932629795	309.405	1	3	1	7	92
2	4	200932630401	305.98	1	1	1	16	92
2	5	200932631010	72.106	4	2	1	11	92
2	2	200932631018	10.301	1	2	1	11	92
2	4	200932631729	305.088	1	3	1	15	92
2	4	200932632016	305.98	1	4	1	16	92
2	4	200932633133	308.982	1	13	1	1	92
2	4	200932633133	308.982	2	2	2	1	92
2	2	200932633570	6.435	1	3	1	5	92
2	4	200932634991	305.088	1	12	1	15	92
2	4	200932711500	283.69	1	4	1	9	93
2	4	200932711503	283.69	1	4	1	9	93
2	4	200932711531	463.464	1	2	1	12	93
2	6	200932711599	94.563	1	2	1	2	93
2	4	200932711603	283.69	1	3	1	2	93
2	4	200932711715	283.69	2	2	1	8	93
2	4	200932711718	283.69	2	3	1	8	93
2	6	200932711721	94.563	1	1	1	8	93
2	4	200932711732	463.464	1	4	1	12	93
2	4	200932711732	463.464	2	4	2	12	93
2	4	200932711842	463.464	1	14	1	12	93
2	4	200932711927	283.69	1	3	1	6	93
2	6	200932712000	94.563	1	4	1	9	93
2	4	200932712038	283.69	1	3	2	8	93
2	4	200932712038	283.69	2	3	1	8	93
2	4	200932712059	283.69	1	1	1	2	93
2	4	200932712086	283.69	1	3	1	9	93
2	6	200932712222	94.563	1	1	1	9	93
2	5	200932712263	94.563	1	4	1	8	93
2	4	200932712267	463.464	1	3	1	12	93
2	6	200932712284	94.563	1	14	1	9	93
2	6	200932712314	94.563	1	3	1	2	93
2	6	200932712369	94.563	2	1	1	3	93
2	4	200932712381	463.464	1	3	1	12	93
2	3	200932712417	94.563	1	3	1	9	93
2	3	200932712417	94.563	2	1	2	9	93
2	6	200932712525	94.563	1	99	1	9	93
2	4	200932712626	283.69	1	3	1	9	93
2	4	200932712630	283.69	1	1	1	9	93
2	4	200932712640	283.69	2	4	1	9	93
4	3	200932884616	18.189	2	4	1	1	95
4	3	200932884616	18.189	3	4	2	1	95
4	1	200932885517	6.063	3	2	1	1	95
4	4	200932888169	309.213	1	3	1	1	95
4	3	200932890466	18.189	1	2	1	1	95
4	4	200932890507	309.213	1	4	1	1	95
4	4	200932891728	309.213	1	3	1	1	95
4	6	200932893289	139.449	1	4	1	1	95
4	4	200932893504	309.213	1	3	1	1	95
4	4	200932893582	309.213	1	4	1	1	95
4	4	200932894210	309.213	1	3	1	4	95
4	3	200932894586	18.189	1	12	1	1	95
4	3	200932894586	18.189	2	4	2	1	95
4	4	200932895353	309.213	1	3	1	1	95
4	1	200932895978	6.063	3	4	1	1	95
4	4	200951801097	306.858	1	1	1	2	75
4	4	200959658607	312.172	1	3	1	5	94
4	4	200959658740	315.182	1	1	1	1	94
4	4	200959659060	312.172	1	4	1	5	94
4	4	200959659313	315.182	1	3	1	3	94
4	4	200959659562	312.172	1	3	1	5	94
4	4	200959659615	315.182	1	4	1	1	94
4	5	200959659842	63.036	2	13	1	3	94
4	5	200959659842	63.036	5	2	2	3	94
4	5	200959659842	63.036	6	2	3	3	94
4	5	200959659842	63.036	7	2	4	3	94
4	5	200959659954	63.036	2	1	1	4	94
4	4	200959659966	315.182	1	3	1	4	94
4	4	200959660065	315.182	1	3	1	1	94
4	6	200959660113	141.832	1	4	1	1	94
4	5	200959660429	63.036	1	2	1	4	94
4	6	200959660550	141.832	1	2	1	1	94
4	6	200959660550	141.832	2	2	2	1	94
4	6	200959660567	141.832	1	3	1	1	94
4	6	200959660567	141.832	2	3	2	1	94
4	4	200959660668	315.182	1	14	1	3	94
4	4	200959660921	315.182	1	3	1	4	94
4	4	200959661307	315.182	1	4	1	1	94
4	4	200959661641	315.182	1	3	1	3	94
4	4	200959661692	315.182	1	3	1	1	94
4	5	200959661699	63.036	1	3	1	1	94
4	5	200959661699	63.036	2	4	2	1	94
4	5	200959661699	63.036	3	3	2	1	94
4	4	200959661798	315.182	1	4	1	1	94
4	6	200959661819	141.832	1	3	1	1	94
4	4	200959661900	312.172	1	12	1	5	94
4	6	200959662798	141.832	1	4	1	1	94
4	6	200959662798	141.832	2	4	2	1	94
4	5	200959662890	62.434	1	4	1	5	94
4	4	200959663328	315.182	1	3	1	3	94
4	3	200959663781	15.759	3	2	1	3	94
4	4	200959663818	315.182	1	3	1	3	94
4	6	200959663833	141.832	1	3	1	3	94
4	4	200959664223	315.182	1	3	1	1	94
4	4	200959664506	315.182	1	3	1	1	94
4	4	200959664858	315.182	2	4	1	4	94
4	6	200959665012	141.832	3	1	1	3	94
4	5	200964300976	66.564	1	11	1	1	79
4	5	200964300976	66.564	2	3	2	1	79
4	4	200964301017	310.632	1	3	1	1	79
4	5	200964301033	66.564	1	4	1	1	79
4	5	200964301033	66.564	2	4	2	1	79
4	3	200964301052	22.188	1	4	1	1	79
4	3	200964301133	22.188	1	3	1	1	79
4	1	200964301292	11.094	1	4	1	1	79
4	5	200964301308	66.564	1	3	1	1	79
4	5	200964301308	66.564	2	4	2	1	79
4	6	200964301378	144.222	2	3	1	1	79
4	6	200964301378	144.222	3	3	2	1	79
4	6	200964301378	144.222	4	1	3	1	79
4	4	200964301425	310.632	1	4	1	1	79
4	1	200964301526	11.094	2	3	1	1	79
4	4	200964301592	310.632	1	4	1	1	79
4	1	200964301765	11.094	1	1	1	1	79
4	6	200964301818	144.222	1	4	1	1	79
4	4	200964301863	310.632	1	3	1	1	79
4	1	200964301908	11.094	1	4	1	1	79
4	1	200964301908	11.094	2	4	2	1	79
4	1	200964301908	11.094	3	4	3	1	79
2	4	200964602691	304.811	1	1	1	1	11
2	4	200964603092	304.811	1	12	1	1	11
2	6	200964603255	133.355	1	4	1	1	11
2	1	200964603350	19.051	2	14	1	1	11
2	6	200964603643	133.355	1	14	1	1	11
2	4	200964603918	304.811	1	12	1	1	11
3	5	200965508294	73.329	2	11	1	2	43
3	4	200965508434	286.735	1	1	1	10	43
3	2	200965508718	57.347	2	13	1	10	43
3	5	200965509291	73.329	1	1	1	2	43
3	3	200965510396	12.222	3	12	1	2	43
3	3	200965510396	12.222	4	13	2	2	43
4	1	200965600977	8.075	2	1	1	3	75
4	1	200965600977	8.075	2	1	2	3	75
4	1	200965600977	8.075	3	1	3	3	75
4	4	200965601243	306.858	1	3	1	3	75
4	4	200965601655	306.858	1	3	1	3	75
4	4	200965601783	306.858	1	1	1	3	75
4	3	200965901520	22.188	2	1	1	7	79
4	3	200965901530	22.188	1	4	1	1	79
4	3	200965901530	22.188	2	4	2	1	79
4	5	200965901555	66.564	1	3	1	1	79
4	5	200965901555	66.564	2	1	2	1	79
4	5	200965901599	66.564	1	1	1	1	79
4	5	200965901599	66.564	2	1	2	1	79
4	5	200965901599	66.564	3	1	3	1	79
4	1	200965901881	11.094	2	3	1	1	79
4	5	200965902181	66.564	1	3	1	1	79
4	5	200965902181	66.564	2	1	2	1	79
4	5	200965902181	66.564	3	1	3	1	79
4	4	200965902263	310.632	1	3	1	7	79
4	5	200965902326	66.564	3	3	1	1	79
4	4	200965902586	310.632	1	4	1	7	79
4	4	200965902895	310.632	1	4	1	7	79
4	4	200965902895	310.632	2	4	2	7	79
4	1	200965903174	11.094	1	4	1	7	79
4	5	200965903401	66.564	1	4	1	1	79
4	5	200965903401	66.564	2	4	2	1	79
4	2	200965903629	3.896	1	3	1	4	79
4	2	200965903629	3.896	2	4	2	4	79
4	5	200965903817	66.564	1	4	1	1	79
4	5	200965903817	66.564	3	4	2	1	79
4	1	200965903928	11.094	1	3	1	1	79
4	1	200965903928	11.094	3	4	2	1	79
4	1	200965903928	11.094	4	3	3	1	79
4	6	200965903954	144.222	1	4	1	1	79
4	6	200965903954	144.222	2	4	2	1	79
4	6	200965903954	144.222	3	4	3	1	79
4	5	200965903962	66.564	1	4	1	1	79
4	5	200965903962	66.564	2	4	2	1	79
4	5	200965903962	66.564	3	4	3	1	79
4	2	200965904493	1.664	2	3	1	2	79
4	4	200965904628	310.632	1	3	1	1	79
4	6	200965904669	144.222	1	4	1	1	79
4	4	200965904686	310.632	1	3	1	1	79
3	6	200968503091	134.436	1	4	1	1	43
3	4	200968503441	305.538	1	11	1	1	43
3	4	200968503441	305.538	2	1	2	1	43
2	4	200968702352	304.811	1	3	1	3	11
2	4	200968702424	304.811	1	3	1	3	11
2	4	200968702744	304.811	1	14	1	3	11
2	4	200968703290	304.811	1	12	1	3	11
2	4	200968703524	304.811	1	14	1	3	11
2	3	200968703761	19.051	1	13	1	3	11
2	1	200968703858	19.051	1	12	1	3	11
2	4	200968704286	304.811	1	14	1	3	11
2	6	200968704429	133.355	1	12	1	3	11
2	2	200968802121	19.051	1	2	1	4	11
2	2	200968802263	19.051	1	4	1	4	11
2	2	200968802633	19.051	2	4	1	4	11
2	6	200968802908	133.355	2	14	1	4	11
2	3	200968803170	19.051	1	4	1	4	11
2	2	200968803371	19.051	1	4	1	4	11
2	4	200968803977	304.811	2	13	1	4	11
2	4	200968804168	304.811	1	3	1	4	11
1	5	200969500188	69.725	1	14	1	14	6
1	5	200969500188	69.725	2	14	2	14	6
1	5	200969500188	69.725	3	3	3	14	6
1	3	200969500245	14.82	2	4	1	20	6
1	3	200969500371	20.242	2	13	1	26	6
1	5	200969500432	68.952	1	3	1	4	6
1	2	200969500526	5.454	2	12	1	5	6
1	1	200969500531	5.454	1	14	1	5	6
1	2	200969600337	11.621	2	3	1	14	6
1	3	200986106195	20.242	3	4	1	26	6
3	3	200988011933	18.158	2	2	1	1	27
3	3	200988011933	18.158	3	4	2	1	27
3	4	200988011978	308.686	1	3	1	1	27
3	4	200988011978	308.686	2	3	2	1	27
3	6	200988012472	136.185	1	14	1	2	27
3	2	200988012792	9.079	2	1	1	1	27
3	2	200988012792	9.079	3	5	2	1	27
3	6	200988012940	136.185	1	3	1	1	27
3	1	200988013402	9.079	1	3	1	2	27
3	1	200988013402	9.079	3	2	2	2	27
3	3	200988013499	18.158	1	4	1	1	27
3	4	200988013545	308.686	1	4	1	1	27
3	4	200988013545	308.686	2	4	2	1	27
3	6	200988013559	136.185	1	3	1	1	27
3	6	200988013559	136.185	2	3	2	1	27
3	6	200988013559	136.185	3	4	3	1	27
3	6	200988013559	136.185	4	4	4	1	27
3	6	200988013559	136.185	5	4	5	1	27
3	1	200988013570	9.079	1	2	1	1	27
3	1	200988013570	9.079	2	3	2	1	27
3	1	200988013570	9.079	3	3	3	1	27
3	1	200988013570	9.079	4	3	4	1	27
3	1	200988013570	9.079	5	3	5	1	27
3	1	200988013570	9.079	6	3	6	1	27
3	6	200988013674	136.185	1	4	1	1	27
3	4	200988013715	308.686	1	14	1	1	27
3	6	200988013775	136.185	2	3	1	1	27
3	6	200988013775	136.185	3	4	2	1	27
3	6	200988013775	136.185	4	4	3	1	27
3	3	200988014459	18.158	1	3	1	1	27
3	4	200988014522	308.686	1	3	1	1	27
3	5	200988014573	63.553	2	4	1	1	27
3	3	200988015257	18.158	2	1	1	1	27
3	1	200988015341	9.079	3	2	1	3	27
3	4	200988015777	308.686	1	4	1	2	27
3	4	200988015834	308.686	1	1	1	2	27
3	3	200988015905	18.158	2	2	1	2	27
3	1	200988015985	9.079	1	3	1	1	27
3	1	200988015985	9.079	2	3	2	1	27
3	1	200988015985	9.079	3	3	3	1	27
3	1	200988015985	9.079	4	3	4	1	27
3	1	200988015985	9.079	5	3	5	1	27
3	1	200988015985	9.079	6	3	6	1	27
3	6	200988016012	136.185	1	4	1	1	27
3	1	200988016106	9.079	1	4	1	1	27
3	1	200988016106	9.079	2	4	2	1	27
3	1	200988016277	9.079	1	4	1	1	27
3	1	200988016277	9.079	2	4	2	1	27
3	1	200988016277	9.079	3	4	3	1	27
3	1	200988016277	9.079	4	3	4	1	27
3	3	200988016884	18.158	1	4	1	1	27
3	6	200988016976	136.185	2	3	1	1	27
3	2	200988017117	9.079	2	3	1	2	27
3	6	200988017177	136.185	1	3	1	2	27
3	4	200988017661	308.686	1	3	1	1	27
3	3	200988018279	18.158	2	4	1	1	27
3	4	200988018315	308.686	1	3	1	1	27
3	1	200988018340	9.079	2	3	1	1	27
3	6	200988018425	136.185	1	14	1	1	27
3	4	200988018717	308.686	1	3	1	2	27
3	3	200988018980	18.158	2	3	1	1	27
3	3	200988019070	18.158	1	3	1	1	27
3	5	200988019433	63.553	2	2	1	2	27
3	3	200988019504	18.158	3	3	1	1	27
3	2	200988020935	9.079	2	4	1	1	27
3	3	200988022159	18.158	1	3	1	1	27
3	3	200988022159	18.158	2	4	2	1	27
3	1	200988022208	9.079	4	3	1	1	27
3	2	200988022449	9.079	1	4	1	4	27
3	6	200988022821	136.185	1	3	1	2	27
3	6	200988022821	136.185	2	1	2	2	27
1	6	200993537533	139.242	1	3	1	4	21
1	4	200993540562	310.974	2	3	1	4	21
2	4	200993680565	307.622	1	12	1	3	31
2	4	200993680573	307.622	1	3	1	3	31
2	4	200993680580	307.622	2	3	1	3	31
2	4	200993680591	307.622	1	4	1	3	31
2	4	200993680640	307.622	1	4	1	3	31
2	6	200993680662	123.049	1	3	1	4	31
2	4	200993680744	311.852	1	3	1	4	29
2	4	200993680802	307.622	1	2	1	3	31
2	4	200993680814	307.622	1	3	1	3	31
2	4	200993680831	307.622	1	3	1	3	31
2	4	200993680852	307.622	1	2	1	4	31
2	4	200993680905	364.819	1	2	1	10	29
2	4	200993680911	364.819	1	3	1	10	29
2	5	200993681101	61.524	1	1	1	3	31
2	6	200993681103	123.049	2	4	1	3	31
2	4	200993681166	307.814	2	3	1	5	29
2	4	200993681248	354.819	1	3	1	6	31
2	4	200993681293	307.622	1	3	1	3	31
2	4	200993681299	307.622	1	12	1	3	31
2	6	200993681433	123.049	1	1	1	2	31
2	6	200993681433	123.049	2	3	2	2	31
2	3	200993681478	61.524	1	3	1	3	31
2	4	200993681485	307.622	1	3	1	3	31
2	4	200993681620	307.622	1	2	1	3	31
2	4	200993681716	307.814	1	3	1	5	29
2	4	200993681726	307.814	1	3	1	5	29
2	4	200993681761	364.819	1	3	1	10	29
2	4	200993681773	364.819	1	3	1	10	29
2	4	200993681818	307.622	1	2	1	4	31
2	4	200993681833	307.622	1	1	1	3	31
2	4	200993681839	307.622	1	3	1	3	31
2	4	200993681853	307.622	1	3	1	3	31
2	5	200993681862	61.524	2	12	1	3	31
2	4	200993681908	364.819	1	4	1	10	29
2	6	200993681916	121.606	1	1	1	10	29
2	4	200993681975	307.814	1	3	1	5	29
2	6	200993682056	123.049	1	3	1	3	31
2	6	200993682056	123.049	2	1	2	3	31
2	4	200993682059	307.622	1	3	1	3	31
2	6	200993682115	121.606	1	4	1	10	29
2	4	200993682149	364.819	1	3	1	10	29
2	5	200993682168	87.947	1	3	1	5	29
2	4	200993682173	307.814	1	4	1	5	29
2	5	200993682210	61.524	1	4	1	3	31
2	5	200993682210	61.524	2	2	2	3	31
2	6	200993682211	123.049	1	14	1	3	31
2	6	200993682220	123.049	1	3	1	3	31
2	4	200993682235	307.622	1	4	1	3	31
2	4	200993682282	307.814	1	3	1	5	29
2	4	200993682326	364.819	1	2	1	10	29
2	5	200993682329	121.606	1	4	1	10	29
2	5	200993682329	121.606	2	2	2	10	29
2	4	200993682382	364.819	1	1	1	10	29
2	5	200993682384	121.606	1	4	1	10	29
2	4	200993682443	307.622	1	3	1	3	31
2	5	200993682451	61.524	1	3	1	3	31
2	4	200993682474	307.622	1	3	1	3	31
2	4	200993682483	307.622	1	3	1	3	31
2	6	200993682491	123.049	1	4	1	3	31
2	4	200993682529	364.819	1	12	1	10	29
2	4	200993682590	307.814	1	4	1	5	29
2	4	200993682843	307.622	1	3	1	3	31
2	6	200993682850	123.049	1	3	1	3	31
2	4	200993682910	307.622	1	3	1	4	31
2	4	200993682986	307.814	1	3	1	5	29
2	4	200993683024	364.819	1	3	1	10	29
2	4	200993683137	307.814	1	3	1	5	29
2	4	200993683152	307.622	1	14	1	3	31
2	5	200993683155	61.524	1	1	1	3	31
