200500050342 1 027  233   18.16
200500051395 1 127  133   18.16
200500052492 1 027  133   18.16
200510409063 1 0 2  214  298.61
200510410021 1 0 2  613   49.28
200510410167 1 0 2 1613  106.65
200510410191 1 1 2  313   27.15
200510410275 1 0 2  113   27.15
200510410401 1 0 2 1616  106.65
200510410794 1 0 2  414  269.43
200510727803 1 1 3 2114  291.47
200510729803 1 1 3 1613   15.62
200510730071 1 0 3 2114  291.47
200510730174 1 1 3  712    5.06
200510731433 1 0 3  313   20.32
200510731968 121 3 1013   19.13
200510732122 1 0 3  313   20.32
200510732190 1 0 3 2113   14.57
200510732435 1 0 3  313   20.32
200510732500 1 1 3 1612    7.81
200510733224 1 1 3 1313   14.76
200510733668 1 1 3 1613   15.62
200510733915 1 1 3  113   17.44
200510733988 1 0 3 1613   15.62
200510734148 1 0 3 2114  291.47
200510734705 1 0 3  313   20.32
200510734768 1 1 3  413   19.90
200510734789 1 1 3 2113   14.57
200510734967 1 1 3  713   20.22
200510735076 199 3  813   19.86
200510735223 1 0 3 1013   19.13
200510735460 1 1 3 1313   14.76
200510736635 1 0 3  713   20.22
200511121983 1 0 4  213   13.05
200511122877 1 0 4  413   13.05
200511122981 1 1 4  713   33.92
200511123479 1 0 4  713   33.92
200511123526 1 0 4  313   13.05
200511123933 1 0 4  313   13.05
200511123947 1 0 4  313   13.05
200511124290 1 0 4 1113   59.36
200511124592 1 1 4  213   13.05
200511124640 1 1 4  113   13.05
200511124874 1 0 4  313   13.05
200511124890 1 1 4  313   13.05
200511125161 1 0 4  113   13.05
200511125270 1 0 4  213   13.05
200511125432 1 0 4  213   13.05
200511125516 1 0 4  613   27.14
200511125710 1 0 4  313   13.05
200511125920 121 4  113   13.05
200511125970 1 1 4  313   13.05
200511126140 1 0 4  113   13.05
200511126394 1 0 4  113   13.05
200511126410 1 0 4  613   27.14
200511126416 1 0 4  714  305.29
200511126593 1 1 4  613   27.14
200511126770 1 0 4  613   27.14
200511128325 1 1 4  113   13.05
200511505831 1 0 5 2214  307.08
200512000836 121 6 1413   23.24
200512405023 1 1 811813   98.86
200512405507 1 0 812013   98.86
200512405549 1 0 8 3313   45.15
200512405727 121 811814  296.57
200512501463 1 0 9  433   19.19
200512501483 1 1 9  433   19.19
200513004130 1 0 9  533   19.19
200513111735 1 042 1033   22.36
200513111933 12142  233   16.67
200513112823 1 042 1033   22.36
200513114739 1 042  133   16.67
200513115357 1 142  133   16.67
200513118011 1 142  233   16.67
200513331953 1 110 2423   27.10
200513336418 12132  123   20.94
200513338518 12210  223   18.91
200513339946 1 010 2423   27.10
200513340715 1 110 1723   17.01
200513341208 1 010  123   18.91
200513342100 1 110 1723   17.01
200513342217 1 110  223   18.91
200513342489 12110  523   15.08
200513343349 1 110 1523   13.60
200513345086 12132  123   20.94
200513345841 1 132  123   20.94
200513345898 1 032  123   20.94
200513346145 1 132  124  293.10
200513346164 1 032  123   20.94
200513346296 1 110  523   15.08
200513346342 1 010  523   15.08
200513346835 19932  123   20.94
200513346904 1 032  123   20.94
200513347630 1 010 2423   27.10
200513347961 1 010  423   18.91
200513348850 1 110 1723   17.01
200513349363 1 110 2423   27.10
200513352446 1 032  123   20.94
200513354650 1 032  123   20.94
200513518236 1 011  523   19.05
200513518383 1 011  223   19.05
200513518990 1 011  523   19.05
200514025072 1 012  123   18.91
200514025094 12112  223   18.91
200514026643 1 012  123   18.91
200514026643 2 012  123   18.91
200514027210 1 012  523   12.21
200514027892 12112  123   18.91
200514028537 1 112  323   18.91
200514029347 1 012  123   18.91
200514029347 2 012  123   18.91
200514030040 1 012  523   12.21
200514712054 1 013  624  311.73
200514713586 1 113  523   38.97
200514713838 1 113  526  116.90
200514714153 1 013  223   38.97
200514714354 1 013  323   38.97
200514714483 1 013  523   38.97
200514715064 12113  124  311.73
200514715151 1 013  223   38.97
200514715496 1 013  723   91.69
200514715527 1 813  323   38.97
200514715546 1 013  624  311.73
200514715569 1 013  523   38.97
200514715648 1 013  523   38.97
200514715785 1 013  123   38.97
200514715869 1 013  124  311.73
200514716020 1 013  223   38.97
200514816980 1 021  513   18.57
200514817720 1 121  514  294.73
200514817846 1 021  513   18.57
200514818340 1 421  513   18.57
200514818613 1 021  513   18.57
200514819291 1 021  514  294.73
200514819707 1 121  513   18.57
200514819866 1 021 1113   17.58
200515413619 1 041  233   20.05
200515413755 12141  132   10.03
200515413780 1 141  233   20.05
200515413876 1 041  133   20.05
200515414038 1 041  133   20.05
200515414166 1 041  133   20.05
200515414359 1 141  133   20.05
200515414517 1 041  133   20.05
200515414675 1 041  133   20.05
200515414711 1 041  233   20.05
200515414759 12141  233   20.05
200515414771 1 041  233   20.05
200515414777 1 041  233   20.05
200515414834 1 041  133   20.05
200515414961 12141  233   20.05
200515414984 1 141  233   20.05
200515415294 1 041  233   20.05
200515415828 1 041  133   20.05
200515415858 19941  133   20.05
200515415921 1 141  133   20.05
200515415941 1 141  233   20.05
200515415941 2 141  233   20.05
200515415969 1 041  233   20.05
200515415997 1 141  233   20.05
200515416080 1 041  133   20.05
200515416792 1 041  133   20.05
200515416911 1 041  133   20.05
200515416934 1 041  133   20.05
200515417066 1 041  133   20.05
200515417266 1 041  133   20.05
200515417445 1 041  133   20.05
200515417638 12141  133   20.05
200515417691 1 041  133   20.05
200515417735 12841  133   20.05
200515417807 1 041  234  290.78
200515417996 1 041  133   20.05
200515418384 1 041  133   20.05
200515418558 1 141  133   20.05
200515419162 1 041  132   10.03
200515419191 12141  233   20.05
200515419191 22141  233   20.05
200515419242 1 141  133   20.05
200515419289 1 041  133   20.05
200515419367 1 041  233   20.05
200515419592 1 041  133   20.05
200515419686 1 141  234  290.78
200515419831 1 041  133   20.05
200515419956 1 041  233   20.05
200516105132 1 043  333   12.22
200516105733 1 043  233   12.22
200516106091 1 043  233   12.22
200516106186 1 043  633   41.42
200516106585 1 443  333   12.22
200516106775 1 043  333   12.22
200516106886 12143  433   12.22
200516226678 1 073  926  129.86
200516226683 1 073  923   21.64
200516354270 1 172  123   20.00
200516362930 1 072  623   20.00
200516500580 1 145  133   20.21
200516590661 1 145  133   20.21
200516592117 1 045  133   20.21
200516592864 1 045  233   20.21
200516593688 12145  133   20.21
200516596416 1 045  133   20.21
200516598054 1 045  133   20.21
200516599224 1 045  133   20.21
200517110087 1 051  134  318.62
200517111023 1 051  233   79.66
200517111533 1 051  134  318.62
200517112227 1 051  133   79.66
200517112307 1 051  133   79.66
200517216284 1 148  433   51.96
200517216603 12148  133   51.96
200517217680 1 048  233   51.96
200517219167 12148  533   51.96
200517219361 12248  133   51.96
200517219379 1 048  133   51.96
200517220474 1 048  133   51.96
200517220646 1 048  133   51.96
200517220739 1 148  333   51.96
200517221066 1 148  333   51.96
200517221314 1 048  133   51.96
200517222352 19948  233   51.96
200517222447 1 048  133   51.96
200517222886 1 048  433   51.96
200517222895 1 048  434  311.78
200517679117 1 049  133   15.64
200517680938 1 049  133   15.64
200517681001 12149  133   15.64
200517681058 1 049  133   15.64
200517684243 1 049  132    5.21
200517684808 1 049  133   15.64
200517684932 1 149  133   15.64
200517685484 1 049  133   15.64
200517685701 12149  133   15.64
200517685819 1 049  133   15.64
200517685819 2 049  133   15.64
200517686716 1 049  133   15.64
200517688070 1 149  133   15.64
200517688252 1 049  133   15.64
200517689986 1 049  133   15.64
200518324406 12173  124  296.48
200518448724 1 172  423   20.00
200518453468 19972  123   20.00
200518454778 1 072  623   20.00
200518455112 1 172  123   20.00
200518455442 1 072  423   20.00
200518455746 1 172  323   20.00
200518456397 1 072  623   20.00
200518456834 1 072  223   20.00
200518456934 1 072  323   20.00
200518457996 1 172  123   20.00
200518458153 19972  123   20.00
200518458484 1 072  123   20.00
200518458636 1 072  623   20.00
200518459634 1 072  123   20.00
200518459822 19972  223   20.00
200518459954 12172  423   20.00
200518460522 1 072  323   20.00
200518460932 1 072  223   20.00
200518461028 1 172  123   20.00
200518461378 1 172  423   20.00
200518461384 1 072  422    5.00
200518461466 1 072  323   20.00
200518461819 1 072  323   20.00
200518462291 1 072  423   20.00
200518462439 1 172  423   20.00
200518462447 1 072  423   20.00
200518463070 1 172  123   20.00
200518463110 1 072  123   20.00
200518463933 1 072  123   20.00
200518463937 1 172  123   20.00
200518464047 1 172  123   20.00
200518465337 1 172  722    2.00
200518465774 12172  623   20.00
200518467118 1 072  323   20.00
200518924521 1 073 1023   31.93
200518924604 19973  523   20.25
200518925975 1 073  223   16.47
200518926425 1 073  223   16.47
200518927038 1 073  223   16.47
200518927052 1 173  223   16.47
200518927497 1 073 1023   31.93
200518928609 1 073  123   16.47
200518928860 1 073  223   16.47
200518929052 1 073  223   16.47
200518930065 1 073  123   16.47
200518930065 2 073  123   16.47
200518932276 1 173  223   16.47
200519003740 19975  343   16.15
200519003951 19975  543   14.07
200519330291 1 074  123   16.70
200519333584 12174  123   16.70
200519333800 12174  923   16.70
200519333800 22174  923   16.70
200519333800 32174  923   16.70
200519334416 1 174  123   16.70
200519334536 1 174  923   16.70
200519335005 12274  923   16.70
200520145546 1 175  243   16.15
200520147561 19775  244  298.78
200520147623 1 175  244  298.78
200520147899 1 075  443   16.15
200520147937 19975  243   16.15
200520148671 1 075  243   16.15
200520149217 19975  143   16.15
200520149267 19975  243   16.15
200520149812 19975  143   16.15
200520149854 19975  443   16.15
200520150192 19975  143   16.15
200520151256 19975  243   16.15
200520504921 12176  344  315.87
200520505597 1 176  344  315.87
200520505765 1 076  443  105.29
200520505983 1 076  243  105.29
200520506204 1 176  343  105.29
200520506206 1 076  344  315.87
200520506235 1 076  143  105.29
200520506528 1 076  443  105.29
200520506834 1 076  343  105.29
200520506972 1 076  343  105.29
200520507010 12176  743  300.83
200520831777 12196 2043   18.36
200520832687 1 096 4344  287.12
200520834432 1 097  243   13.34
200520834740 1 096  843   15.51
200520835283 1 096  843   15.51
200520835598 1 097  343   13.34
200520835611 1 097  343   13.34
200520835847 1 196 1843   20.22
200520836944 1 197  344  293.42
200520837400 1 196 4343   15.95
200520838731 12196  143   18.00
200520839621 1 096 2043   18.36
200520840331 1 097  443   13.34
200520840508 1 097  343   13.34
200520841372 1 196 1143   19.66
200520841885 1 196  644  293.86
200520841930 1 096 1843   20.22
200520842015 1 196  843   15.51
200520843208 12197  243   13.34
200520902785 1 078  243   55.32
200520903356 1 078  243   55.32
200520903595 1 078  243   55.32
200521001704 1 179  143   22.19
200521001704 2 179  143   22.19
200521001758 1 179  143   22.19
200521001815 1 079  143   22.19
200521001843 1 079  143   22.19
200521001864 1 179  143   22.19
200521001934 14279  143   22.19
200521001962 1 179  143   22.19
200521116264 1 079  743   22.19
200521116465 1 179  743   22.19
200521116632 1 079  743   22.19
200521117061 1 079  743   22.19
200521117312 1 179  743   22.19
200521117642 1 079  746  122.03
200521118208 1 179  743   22.19
200521118736 1 079  743   22.19
200521119315 1 179  743   22.19
200521120065 1 079  743   22.19
200521120551 1 179  743   22.19
200521120810 1 179  744  299.54
200521121112 12179  743   22.19
200521305896 1 079  743   22.19
200521701332 1 079  143   22.19
200521701416 1 179  143   22.19
200521701457 1 079  143   22.19
200521800432 1 179  143   22.19
200521800635 1 079  143   22.19
200522027880 1 181  143   19.23
200522032203 1 081  743   15.56
200522032842 1 081  143   19.23
200522033177 1 081  443   16.83
200522033333 1 081  343   16.83
200522034112 1 181  343   16.83
200522036003 1 081  343   16.83
200522332004 1 082  143   16.42
200522332807 1 082  143   16.42
200522333003 1 082  143   16.42
200522333045 1 082  143   16.42
200522333497 1 182  143   16.42
200522334290 1 082  143   16.42
200522334643 1 082  143   16.42
200522335575 1 082  143   16.42
200522335911 1 182  143   16.42
200522336130 1 082  143   16.42
200522336172 1 082  143   16.42
200522337228 19782  143   16.42
200522337267 1 082  144  295.49
200522337600 1 182  143   16.42
200522337655 1 082  142    5.47
200522337924 1 082  143   16.42
200522338152 1 082  143   16.42
200522338249 1 082  143   16.42
200522338264 1 082  143   16.42
200522338343 1 182  143   16.42
200522338343 2 182  143   16.42
200522338343 3 182  143   16.42
200522338550 1 182  143   16.42
200522338631 1 182  143   16.42
200522339061 1 082  143   16.42
200522339371 1 082  143   16.42
200522339564 1 082  143   16.42
200522339695 1 082  143   16.42
200522340735 1 082  143   16.42
200522341105 1 082  143   16.42
200522341385 1 082  143   16.42
200522341540 1 182  144  295.49
200522341676 1 082  144  295.49
200522341758 1 082  142    5.47
200522341764 1 182  143   16.42
200522341790 1 182  143   16.42
200522342374 1 082  143   16.42
200522342396 1 182  143   16.42
200522342425 19982  143   16.42
200522342720 1 082  143   16.42
200522342728 1 082  143   16.42
200522342988 1 182  143   16.42
200522343347 1 082  143   16.42
200522343357 12182  143   16.42
200522343657 12182  143   16.42
200522343664 1 082  142    5.47
200522343975 1 082  143   16.42
200522343995 19982  143   16.42
200522344301 1 082  143   16.42
200522344639 1 082  142    5.47
200522344653 12182  142    5.47
200522345298 1 082  143   16.42
200522345620 1 082  146  125.86
200522346035 1 182  143   16.42
200522346076 1 082  143   16.42
200522346427 1 182  143   16.42
200522346497 1 082  143   16.42
200522347074 1 082  143   16.42
200522347082 1 082  143   16.42
200522348594 1 082  143   16.42
200522348650 1 082  143   16.42
200522348999 1 182  143   16.42
200522349057 1 082  142    5.47
200523000501 1 142  133   16.67
200523000923 1 042  133   16.67
200523001184 1 042  133   16.67
200523002535 12142  133   16.67
200523003238 1 042  133   16.67
200523003523 12142  133   16.67
200523003650 1 142  133   16.67
200524602706 1 150  733   13.68
200524602847 12150  133   18.41
200524800145 12175  543   14.07
200524800214 1 175  443   16.15
200524800236 19975  543   14.07
200526805669 1 011  323   19.05
200526900128 1 011  123   19.05
200526900128 2 011  123   19.05
200526900416 1 011  123   19.05
200526900516 1 011  323   19.05
200526900530 1 111  323   19.05
200526900607 1 011  323   19.05
200526900752 1 111  323   19.05
200526900847 1 011  323   19.05
200526900858 1 011  323   19.05
200526901092 1 111  323   19.05
200526901139 1 011  323   19.05
200526901357 1 011  323   19.05
200526901432 1 111  323   19.05
200526901461 1 111  323   19.05
200526901913 1 011  323   19.05
200526901930 1 111  323   19.05
200526901930 2 111  323   19.05
200527906450 1 0 9  633   19.19
200527907687 1 0 9  633   19.19
200529103282 1 0 9  833   15.75
200529915916 1 0 1  113   33.89
200529916250 1 0 1  113   33.89
200529916253 1 0 1  113   33.89
200529916440 121 1  113   33.89
200529916473 1 1 1  416  135.55
200529916553 1 1 1  813   33.89
200529916736 1 0 1  113   33.89
200529916799 1 0 1  413   33.89
200529917278 1 0 1  213   33.89
200529917550 1 0 1  213   33.89
200529917674 1 0 1  413   33.89
200529917892 1 0 1  112   33.89
200529917900 1 0 1  113   33.89
200530011004 1 0 7  113   18.79
200530011231 121 7 1613   76.73
200530011364 1 1 7  313   18.79
200530011665 1 1 7  313   18.79
200530011848 1 0 7 1014  312.22
200530012002 1 0 7 1016  104.07
200530012192 1 0 7 1014  312.22
200530012242 121 7  513   19.32
200530012255 1 1 7  313   18.79
200530012418 1 0 7  513   19.32
200530012469 121 7 1614  306.94
200530012594 1 0 7 1013   52.04
200530229103 1 023  614  297.76
200530229417 12123  113   21.38
200530230375 12123  412    2.14
200530231205 1 023  414  295.06
200530231549 1 023  113   21.38
200530231632 1 023  113   21.38
200530231885 1 123  116  128.29
200530232160 1 023  113   21.38
200530232349 19923  413   17.11
200530232437 1 023  213   17.11
200530232714 1 023  113   21.38
200530232763 1 023  613   17.87
200530233110 1 023  113   21.38
200530233196 1 123  113   21.38
200530233347 1 023  212    2.14
200530233649 1 023  213   17.11
200530233894 1 023  113   21.38
200530234024 12123  113   21.38
200530234030 1 023  113   21.38
200530234324 1 023  113   21.38
200530234343 1 023  113   21.38
200530234575 1 023  913   21.42
200530234943 1 023  111   21.38
200530235082 1 023  213   17.11
200530235210 1 123  113   21.38
200530322554 1 125  313   12.07
200530322841 1 025 1413  107.09
200530323049 12125 1413  107.09
200530323256 1 124 1213   39.97
200530323486 1 125  613   40.61
200530323790 1 125  713   45.17
200530323978 1 124  213   16.67
200530324189 1 024  113   16.72
200530324346 1 024  713   17.39
200530324525 1 024  113   16.72
200530324926 1 024 1213   39.97
200530325214 12124  514  290.74
200530325254 1 124  915   56.89
200530326324 1 024  913   28.45
200530326760 19924  913   28.45
200530326922 1 125  713   45.17
200530327194 1 124  214  300.08
200530327237 1 125  614  284.30
200530327377 1 125  713   45.17
200530327426 1 124  213   16.67
200530328507 1 025  213   12.07
200530447602 1 033  122    4.62
200530447885 12233 1623   22.77
200530448174 1 033  323   18.47
200530448442 1 133  824  293.99
200530449145 1 033  823   18.77
200530450891 1 033  623   18.75
200530844775 12191 3223   20.73
200530845828 19991 4623   14.80
200530846038 1 091 1523   15.50
200530846282 19991  723   16.98
200530846827 1 091 4623   14.80
200530848275 1 091 6723   21.53
200530848435 1 091 2423   15.04
200530848507 1 191  123   16.76
200530849103 1 091  323   16.92
200530849189 1 091 4623   14.80
200530849363 1 09111323   30.41
200530849396 1 19111223   30.41
200530849463 1 191  423   16.49
200530850341 1 191 3223   20.73
200530850831 1 091 1423   17.64
200530851300 1 091 1523   15.50
200530851344 1 091 5523   16.07
200530851422 1 191  323   16.92
200530852034 1 191 1923   20.39
200530853135 1 191 1923   20.39
200530853205 1 191 1923   20.39
200530854279 1 191 6723   21.53
200530854503 1 09111223   30.41
200530855802 1 091 1423   17.64
200531110917 1 122  113   29.32
200531111242 1 022  113   29.32
200531111469 1 022  813   88.51
200531111482 1 022  113   29.32
200531111555 1 122  113   29.32
200531111614 1 022  113   29.32
200531112306 1 022  113   29.32
200531112307 1 022  113   29.32
200531112309 1 022  113   29.32
200531112682 1 122  113   29.32
200531112723 1 022  615   60.61
200531113168 1 022  613   60.61
200531229572 1 026  313   16.66
200531230296 1 426  713   15.80
200531232748 1 026  313   16.66
200531232933 1 026  713   15.80
200531233677 1 026  113   16.98
200531340815 12127  233   18.16
200531341252 12127  133   18.16
200531341581 1 127  233   18.16
200531341985 12127  133   18.16
200531343550 1 027  233   18.16
200531343550 2 027  233   18.16
200531343550 3 027  233   18.16
200531344273 1 027  133   18.16
200531344308 1 127  133   18.16
200531344459 1 127  133   18.16
200531344670 1 027  233   18.16
200531345208 12127  133   18.16
200531345457 1 027  233   18.16
200531345572 1 027  233   18.16
200531345811 1 127  133   18.16
200531345867 1 127  133   18.16
200531345956 1 027  133   18.16
200531346478 1 027  132    9.08
200531346691 1 027  133   18.16
200531346832 1 027  233   18.16
200531347150 1 027  233   18.16
200531347761 1 027  233   18.16
200531347958 1 027  233   18.16
200531347958 2 027  233   18.16
200531348449 1 127  133   18.16
200531348524 1 027  133   18.16
200531348538 1 127  133   18.16
200531348833 12127  233   18.16
200531349353 1 127  133   18.16
200531349556 1 027  133   18.16
200531349556 2 027  133   18.16
200531404293 1 028  234  323.24
200531404624 1 028  134  323.24
200531404792 1 028  133  161.62
200531544695 1 030  123   22.64
200531547642 1 130  123   22.64
200531548816 1 030  123   22.64
200531549784 12130  123   22.64
200531550018 1 030  123   22.64
200531550741 1 031  123   61.52
200531552330 1 031  126  123.05
200531552997 1 030  123   22.64
200531553219 1 030  123   22.64
200531553316 1 030  123   22.64
200531553711 1 031  123   61.52
200531554348 1 130  123   22.64
200531554663 1 030  123   22.64
200531555129 19830  123   22.64
200531556116 1 030  123   22.64
200531556442 1 030  123   22.64
200531714158 1 044  233   45.09
200531716157 1 044  233   45.09
200531716427 1 044  133   45.09
200531718077 1 044  433   45.09
200531821093 1 046  134  292.03
200531821448 1 046  433   22.46
200531821647 1 146  333   22.46
200531821962 1 146  533   22.46
200531822222 1 046  233   22.46
200531822446 1 046  533   22.46
200531824214 12146  233   22.46
200532013657 1 161  133   34.72
200532013658 1 061  133   34.72
200532013726 12161  433   34.72
200532013813 1 061  433   34.72
200532013823 1 061  433   34.72
200532013881 12161  133   34.72
200532013896 1 161  533   34.72
200532013949 1 061  233   34.72
200532013967 1 161  333   34.72
200532014028 1 161  233   34.72
200532014053 1 061  133   34.72
200532014102 1 161  533   34.72
200532014133 1 061  233   34.72
200532014146 1 061  233   34.72
200532014232 1 161  133   34.72
200532014320 1 161  133   34.72
200532014341 1 061  533   34.72
200532014344 1 161  533   34.72
200532014363 1 061  333   34.72
200532014384 12161  233   34.72
200532014465 1 161  133   34.72
200532014507 1 061  233   34.72
200532014524 1 061  133   34.72
200532014529 1 161  133   34.72
200532014536 1 061  133   34.72
200532014602 1 061  132   34.72
200532014609 1 061  133   34.72
200532014649 12161  533   34.72
200532014662 1 161  233   34.72
200532014665 1 061  233   34.72
200532014770 1 161  133   34.72
200532014771 1 061  132   34.72
200532014786 1 161  233   34.72
200532014855 1 061  133   34.72
200532014910 1 161  233   34.72
200532014925 1 061  133   34.72
200532014932 1 061  134  277.72
200532014943 1 061  133   34.72
200532015054 1 061  136  138.86
200532015061 1 161  133   34.72
200532015067 1 061  133   34.72
200532015083 1 061  533   34.72
200532015083 2 061  533   34.72
200532015163 1 061  633   34.72
200532015221 1 061  133   34.72
200532015389 1 061  133   34.72
200532015410 1 061  133   34.72
200532015411 1 161  133   34.72
200532015470 1 161  333   34.72
200532015486 1 061  133   34.72
200532015487 1 161  133   34.72
200532015552 1 061  233   34.72
200532015613 1 161  433   34.72
200532015644 14061  133   34.72
200532015670 1 061  133   34.72
200532015680 1 061  133   34.72
200532015866 1 061  133   34.72
200532015931 1 061  233   34.72
200532015971 1 161  133   34.72
200532016104 1 161  133   34.72
200532016104 14061  133   34.72
200532016114 1 061  133   34.72
200532016135 14061  133   34.72
200532016236 19961  533   34.72
200532016291 1 161  133   34.72
200532016295 1 161  133   34.72
200532016360 1 061  133   34.72
200532016403 14061  233   34.72
200532016454 1 161  133   34.72
200532016615 1 061  233   34.72
200532016624 1 061  233   34.72
200532016676 1 061  133   34.72
200532016699 1 061  233   34.72
200532016701 1 061  233   34.72
200532016846 1 061  133   34.72
200532017088 1 161  233   34.72
200532017151 1 061  133   34.72
200532017270 1 061  233   34.72
200532017284 1 061  134  277.72
200532017391 12161  133   34.72
200532017398 1 061  133   34.72
200532017450 1 061  433   34.72
200532017464 1 161  133   34.72
200532017484 1 061  133   34.72
200532017491 14061  133   34.72
200532017494 1 061  133   34.72
200532017614 1 061  533   34.72
200532017622 1 061  433   34.72
200532017645 1 161  233   34.72
200532017657 1 061  233   34.72
200532017774 1 161  133   34.72
200532017893 1 061  133   34.72
200532018029 14061  533   34.72
200532018032 1 061  533   34.72
200532018044 1 061  233   34.72
200532018262 1 161  333   34.72
200532018345 1 161  133   34.72
200532018369 14061  233   34.72
200532018419 1 061  135   69.43
200532018437 1 061  233   34.72
200532018494 1 061  333   34.72
200532018503 1 061  433   34.72
200532132152 12163  133   13.96
200532133038 1 062  333   24.55
200532133617 1 063  133   13.96
200532133669 1 063  133   13.96
200532133726 12163  133   13.96
200532134340 12162  333   24.55
200532134604 1 063  133   13.96
200532134707 1 063  133   13.96
200532134778 1 063  133   13.96
200532135042 1 062  333   24.55
200532135112 12162  433   24.55
200532135203 1 063  133   13.96
200532135203 2 063  133   13.96
200532135444 1 062  833   70.85
200532135679 1 063  133   13.96
200532136037 12163  133   13.96
200532136321 1 063  133   13.96
200532136435 1 062  133   24.55
200532136973 1 062  833   70.85
200532137316 1 062  233   24.55
200532137453 1 163  133   13.96
200532137614 1 062  433   24.55
200532138019 1 062  233   24.55
200532138116 1 163  133   13.96
200532138420 1 163  133   13.96
200532138806 1 062  233   24.55
200532138884 1 062  333   24.55
200532138984 12163  133   13.96
200532139454 15162  233   24.55
200532139563 1 062  433   24.55
200532139837 1 062  234  294.64
200532140295 1 162  633   40.03
200532140454 1 062  633   40.03
200532140875 1 062  133   24.55
200532141318 12162  233   24.55
200532232738 1 064  133   18.88
200532234084 1 064  133   18.88
200532236268 1 064  133   18.88
200532236923 1 064  133   18.88
200532237750 1 064  133   18.88
200532237874 1 064  133   18.88
200532239544 12164  133   18.88
200532240901 1 064  133   18.88
200532320193 1 071  123   12.35
200532320328 1 471 1023   81.13
200532320486 1 071  523   12.35
200532320864 1 171  223   12.35
200532320909 1 071 1023   81.13
200532321028 1 171  323   12.35
200532321032 1 071  323   12.35
200532321119 1 071  123   12.35
200532321195 12171 1023   81.13
200532321436 1 071  523   12.35
200532321454 1 071 1023   81.13
200532321459 1 071 1023   81.13
200532321645 1 171  223   12.35
200532321693 1 171 1023   81.13
200532321753 12171  323   12.35
200532321785 1 071  423   12.35
200532321926 1 071  323   12.35
200532322029 1 071  523   12.35
200532322063 12171  223   12.35
200532322126 1 071  223   12.35
200532322156 12171  123   12.35
200532322761 1 071  323   12.35
200532322793 1 071  523   12.35
200532322866 1 171  222   12.35
200532322877 1 071  323   12.35
200532323158 1 071  223   12.35
200532324121 1 171  223   12.35
200532324259 1 071  423   12.35
200532446218 1 177  143   14.64
200532446265 1 177  143   14.64
200532446653 1 177  143   14.64
200532446798 12177  143   14.64
200532446833 1 177  143   14.64
200532447227 1 077  143   14.64
200532449119 1 077  543   18.31
200532449344 12177  243   18.31
200532450016 1 177  143   14.64
200532450053 12177  143   14.64
200532450092 1 077  143   14.64
200532450787 1 077  243   18.31
200532451646 1 177  143   14.64
200532451662 1 077  143   14.64
200532451764 1 077  143   14.64
200532452571 1 077  142    7.32
200532452798 1 077  143   14.64
200532453667 1 077  143   14.64
200532454126 1 077  143   14.64
200532454282 1 077  243   18.31
200532454542 1 077  443   18.31
200532454703 1 177  143   14.64
200532454792 1 177  143   14.64
200532454920 1 077  243   18.31
200532455130 1 177  143   14.64
200532455368 1 077  243   18.31
200532455742 1 077  143   14.64
200532455881 1 177  143   14.64
200532456272 1 077  243   18.31
200532456458 1 077  243   18.31
200532457120 1 077  243   18.31
200532457241 1 177  143   14.64
200532457344 12177  143   14.64
200532457682 1 077  243   18.31
200532457859 1 077  143   14.64
200532457884 1 177  143   14.64
200532458184 1 077  243   18.31
200532458364 1 077  143   14.64
200532458941 1 077  243   18.31
200532460151 1 077  143   14.64
200532460179 1 077  143   14.64
200532460552 1 177  143   14.64
200532460569 1 077  143   14.64
200532460694 1 077  543   18.31
200532460743 1 077  243   18.31
200532461107 1 077  143   14.64
200532461429 1 077  643   18.31
200532530239 1 180  343   19.69
200532530995 1 080  343   19.69
200532531959 1 180  343   19.69
200532532003 1 080  343   19.69
200532532029 1 180  443   19.69
200532532909 12180  543   12.53
200532533022 1 080  443   19.69
200532533281 12180  343   19.69
200532533380 1 080  543   12.53
200532533884 1 080  143   19.69
200532533920 1 080  143   19.69
200532534107 1 080  843   13.63
200532534292 1 180  143   19.69
200532534492 1 180  343   19.69
200532534529 1 080 1143   27.77
200532535144 1 080  143   19.69
200532535313 1 180  143   19.69
200532535398 12180  343   19.69
200532535431 1 180  343   19.69
200532535757 19780  243   19.69
200532536083 1 080  343   19.69
200532536121 1 080  443   19.69
200532536385 1 080  144  295.32
200532536722 1 080  343   19.69
200532536734 1 180  343   19.69
200532536759 1 080  143   19.69
200532536881 1 180  843   13.63
200532537111 1 080 1743   82.03
200532537437 1 180  443   19.69
200532537692 1 180  543   12.53
200532537720 1 180  543   12.53
200532539791 1 180  543   12.53
200532540140 1 080 1743   82.03
200532660987 1 092 1623   19.12
200532662042 1 192  723   18.56
200532663916 12192  123   16.79
200532663961 1 092  123   16.79
200532664186 1 092 1623   19.12
200532664238 1 192  323   16.79
200532664270 1 092 1523   16.06
200532668373 1 092 1623   19.12
200532668651 12192 1123   20.60
200532669888 1 092 1523   16.06
200532672281 19792  124  295.55
200532705516 1 093  924  283.69
200532835126 1 095  143   18.19
200532836918 1 195  143   18.19
200532837293 12195  143   18.19
200532837518 1 095  143   18.19
200532837665 1 095  143   18.19
200532838008 1 095  143   18.19
200532838354 1 095  143   18.19
200532838496 1 095  143   18.19
200532838744 12195  243   18.19
200532839538 1 195  142    6.06
200532839567 1 095  143   18.19
200532840198 1 095  143   18.19
200532840822 12195  443   18.19
200532840868 1 095  143   18.19
200532842324 1 095  143   18.19
200532844611 1 195  143   18.19
200532845080 1 095  143   18.19
200533410412 1 1 6 1113   17.88
200533410982 199 6  113   19.34
200533411082 1 1 6  114  295.59
200533411097 121 6 1113   17.88
200533411107 1 0 6  413   17.24
200533411281 1 0 6 1113   17.88
200533411346 121 6 2013   14.82
200533411369 1 0 6 1113   17.88
200533411529 199 6  513   16.36
200533411647 1 1 6 2613   20.24
200533411710 121 6 1413   23.24
200533411755 1 1 6  413   17.24
200533411768 1 0 6  513   16.36
200533411784 1 0 6 2013   14.82
200533411821 1 0 6 1113   17.88
200533411890 1 0 6  513   16.36
200533411917 1 0 6 2013   14.82
200533411919 1 1 6 2013   14.82
200533411923 1 0 6 1413   23.24
200533411937 1 0 6  113   19.34
200533411993 1 1 6  513   16.36
200533411996 199 6  514  294.54
200533412015 121 6 2013   14.82
200533412042 121 6 1113   17.88
200533412115 1 1 6 1413   23.24
200533412228 1 1 6 2013   14.82
200533412255 1 0 6 1414  290.52
200533412262 199 6  113   19.34
200533412305 1 0 6 2613   20.24
200533412349 1 0 6 2012   14.82
200533412426 1 1 6 2613   20.24
200533412428 1 0 6 2613   20.24
200533412454 121 6 2013   14.82
200533412455 1 0 6 2013   14.82
200533412483 1 0 6 1113   17.88
200533412508 1 4 6  413   17.24
200533412615 1 0 6 1113   17.88
200533412657 1 1 6  712    5.49
200533412657 2 1 6  712    5.49
200533412731 1 0 6 2013   14.82
200533412751 121 6 1113   17.88
200533412763 1 0 6  213   19.34
200533412883 1 0 6  413   17.24
200533412940 1 0 6 2013   14.82
200533412953 1 0 6 1413   23.24
200533412956 1 1 6 1413   23.24
200533413117 1 0 6 2013   14.82
200533413144 1 0 6  113   19.34
200533413153 1 0 6  114  295.59
200533413207 1 1 6 2013   14.82
200533413214 1 0 6 2013   14.82
200533413263 199 6 2613   20.24
200533413327 1 0 6 1413   23.24
200533413329 121 6 1413   23.24
200533413334 121 6 1113   17.88
200533413351 121 6  113   19.34
200533413421 1 0 6 2013   14.82
200533413509 1 0 6  713   16.46
200533413513 121 6 2013   14.82
200533413582 1 1 6 2013   14.82
200533413583 1 0 6 2014  296.40
200533413816 1 1 6 1413   23.24
200533413937 121 6  113   19.34
200533414040 121 6 1113   17.88
200533414239 1 1 6 2013   14.82
200533414419 1 0 6  713   16.46
200536009183 12150 1033   38.20
200536011086 1 050  333   18.41
200536011327 1 050  133   18.41
200536011504 19950  433   18.41
200536012862 1 050  133   18.41
200536013787 1 050 1033   38.20
200536014699 1 450  133   18.41
200543701007 1 078  143   55.32
200543701031 1 078  143   55.32
200543701431 1 078  143   55.32
200543701470 1 078  143   55.32
200543701557 1 178  143   55.32
200543701627 1 178  143   55.32
200543701632 1 078  143   55.32
200543701779 1 078  143   55.32
200543701805 1 178  143   55.32
200543701816 1 078  343   55.32
200543701884 1 078  443   55.32
200543701892 1 078  143   55.32
200543701947 1 078  143   55.32
200543701954 1 078  144  276.59
200543702318 1 078  143   55.32
200543702415 1 078  143   55.32
200543702526 1 078  143   55.32
200543702549 1 078  143   55.32
200543702744 1 078  143   55.32
200543702790 1 078  144  276.59
200543702940 1 078  144  276.59
200543702972 1 078  343   55.32
200543703050 1 178  143   55.32
200543703167 1 078  143   55.32
200543703294 1 078  143   55.32
200543703333 1 078  143   55.32
200543703545 1 078  144  276.59
200543703624 1 878  143   55.32
200543703786 1 178  143   55.32
200543703861 12178  143   55.32
200544001011 19975  143   16.15
200544001290 1 175  143   16.15
200544001752 12175  143   16.15
200544002754 19975  443   16.15
200544400125 199 6 2613   20.24
200548600981 1 079  143   22.19
200548601089 1 179  143   22.19
200548601357 1 179  144  299.54
200548601504 1 179  146  122.03
200548601542 1 079  143   22.19
200548601569 1 179  143   22.19
200548601614 19979  143   22.19
200550404455 1 011  323   19.05
200550404489 1 011  324  285.76
200550404695 1 011  523   19.05
200550405495 1 011  423   19.05
200550405957 1 011  223   19.05
200550405992 1 111  523   19.05
200550406199 1 011  223   19.05
200550406304 1 111  523   19.05
200550406364 1 011  523   19.05
200550406930 1 011  323   19.05
200550406953 1 011  323   19.05
200550901710 1 043  333   12.22
200550901869 12143  333   12.22
200550902112 1 043  333   12.22
200553506572 19975  343   16.15
200553525395 19975  343   16.15
200553525471 19975  343   16.15
200553525608 19975  343   16.15
200553525655 19975  343   16.15
200553525671 19975  343   16.15
200553526053 19975  343   16.15
200559628149 1 194  143   15.76
200559628167 1 194  143   15.76
200559628363 1 194  143   15.76
200559628367 19994  143   15.76
200559628462 12194  343   15.76
200559628951 1 194  343   15.76
200559629040 19994  343   15.76
200559629272 19994  443   15.76
200559630099 19994  243   15.76
200559630153 1 194  143   15.76
200559630254 19994  343   15.76
200559630288 1 194  344  299.42
200559630334 19994  143   15.76
200559630595 19994  543   31.22
200559630764 1 094  243   15.76
200559630769 19994  243   15.76
200559631082 1 194  143   15.76
200559631086 19994  143   15.76
200559631117 1 094  144  299.42
200559631333 19994  143   15.76
200559631498 19994  343   15.76
200559631525 1 194  343   15.76
200559631566 19994  143   15.76
200559631594 1 194  143   15.76
200559631640 19994  144  299.42
200559631651 19994  143   15.76
200559631655 19994  143   15.76
200559631661 12194  143   15.76
200559631667 1 194  143   15.76
200559631693 19994  243   15.76
200559631825 1 094  443   15.76
200559631918 19994  143   15.76
200559631957 19994  143   15.76
200559631995 1 094  143   15.76
200559632191 19994  143   15.76
200559632262 1 194  143   15.76
200559632353 1 194  443   15.76
200559632464 1 094  143   15.76
200559632599 19994  343   15.76
200559632621 1 194  343   15.76
200559632626 1 094  343   15.76
200559632709 1 194  343   15.76
200559632711 1 194  343   15.76
200559632770 19994  243   15.76
200559632772 1 094  243   15.76
200559632833 1 194  143   15.76
200559632861 19994  144  299.42
200559633137 19994  543   31.22
200559633356 19994  343   15.76
200559633404 1 094  343   15.76
200559633425 12194  343   15.76
200559633499 1 194  143   15.76
200559633504 19994  143   15.76
200559633529 19994  143   15.76
200559633623 19994  243   15.76
200559633674 19994  443   15.76
200559633809 1 194  143   15.76
200559633809 12894  143   15.76
200559634108 19994  143   15.76
200559634109 19994  143   15.76
200559634301 12194  443   15.76
200559634535 19994  143   15.76
200559634579 19994  143   15.76
200559634665 19994  143   15.76
200559635114 1 194  243   15.76
200559635456 19994  143   15.76
200560400124 1 8 4  213   13.05
200560604428 1 0 9  433   19.19
200560604456 121 9  433   19.19
200560604493 1 0 9  433   19.19
200560604493 2 0 9  433   19.19
200560604674 1 0 9  433   19.19
200560604783 1 0 9  833   15.75
200562401871 1 179  143   22.19
200562401904 12179  143   22.19
200562401909 1 179  144  299.54
200562402134 1 079  143   22.19
200562402388 1 079  743   22.19
200562402417 12179  743   22.19
200562402481 1 079  143   22.19
200569900745 1 043  333   12.22
200569900970 1 043  333   12.22
200569901318 1 043  333   12.22
200570002282 12143  133   12.22
200570003232 1 043  133   12.22
200570004932 12143  133   12.22
200570004941 12143  133   12.22
200570005802 1 043  133   12.22
200570005902 1 443  133   12.22
200570005922 1 043  133   12.22
200570006797 12143  133   12.22
200570007056 1 043  133   12.22
200570101570 1 043  233   12.22
200570103291 1 043  233   12.22
200570103345 1 043 1034  286.74
200570103582 1 043  233   12.22
200570103709 1 043  233   12.22
200570104008 1 043  233   12.22
200570104073 1 043  233   12.22
200570203720 1 043  133   12.22
200570301146 1 042  133   16.67
200570301253 1 042  133   16.67
200570301469 1 042  133   16.67
200570301641 12142  133   16.67
200570301701 1 142  132    4.17
200590504811 19842  133   16.67
200590505262 1 042 1133   23.80
200590505784 1 142 1133   23.80
200590506223 1 142 1133   23.80
200590506427 1 042 1133   23.80
200590506603 1 042 1133   23.80
200590506803 12142 1133   23.80
200590607743 1 047  333   19.61
200590610094 19947  433   19.61
200590610652 1 047  433   19.61
200590706733 1 050 1033   38.20
200590707336 1 050  233   18.41
200590707938 1 150  233   18.41
200590708352 1 150  733   13.68
200590708392 19950  533   18.41
200590708559 1 050 1033   38.20
200590708590 1 150  733   13.68
200590709630 1 150  233   18.41
200590710147 1 050 1034  305.57
200590710554 1 050  333   18.41
200590710622 1 050  233   18.41
200590711572 1 050  133   18.41
200593616355 1 131  324  307.62
200593616766 12131  323   61.52
200593616963 1 131  323   61.52
200593616979 1 131  324  307.62
200593616995 1 131  323   61.52
200593617352 1 029 1023  121.61
200593617389 1 131  323   61.52
200593617393 1 031  323   61.52
200593617437 1 031  324  307.62
200593617739 1 031  323   61.52
200593618072 1 029 1023  121.61
200593618334 1 031  323   61.52
200593618442 1 029  522   43.97
200599102432 12124 1213   39.97
