200500049973 2 1 427  135     72.63
200500050007 1 11427  136    127.11
200500050007 3 21427  136    127.11
200500050669 1 1 227  236    127.11
200500050700 1 11327  233     18.16
200500051218 1 1 327  134    290.53
200500051218 2 2 327  134    290.53
200500051310 2 1 127  136    127.11
200500051411 1 11227  134    290.53
200500051482 1 11127  132      9.08
200500051485 1 11227  134    290.53
200500051682 1 1 327  236    127.11
200500051810 2 1 127  232      9.08
200500051810 6 2 127  232      9.08
200500051810 7 31327  232      9.08
200500052136 1 11327  335     72.63
200500052408 1 11427  133     18.16
200500052578 1 1 327  234    290.53
200510407924 1 1 4 2  416    107.77
200510407953 1 114 2  414    269.43
200510408141 1 1 3 2  114    298.61
200510408220 1 111 2  916    115.05
200510408271 1 1 3 2  414    269.43
200510408414 2 113 2  616    147.84
200510408414 3 211 2  616    147.84
200510408764 1 114 2 1014    269.56
200510408833 1 114 2 1011     89.85
200510408850 1 1 4 2  614    295.68
200510408858 1 113 2 1614    319.94
200510409004 1 1 3 2 1014    269.56
200510409055 1 199 2  215     81.44
200510409640 1 114 2 1014    269.56
200510409753 1 1 1 2  916    115.05
200510409847 2 1 4 2 1013     89.85
200510409932 1 1 3 2 1016     89.85
200510409939 1 1 1 2 1614    319.94
200510410033 1 1 1 2  414    269.43
200510410190 1 1 4 2  315     81.44
200510410314 1 114 2  415     53.89
200510410340 3 1 1 2  915     57.52
200510410340 4 2 2 2  915     57.52
200510410464 2 1 2 2  915     57.52
200510410638 1 1 3 2  614    295.68
200510410717 3 1 2 2  615     49.28
200510410857 2 1 1 2  611     49.28
200510410857 3 2 1 2  611     49.28
200510411179 1 1 4 2  416    107.77
200510411351 2 111 2  216    135.73
200510411482 1 1 3 2  414    269.43
200510727496 1 1 4 3  316    126.97
200510727518 2 1 3 3  111      2.49
200510727822 1 114 3 1614    296.79
200510727899 3 1 1 3  815     69.52
200510727923 1 1 3 3  116    127.03
200510727923 2 2 4 3  116    127.03
200510728022 2 1 4 3  315     71.10
200510728022 3 212 3  315     71.10
200510728168 3 1 2 3  312      5.08
200510728401 1 1 3 3 1614    296.79
200510728414 1 112 3  414    293.49
200510728513 2 1 4 3  814    292.99
200510728571 1 1 3 3 2114    291.47
200510728969 1 1 1 3 2114    291.47
200510729731 1 1 3 3  314    294.57
200510729742 1 1 3 3 2114    291.47
200510729794 2 1 4 3 2115     72.87
200510729819 1 1 3 3 1014    296.56
200510729819 2 2 2 3 1014    296.56
200510730144 2 112 3  411      4.97
200510730144 3 299 3  411      4.97
200510730144 4 312 3  411      4.97
200510730144 5 499 3  411      4.97
200510730381 1 199 3 1016    129.15
200510730432 2 1 1 3  114    293.91
200510730637 1 199 3  311      5.08
200510730637 2 299 3  311      5.08
200510730637 3 399 3  311      5.08
200510730709 1 1 3 3  814    292.99
200510731026 1 112 3  714    293.22
200510731558 1 1 3 3 2114    291.47
200510731914 1 1 3 3  414    293.49
200510731914 2 2 3 3  414    293.49
200510732056 1 1 3 3  814    292.99
200510732189 1 114 3 2114    291.47
200510732189 2 299 3 2114    291.47
200510732202 1 1 3 3 2115     72.87
200510732305 1 1 3 3 1314    295.16
200510732323 1 1 3 3 1316    125.44
200510732323 3 2 3 3 1316    125.44
200510732323 2 3 3 3 1316    125.44
200510732396 1 1 1 3 1614    296.79
200510732595 1 114 3  111      2.49
200510732721 2 1 1 3 1311      7.38
200510733012 2 1 3 3 2111     14.57
200510733014 1 1 3 3 2114    291.47
200510733095 3 199 3  315     71.10
200510733207 1 1 3 3  715     70.78
200510733207 2 2 4 3  715     70.78
200510733579 1 113 3  814    292.99
200510733691 2 1 4 3 2115     72.87
200510733757 1 111 3  414    293.49
200510734223 1 1 2 3  316    126.97
200510734235 1 1 1 3  314    294.57
200510734283 1 1 3 3  414    293.49
200510734290 1 113 3 2116    131.16
200510734494 2 199 3  112      2.49
200510734549 2 114 3  715     70.78
200510734640 1 112 3 2114    291.47
200510735094 1 1 3 3  816    129.11
200510735094 2 2 3 3  816    129.11
200510735300 1 1 2 3  314    294.57
200510735369 1 1 3 3 2114    291.47
200510735448 1 1 3 3 1314    295.16
200510735665 3 1 4 3 2111     14.57
200510736050 1 1 3 3  414    293.49
200510736069 1 1 4 3  814    292.99
200510736278 1 1 3 3  714    293.22
200510736285 1 1 3 3 1314    295.16
200510736853 2 1 1 3 1014    296.56
200510737191 1 1 3 3  812      4.97
200510737191 2 2 1 3  812      4.97
200510737338 2 114 3  712      5.06
200510737400 1 1 1 3 1314    295.16
200510737768 1 1 3 3 2114    291.47
200510737916 1 1 3 3  814    292.99
200510738302 2 1 4 3 1616    124.96
200510738401 1 1 1 3 1316    125.44
200511120726 1 1 3 4  314    300.07
200511121630 3 1 4 4 1115     59.36
200511121631 1 114 4 1114    296.81
200511121695 1 114 4  614    298.50
200511121920 1 112 4  414    300.07
200511122160 2 1 4 4  315     65.23
200511122198 1 1 3 4 1114    296.81
200511122434 1 1 3 4 1114    296.81
200511123124 2 1 1 4  311     13.05
200511123143 1 1 3 4 1114    296.81
200511123189 3 1 2 4 1715    121.59
200511123359 1 1 3 4  116    130.47
200511123920 1 112 4  314    300.07
200511123950 1 1 2 4  316    130.47
200511123950 2 214 4  316    130.47
200511124701 1 112 4  714    305.29
200511124973 1 1 4 4  716    135.68
200511125230 2 113 4  316    130.47
200511125306 1 114 4  714    305.29
200511125645 1 1 4 4  111     13.05
200511125708 2 1 3 4  613     27.14
200511125708 4 2 1 4  613     27.14
200511125861 3 112 4  615     81.41
200511126143 1 1 3 4 1114    296.81
200511126364 1 1 4 4  112     13.05
200511126471 1 113 4 1714    243.19
200511126682 1 1 3 4  311     13.05
200511126685 1 1 4 4  214    300.07
200511127092 1 112 4  314    300.07
200511127349 4 1 1 4  112     13.05
200511127379 1 1 3 4 1114    296.81
200511127534 1 112 4  116    130.47
200511127636 2 1 3 4  316    130.47
200511127838 1 1 3 4  116    130.47
200511127838 2 2 3 4  116    130.47
200511127995 1 114 4  316    130.47
200511128114 1 112 4  114    300.07
200511128337 1 1 3 4  616    135.68
200511128800 1 1 3 4  115     65.23
200511504331 1 114 5  816    131.67
200511504595 1 111 5 1615     67.27
200511504610 3 1 1 5 3915     97.37
200511505444 2 1 4 5 2212     30.71
200511505822 1 113 5  316    127.03
200511505822 2 2 2 5  316    127.03
200511505822 3 313 5  316    127.03
200511505822 4 4 2 5  316    127.03
200511505955 1 1 4 5  815     65.83
200511505983 2 1 4 5  512     16.07
200511506182 1 114 5  316    127.03
200511506525 1 1 4 5 2712     49.54
200511506582 1 1 4 5 2216    122.83
200511506919 8 1 3 5 1611     22.42
200512000611 2 1 4 6  511      5.45
200512000613 1 114 6  716    126.21
200512000613 2 2 3 6  716    126.21
200512000818 1 1 1 6  711      5.49
200512000822 1 112 6  715     71.34
200512000822 3 212 6  715     71.34
200512000834 1 1 4 6 1413     23.24
200512000964 2 1 4 6 1415     69.73
200512404330 1 1 4 811915     98.86
200512404330 2 2 4 811915     98.86
200512404356 1 1 1 8 1516    113.53
200512404380 1 1 1 811816     98.86
200512404456 1 114 8 1516    113.53
200512404528 2 1 2 8 1515     56.76
200512404539 1 1 1 8 4716    117.17
200512404668 1 1 1 8  415     74.61
200512404681 2 199 811816     98.86
200512404700 1 199 8 5116    123.10
200512404891 1 114 8 1516    113.53
200512404921 1 1 2 8 6916     99.48
200512404921 2 214 8 6916     99.48
200512405021 2 113 8 5116    123.10
200512405066 2 113 8 4715     58.59
200512405229 1 114 8 3316    135.46
200512405345 1 1 4 8  215     64.23
200512405345 2 2 4 8  215     64.23
200512405506 1 1 3 812015     98.86
200512405690 1 111 8 4716    117.17
200512405726 1 1 2 811816     98.86
200512405797 1 1 1 8  515     69.21
200512405843 1 111 8  516    121.12
200512406015 1 114 811816     98.86
200512406015 2 214 811816     98.86
200512406021 1 112 811816     98.86
200512406021 2 2 3 811816     98.86
200512406088 1 112 8 4716    117.17
200512406137 1 1 4 8 1516    113.53
200512406259 1 113 8  515     69.21
200512406269 1 1 4 811916     98.86
200512406269 2 2 3 811916     98.86
200512406272 1 1 4 8 2216    118.98
200512406287 2 114 811816     98.86
200512500850 1 1 3 9  232      4.80
200512500974 1 1 4 9  232      4.80
200512500985 1 1 4 9  232      4.80
200512501271 1 1 2 9  535     71.96
200512501271 2 211 9  535     71.96
200512501449 1 114 9  432      4.80
200513002732 3 1 4 9 1631     27.04
200513002888 1 1 1 9  431      4.80
200513002890 1 1 4 9  431      4.80
200513002892 1 114 9  832      7.88
200513002932 3 1 3 9  731      4.80
200513002988 1 1 4 9  231      4.80
200513003088 1 1 4 9  231      4.80
200513003100 1 1 4 9  232      4.80
200513003170 1 1 3 9  232      4.80
200513003377 1 1 4 9  232      4.80
200513003699 1 1 3 9  532      4.80
200513004192 1 114 9  533     19.19
200513004542 1 1 4 9  231      4.80
200513004828 1 1 4 9  232      4.80
200513004977 1 1 4 9  431      4.80
200513111488 1 1 442  631      4.23
200513112253 3 11342  631      4.23
200513112253 4 2 442  631      4.23
200513112504 1 1 442  632      4.23
200513113049 1 1 242  631      4.23
200513113049 2 2 442  631      4.23
200513113049 3 3 442  631      4.23
200513113573 3 1 242 1031     11.18
200513113618 1 1 342  434    295.80
200513113724 1 11342  231      4.17
200513114433 4 11142  231      4.17
200513114766 3 11242  133     16.67
200513114766 6 2 342  133     16.67
200513114961 2 1 442  635     71.85
200513114976 1 1 342 1033     22.36
200513114976 2 2 342 1033     22.36
200513117653 2 1 442  232      4.17
200513117653 3 1 342  232      4.17
200513118222 2 1 442  232      4.17
200513118403 2 1 442  232      4.17
200513118745 1 1 342  632      4.23
200513119627 1 1 442  232      4.17
200513331942 1 11310 2424    298.08
200513332168 1 11410  124    294.38
200513332668 1 11232  126    125.62
200513332668 2 21232  126    125.62
200513332668 3 31232  126    125.62
200513333711 1 11410  524    294.00
200513333956 1 11210  124    294.38
200513334083 1 11110  124    294.38
200513334683 1 1 310 1724    289.11
200513334778 1 1 310  324    294.38
200513335420 1 1 410  524    294.00
200513335462 1 1 310  524    294.00
200513335508 1 1 310  524    294.00
200513335658 2 11410  126    126.93
200513335810 1 1 310  124    294.38
200513336360 1 1 132  124    293.10
200513336379 1 1 232  124    293.10
200513336491 1 1 332  124    293.10
200513336812 1 11310  224    294.38
200513337589 1 11232  124    293.10
200513337598 1 1 132  123     20.94
200513337729 1 1 332  124    293.10
200513338092 1 11110  324    294.38
200513338308 1 1 410 2424    298.08
200513339477 1 11432  124    293.10
200513339844 3 11432  221      2.09
200513339844 4 21232  221      2.09
200513339988 1 11210  124    294.38
200513340574 2 1 110 1523     13.60
200513340599 1 1 310 1523     13.60
200513340616 1 1 410 1524    299.13
200513340643 1 11410 1524    299.13
200513340665 1 11410 1724    289.11
200513341688 1 11210  424    294.38
200513341959 1 1 332  124    293.10
200513341994 1 1 232  124    293.10
200513342013 1 1 132  124    293.10
200513342567 1 1 110  525     67.85
200513342859 2 11310  421      2.70
200513343127 1 11410  124    294.38
200513343256 1 11210  124    294.38
200513343407 1 1 310 1524    299.13
200513343422 1 11410 1523     13.60
200513344463 1 11210  524    294.00
200513344475 1 1 132  125     62.81
200513344527 1 1 332  124    293.10
200513344545 1 1 432  124    293.10
200513344563 1 1 432  126    125.62
200513344596 1 1 432  124    293.10
200513344599 1 11432  125     62.81
200513344726 1 11410  123     18.91
200513344986 1 11432  122     20.94
200513345018 1 11332  124    293.10
200513345056 1 11432  124    293.10
200513345095 1 11232  124    293.10
200513345104 1 1 410 1524    299.13
200513345194 1 11210  325     70.22
200513345194 3 2 410  325     70.22
200513345194 4 3 410  325     70.22
200513345859 1 1 332  124    293.10
200513345934 1 1 332  124    293.10
200513346126 1 11432  126    125.62
200513346163 1 11232  124    293.10
200513346172 1 11232  126    125.62
200513346172 2 21332  126    125.62
200513346185 1 1 332  124    293.10
200513346419 1 11210 1724    289.11
200513346893 1 1 332  124    293.10
200513347763 1 1 310  324    294.38
200513348237 1 11232  126    125.62
200513348273 1 1 232  126    125.62
200513348275 1 11432  124    293.10
200513349343 1 1 310 1524    299.13
200513349368 1 1 110 2424    298.08
200513349371 1 1 410 2426    135.49
200513349549 1 1 632  124    293.10
200513349569 1 1 132  124    293.10
200513349662 1 11432  124    293.10
200513349663 3 1 332  122     20.94
200513349809 1 11332  222      2.09
200513350261 1 11410  126    126.93
200513350766 1 1 332  124    293.10
200513350784 1 1 432  124    293.10
200513351026 1 1 310 2424    298.08
200513351411 1 11210  524    294.00
200513351516 2 1 410  122      2.70
200513352472 1 1 332  124    293.10
200513352624 1 11410 1724    289.11
200513352789 1 1 410  523     15.08
200513353240 1 11410  126    126.93
200513353443 1 11210 2425     81.29
200513353452 1 1 310 2424    298.08
200513353622 1 1 332  226    127.71
200513353729 1 11332  124    293.10
200513353937 1 1 310 1524    299.13
200513354588 1 11432  125     62.81
200513354602 1 1 332  124    293.10
200513354635 1 11432  124    293.10
200513515710 1 19911  724    293.93
200513516178 1 1 311  124    285.76
200513516334 1 1 411  425     76.20
200513516334 2 1 311  425     76.20
200513516724 2 11411  226    133.36
200513516936 1 11411  224    285.76
200513518200 1 1 311  724    293.93
200513518265 1 11411  221     19.05
200513518304 1 11411  724    293.93
200513518349 1 1 311  224    285.76
200513518531 1 11211  524    285.76
200513518929 1 1 311  124    285.76
200513519248 1 1 211  224    285.76
200513519333 1 1 311  224    285.76
200513519361 1 11311  125     76.20
200514022198 1 1 312  423     18.91
200514023778 2 11312  525     73.27
200514024190 1 11412  124    296.22
200514024596 1 1 112  124    296.22
200514024986 1 1 312  124    296.22
200514025260 1 1 412  124    296.22
200514025683 1 11212  124    296.22
200514026421 1 1 312  124    296.22
200514026929 1 1 312 1424    334.74
200514027820 1 11412  124    296.22
200514028256 1 1 412  121      6.30
200514028918 1 11412  123     18.91
200514029239 1 11212  124    296.22
200514029250 1 1 112 1424    334.74
200514029701 1 11212  124    296.22
200514030180 1 11212  123     18.91
200514030339 1 11412  126    126.05
200514031689 1 11212  124    296.22
200514031830 1 11212  124    296.22
200514032156 1 11212 1424    334.74
200514032446 1 11412  124    296.22
200514712288 1 1 413  326    116.90
200514712325 1 1 313  124    311.73
200514712788 3 1 213  226    116.90
200514712865 1 1 313  124    311.73
200514712895 1 11213  624    311.73
200514712967 1 1 113  225     77.93
200514713016 1 1 313  624    311.73
200514713085 1 11413  324    311.73
200514713396 1 11413  124    311.73
200514713529 1 11213  624    311.73
200514713869 1 1 113  624    311.73
200514714076 1 11413  626    116.90
200514714077 3 1 313  625     77.93
200514714112 1 1 313  424    311.73
200514714583 1 1 313  124    311.73
200514714713 1 11413  624    311.73
200514714726 1 11213  124    311.73
200514714769 1 11113  225     77.93
200514715039 1 1 313  624    311.73
200514715099 2 1 213  326    116.90
200514715275 1 11213  123     38.97
200514715299 1 1 313  623     38.97
200514715370 1 1 313  124    311.73
200514715441 1 11213  224    311.73
200514715958 1 11213  124    311.73
200514716254 1 11213  124    311.73
200514716270 1 1 313  624    311.73
200514716439 1 11113  424    311.73
200514716462 1 11213  124    311.73
200514716509 1 11213  124    311.73
200514716736 1 11413  125     77.93
200514716891 1 1 313  126    116.90
200514717033 1 1 313  124    311.73
200514717097 1 11313  224    311.73
200514717218 1 1 413  224    311.73
200514717636 1 1 413  626    116.90
200514717777 1 1 313  624    311.73
200514815740 1 11321  514    294.73
200514816232 1 11321  514    294.73
200514816462 1 11321 1114    298.83
200514817257 1 11421  514    294.73
200514818431 1 11121  514    294.73
200514818719 2 1 121 1116    123.05
200514819209 1 1 321  515     69.62
200514819777 1 1 321  514    294.73
200515329976 1 1 475  546    126.60
200515413773 3 1 241  236    130.35
200515413794 3 1 441  231     10.03
200515413917 1 11441  232     10.03
200515414037 5 1 541  131     10.03
200515414104 1 11441  231     10.03
200515414521 1 11241  131     10.03
200515414615 1 1 241  133     20.05
200515414615 2 2 441  133     20.05
200515414615 3 31441  133     20.05
200515414935 1 1 241  134    290.78
200515415054 1 11141  134    290.78
200515415303 1 1 441  235     70.19
200515415627 4 1 341  131     10.03
200515415846 5 1 241  133     20.05
200515416198 2 11141  136    130.35
200515416198 3 29941  136    130.35
200515416271 1 1 441  331     10.03
200515416551 3 1 241  231     10.03
200515416619 4 1 241  136    130.35
200515416624 2 1 241  135     70.19
200515416694 2 1 341  136    130.35
200515416731 1 1 441  331     10.03
200515416907 2 11341  135     70.19
200515417164 1 1 141  135     70.19
200515417230 5 1 241  131     10.03
200515417761 2 1 241  232     10.03
200515418448 4 1 141  233     20.05
200515418463 1 1 241  334    290.78
200515418925 1 1 441  235     70.19
200515418925 2 21241  235     70.19
200515419008 1 11441  135     70.19
200515419044 1 1 441  332     10.03
200515419662 1 1 241  134    290.78
200515419923 3 1 341  232     10.03
200516104852 1 1 143  636    124.25
200516105349 1 1 443  635     82.84
200516105809 1 1 143  636    124.25
200516105864 1 1 343  432     12.22
200516105884 1 1 243  634    289.92
200516106291 2 1 343  434    293.32
200516106750 1 11243  634    289.92
200516500472 3 1 245  231     10.11
200516500472 4 2 245  231     10.11
200516501850 1 1 445  131     10.11
200516502315 1 1 345  134    293.08
200516502972 1 1 345  134    293.08
200516586248 1 1 145  231     10.11
200516586553 1 1 345  234    293.08
200516586843 1 1 345  134    293.08
200516587927 1 1 345  134    293.08
200516588223 2 1 345  131     10.11
200516588589 2 1 245  332     10.11
200516589169 1 1 345  134    293.08
200516590833 1 1 145  134    293.08
200516591617 2 1 345  132     10.11
200516592915 3 1 445  236    131.38
200516592915 4 2 445  236    131.38
200516594098 2 1 345  136    131.38
200516595052 1 1 445  231     10.11
200516595918 1 1 345  136    131.38
200516595960 2 1 445  135     70.74
200516595960 3 2 445  135     70.74
200516596250 2 1 445  232     10.11
200516598220 1 1 345  134    293.08
200516599582 1 11445  135     70.74
200516599742 2 1 445  131     10.11
200517109805 1 1 351  134    318.62
200517109809 1 1 451  131     79.66
200517109921 1 1 151  134    318.62
200517109988 1 1 451  236    159.31
200517110004 2 1 451  134    318.62
200517110014 1 1 451  135     79.66
200517110037 1 1 251  135     79.66
200517110055 2 1 351  232     79.66
200517110055 3 2 451  232     79.66
200517110111 1 1 451  133     79.66
200517110113 1 1 351  133     79.66
200517110225 1 1 451  134    318.62
200517110294 1 1 451  135     79.66
200517110384 1 1 451  133     79.66
200517110437 1 1 451  134    318.62
200517110487 1 1 151  134    318.62
200517110496 1 1 351  134    318.62
200517110510 2 1 351  133     79.66
200517110544 1 1 351  236    159.31
200517110585 1 1 451  134    318.62
200517110720 2 1 351  135     79.66
200517110720 3 2 351  135     79.66
200517110733 1 1 451  134    318.62
200517110764 1 1 251  135     79.66
200517110786 1 1 351  134    318.62
200517110851 2 1 351  236    159.31
200517110888 1 1 351  134    318.62
200517110893 1 1 451  136    159.31
200517110937 1 1 351  134    318.62
200517110941 1 1 351  136    159.31
200517110946 1 1 251  136    159.31
200517110991 1 1 251  133     79.66
200517110991 2 2 251  133     79.66
200517111173 2 1 451  133     79.66
200517111233 1 1 451  136    159.31
200517111385 1 1 451  134    318.62
200517111399 1 1 451  135     79.66
200517111532 2 1 251  133     79.66
200517111693 1 1 451  136    159.31
200517111740 3 1 451  135     79.66
200517111745 1 1 451  134    318.62
200517111769 2 1 151  233     79.66
200517111785 1 1 351  134    318.62
200517111818 1 1 151  134    318.62
200517111884 1 1 351  134    318.62
200517111893 2 1 251  133     79.66
200517112143 3 1 251  135     79.66
200517112147 2 1 451  136    159.31
200517112158 1 1 451  134    318.62
200517112179 1 1 451  135     79.66
200517112183 4 1 251  134    318.62
200517112261 1 1 451  136    159.31
200517112357 1 1 351  134    318.62
200517112357 2 2 251  134    318.62
200517112394 3 11451  134    318.62
200517112399 1 1 451  133     79.66
200517112403 1 1 151  134    318.62
200517112446 1 1 451  133     79.66
200517112448 1 1 351  134    318.62
200517112618 1 1 151  134    318.62
200517112657 1 1 451  134    318.62
200517112682 1 1 451  136    159.31
200517112695 1 1 451  135     79.66
200517112699 2 1 351  133     79.66
200517112701 1 1 251  134    318.62
200517112770 1 1 151  136    159.31
200517112770 2 2 551  136    159.31
200517112917 1 1 351  234    318.62
200517113023 1 1 451  134    318.62
200517113027 3 1 351  231     79.66
200517216119 1 1 348  136    103.93
200517216723 1 1 248  134    311.78
200517217002 1 1 348  134    311.78
200517217026 1 1 348  134    311.78
200517217166 1 1 248  136    103.93
200517217251 1 1 448  236    103.93
200517217314 1 1 248  134    311.78
200517217528 4 1 248  135     51.96
200517217735 2 1 348  136    103.93
200517217854 1 1 248  334    311.78
200517217945 2 1 448  136    103.93
200517218035 1 1 448  136    103.93
200517218064 2 19948  134    311.78
200517218180 1 1 248  334    311.78
200517218274 1 1 448  136    103.93
200517218710 1 1 348  134    311.78
200517218797 1 1 348  334    311.78
200517219297 1 1 448  134    311.78
200517219621 2 19948  131     51.96
200517219621 3 2 248  131     51.96
200517219629 4 19948  136    103.93
200517219910 1 1 348  134    311.78
200517220023 1 1 448  134    311.78
200517220090 1 1 448  235     51.96
200517220115 1 1 148  231     51.96
200517220403 1 1 248  231     51.96
200517220552 1 1 348  134    311.78
200517220713 1 1 348  134    311.78
200517220975 1 1 148  134    311.78
200517221087 1 1 448  135     51.96
200517221087 4 2 348  135     51.96
200517221167 1 1 148  236    103.93
200517221546 1 1 348  134    311.78
200517221562 1 1 448  134    311.78
200517221646 1 1 148  334    311.78
200517221661 3 1 348  131     51.96
200517221859 2 1 348  236    103.93
200517221907 1 1 448  134    311.78
200517221945 1 1 148  136    103.93
200517222058 2 1 248  236    103.93
200517222426 1 1 448  134    311.78
200517222602 1 1 148  136    103.93
200517222740 1 1 348  234    311.78
200517222802 1 1 148  234    311.78
200517222984 1 1 348  134    311.78
200517223303 1 1 148  134    311.78
200517223417 1 1 248  134    311.78
200517223417 2 2 148  134    311.78
200517223443 1 1 448  231     51.96
200517223443 2 2 448  231     51.96
200517223482 2 1 448  232     51.96
200517223637 1 1 348  136    103.93
200517223899 1 1 148  436    103.93
200517223900 3 1 148  435     51.96
200517223975 1 1 448  231     51.96
200517223989 1 1 348  236    103.93
200517224514 1 1 448  136    103.93
200517224751 1 1 448  232     51.96
200517677678 1 1 449  131      5.21
200517678038 2 1 449  131      5.21
200517678872 1 1 449  132      5.21
200517678893 1 1 449  131      5.21
200517679019 1 1 449  136    125.13
200517679062 1 1 449  131      5.21
200517679163 1 1 449  131      5.21
200517679629 2 1 449  136    125.13
200517680144 1 1 449  134    297.19
200517680480 2 1 349  136    125.13
200517680762 2 1 249  132      5.21
200517680799 1 1 449  133     15.64
200517680902 1 1 149  136    125.13
200517680902 2 2 449  136    125.13
200517680964 1 1 449  136    125.13
200517681081 1 1 249  131      5.21
200517681325 1 1 349  134    297.19
200517681913 1 1 149  134    297.19
200517682006 1 1 449  136    125.13
200517682278 2 1 349  131      5.21
200517682375 1 1 349  134    297.19
200517682945 1 1 149  136    125.13
200517682970 3 1 249  132      5.21
200517683015 1 1 449  136    125.13
200517683472 2 1 249  135     67.78
200517683536 1 1 249  132      5.21
200517683808 1 1 449  136    125.13
200517684133 1 1 249  132      5.21
200517684553 1 1 149  131      5.21
200517684554 2 1 349  131      5.21
200517685898 4 1 349  135     67.78
200517686052 1 1 449  231      2.61
200517686661 5 1 249  131      5.21
200517687038 1 1 449  132      5.21
200517687727 4 1 249  132      5.21
200517687734 1 1 549  131      5.21
200517687856 1 1 249  131      5.21
200517687865 1 1 449  133     15.64
200517687908 1 1 449  133     15.64
200517688116 1 11349  134    297.19
200517688386 2 1 249  133     15.64
200517688488 1 1 449  132      5.21
200517688571 1 1 149  133     15.64
200517689196 1 1 149  136    125.13
200517999154 1 1 445  136    131.38
200518323223 2 1 473  121      5.49
200518324210 1 1 373  223     16.47
200518324210 2 2 473  223     16.47
200518445732 1 1 472  626    125.00
200518446490 1 1 272  224    295.00
200518446633 1 1 372  424    295.00
200518447067 1 1 172  324    295.00
200518447173 1 1 272  224    295.00
200518447301 1 1 372  624    295.00
200518447555 1 19972  124    295.00
200518447752 1 19972  224    295.00
200518447806 1 1 372  126    125.00
200518447806 2 2 372  126    125.00
200518447806 3 3 172  126    125.00
200518447806 4 4 172  126    125.00
200518447806 5 5 372  126    125.00
200518447806 6 6 372  126    125.00
200518448094 1 1 272  124    295.00
200518448510 1 1 372  324    295.00
200518448737 1 1 172  424    295.00
200518448909 1 1 272  124    295.00
200518449134 1 1 372  624    295.00
200518449513 1 11272  224    295.00
200518449581 1 11272  424    295.00
200518449654 1 1 372  124    295.00
200518449814 1 1 272  626    125.00
200518450045 1 19972  324    295.00
200518450631 2 1 472  721      2.00
200518450677 1 1 372  126    125.00
200518450745 2 1 172  222      5.00
200518450870 2 1 372  421      5.00
200518451678 1 1 372  422      5.00
200518451678 2 2 472  422      5.00
200518451938 1 1 372  224    295.00
200518452384 1 1 372  224    295.00
200518452723 1 1 372  121      5.00
200518452723 2 2 372  121      5.00
200518452723 3 3 372  121      5.00
200518452723 4 4 372  121      5.00
200518452723 5 5 272  121      5.00
200518452723 6 6 272  121      5.00
200518452723 7 7 272  121      5.00
200518452723 8 81372  121      5.00
200518452782 1 1 472  125     70.00
200518453206 1 1 372  124    295.00
200518453545 1 1 472  124    295.00
200518453769 3 1 372  224    295.00
200518453769 4 19972  224    295.00
200518453873 1 1 372  324    295.00
200518454048 1 1 472  622      5.00
200518454310 1 1 272  124    295.00
200518454428 1 1 372  124    295.00
200518454520 1 1 172  424    295.00
200518454591 2 1 372  222      5.00
200518454686 1 1 372  224    295.00
200518454769 1 1 372  622      5.00
200518454888 1 1 372  624    295.00
200518454957 1 1 372  624    295.00
200518455308 1 1 372  124    295.00
200518455410 1 1 372  322      5.00
200518455450 1 1 472  424    295.00
200518455536 1 1 472  722      2.00
200518455914 1 1 372  326    125.00
200518456288 1 1 372  324    295.00
200518456341 1 1 372  424    295.00
200518456430 1 1 372  624    295.00
200518456734 1 1 472  722      2.00
200518456774 1 1 472  722      2.00
200518456818 1 1 372  226    125.00
200518456886 1 1 472  221      5.00
200518456931 2 19972  326    125.00
200518457477 1 1 372  224    295.00
200518457756 1 1 372  224    295.00
200518457816 1 1 172  224    295.00
200518457921 1 1 372  424    295.00
200518458022 1 1 272  123     20.00
200518458038 1 1 472  125     70.00
200518458038 2 2 472  125     70.00
200518458099 1 1 372  124    295.00
200518458514 1 1 472  124    295.00
200518458933 1 1 272  124    295.00
200518458988 1 1 372  224    295.00
200518459796 1 1 472  226    125.00
200518460002 1 1 472  626    125.00
200518460544 1 1 372  324    295.00
200518460653 2 1 372  123     20.00
200518460774 1 1 372  124    295.00
200518461107 1 1 272  223     20.00
200518461120 1 1 472  226    125.00
200518461219 1 1 372  224    295.00
200518461446 1 1 372  424    295.00
200518461705 1 1 172  124    295.00
200518461949 1 1 472  722      2.00
200518462022 2 1 472  425     70.00
200518462119 1 1 472  124    295.00
200518462231 1 1 372  424    295.00
200518462789 1 1 472  122      5.00
200518463074 2 1 372  121      5.00
200518463604 1 1 372  224    295.00
200518464575 2 1 472  222      5.00
200518464673 1 1 372  424    295.00
200518464696 2 1 472  123     20.00
200518465175 1 1 472  124    295.00
200518465193 1 1 372  426    125.00
200518466102 1 1 372  424    295.00
200518466173 1 1 372  622      5.00
200518466173 2 2 372  622      5.00
200518466301 1 1 372  624    295.00
200518466796 1 1 372  624    295.00
200518466869 1 1 372  126    125.00
200518467085 1 1 472  122      5.00
200518467384 1 1 272  124    295.00
200518467539 1 1 472  224    295.00
200518467667 1 1 272  424    295.00
200518467784 1 1 272  625     70.00
200518468938 1 1 372  622      5.00
200518469152 1 1 472  324    295.00
200518469514 2 1 472  325     70.00
200518469526 2 1 472  326    125.00
200518469532 1 1 372  324    295.00
200518921966 1 1 473 1024    287.33
200518922034 2 1 373  323     16.47
200518922034 3 1 373  323     16.47
200518922357 1 1 373  221      5.49
200518922730 1 11273  124    296.48
200518923462 2 1 373  121      5.49
200518923566 1 1 373  223     16.47
200518923667 1 1 473  124    296.48
200518923827 1 1 173  226    126.28
200518923861 4 1 373 1025     63.85
200518923861 5 2 173 1025     63.85
200518924348 1 11373  524    293.65
200518924885 1 1 373 1024    287.33
200518925216 1 1 473  121      5.49
200518925393 1 1 373 1026    127.70
200518925608 1 1 473  221      5.49
200518925744 1 1 373  422      5.49
200518925982 2 1 373  225     71.37
200518926017 2 1 373  223     16.47
200518926113 1 1 173  126    126.28
200518926455 1 1 373  222      5.49
200518926814 1 1 173  323     16.47
200518926923 1 1 373  124    296.48
200518926985 1 1 273  925     64.93
200518927034 1 1 173  223     16.47
200518927287 1 1 373  224    296.48
200518927500 2 11473 1026    127.70
200518927547 1 1 373  224    296.48
200518927960 1 1 473  926    129.86
200518928532 1 1 473  223     16.47
200518928539 1 1 173  224    296.48
200518928910 1 1 173  221      5.49
200518928910 2 2 173  221      5.49
200518929763 1 1 473  223     16.47
200518929868 1 1 273 1024    287.33
200518929943 1 1 473 1024    287.33
200518930015 3 1 473  221      5.49
200518930020 1 1 473  124    296.48
200518930138 1 1 473 1021     31.93
200518930215 1 11273  524    293.65
200518930800 1 1 373  124    296.48
200518931073 1 1 173  223     16.47
200518931075 2 1 473  221      5.49
200518931084 2 1 373  221      5.49
200518931116 1 1 173  324    296.48
200518931480 1 1 373  124    296.48
200518931545 1 1 373  924    303.00
200518931545 2 2 473  924    303.00
200518931643 1 1 473  226    126.28
200518931643 2 2 373  226    126.28
200518931685 1 1 273  522     10.13
200518931742 1 1 473  126    126.28
200518931831 1 1 373 1025     63.85
200518931970 1 1 173  124    296.48
200518932270 1 11173  226    126.28
200518932270 2 21473  226    126.28
200518932465 1 11273  224    296.48
200519003350 1 1 375  444    298.78
200519003615 1 1 375  444    298.78
200519326281 1 1 474  122      4.18
200519326963 1 19974  224    296.48
200519328180 1 1 474  924    296.48
200519328219 1 1 374  123     16.70
200519328219 2 2 374  123     16.70
200519328227 1 1 374  121      4.18
200519328290 1 1 474  222      4.18
200519328469 1 1 374  924    296.48
200519329045 1 1 474  926    125.27
200519329054 1 1 374  924    296.48
200519329181 2 1 174  921      4.18
200519330049 1 1 374  924    296.48
200519330101 1 1 374  926    125.27
200519330187 1 1 174  121      4.18
200519330627 1 1 474  121      4.18
200519330801 2 1 374  122      4.18
200519331062 1 11474  124    296.48
200519331757 1 1 374  924    296.48
200519331985 4 1 174  126    125.27
200519331985 5 2 174  126    125.27
200519331992 1 11474  124    296.48
200519332540 1 1 374  124    296.48
200519333010 2 1 474  122      4.18
200519333011 2 1 374  121      4.18
200519333410 1 11274  121      4.18
200519333410 2 2 174  121      4.18
200519334571 1 1 274  125     70.99
200519334571 2 2 274  125     70.99
200519335140 1 1 474  126    125.27
200519335154 1 1 374  124    296.48
200519335421 1 1 274  124    296.48
200519335987 2 1 474  125     70.99
200519336744 1 11274  921      4.18
200519336744 3 2 374  921      4.18
200519337448 1 1 474  926    125.27
200519337762 1 1 474  921      4.18
200519338491 2 1 474  126    125.27
200519338491 3 2 374  126    125.27
200519339245 1 1 374  126    125.27
200520145269 2 1 475  242      8.08
200520146238 1 11475  241      8.08
200520146732 1 1 475  142      8.08
200520146814 1 1 475  341      8.08
200520147214 3 1 375  245     72.68
200520147965 1 1 175  244    298.78
200520148501 1 1 375  544    295.40
200520148679 1 1 475  246    129.20
200520148956 1 1 375  244    298.78
200520150236 1 1 475  146    129.20
200520150892 1 1 375  346    129.20
200520150979 2 1 175  241      8.08
200520151263 1 1 375  244    298.78
200520504818 1 1 376  244    315.87
200520504862 1 11376  744    300.83
200520504993 2 1 376  144    315.87
200520505112 1 1 376  244    315.87
200520505216 2 1 276  443    105.29
200520505380 2 1 276  246    105.29
200520505401 1 11376  644    315.87
200520505576 1 1 376  544    315.87
200520505767 1 1 176  546    105.29
200520505781 1 1 376  444    315.87
200520505807 1 1 376  344    315.87
200520505829 1 11376  144    315.87
200520505900 1 1 376  444    315.87
200520506054 1 1 376  145    105.29
200520506297 1 1 376  744    300.83
200520506374 1 1 376  446    105.29
200520506425 2 1 276  446    105.29
200520506491 1 1 476  644    315.87
200520506522 1 1 376  344    315.87
200520506662 1 1 376  244    315.87
200520506697 1 1 476  246    105.29
200520506747 1 1 476  245    105.29
200520506753 2 1 376  346    105.29
200520506926 1 1 376  344    315.87
200520506969 1 1 376  344    315.87
200520507055 4 1 176  746    300.83
200520507055 5 2 176  746    300.83
200520830781 1 1 396 4344    287.12
200520831887 1 1 397  344    293.42
200520831917 1 1 397  144    293.42
200520832585 1 11496 2044    293.68
200520832644 1 1 496 3346    124.76
200520832760 1 1 396  644    293.86
200520833226 1 1 497  142     13.34
200520833603 1 1 496  846    124.06
200520833635 4 1 396  142      2.00
200520834084 1 1 196 2044    293.68
200520834184 1 1 496 1146    124.53
200520835107 1 1 396  142      2.00
200520836746 1 1 196 4344    287.12
200520836886 1 1 497  444    293.42
200520836947 1 1 497  346    133.37
200520836988 1 1 397  244    293.42
200520837351 1 1 496 3342      9.60
200520837373 1 11496 3344    297.51
200520837905 1 1 496  845     69.78
200520837905 2 2 396  845     69.78
200520838090 1 11297  546    123.24
200520838090 2 2 397  546    123.24
200520838113 2 1 497  346    133.37
200520838128 1 1 497  344    293.42
200520838192 1 1 497  144    293.42
200520838438 1 11196 1146    124.53
200520838438 3 2 396 1146    124.53
200520838438 4 3 196 1146    124.53
200520838481 1 1 396 1142      6.55
200520838699 1 1 396 4344    287.12
200520838724 1 1 496  144    296.00
200520839279 1 1 496 1142      6.55
200520839450 1 1 396 1144    294.94
200520839635 1 1 396 2046    128.48
200520839635 2 2 396 2046    128.48
200520839711 1 1 496  246    128.00
200520840058 1 1 396  146    128.00
200520840077 1 1 496  142      2.00
200520840126 1 1 196 4344    287.12
200520840959 2 1 397  245     66.69
200520843516 1 1 496  842      7.75
200520845032 1 1 397  142     13.34
200520845041 1 1 197  144    293.42
200520845178 1 1 197  444    293.42
200520845293 1 1 396 1145     72.10
200520845293 2 2 396 1145     72.10
200520902184 2 19978  246    110.64
200520902767 1 1 178  244    276.59
200520903274 1 1 378  244    276.59
200520903312 1 1 378  244    276.59
200520903312 2 21478  244    276.59
200520903620 1 11378  244    276.59
200520903775 3 1 478  244    276.59
200520903823 1 11278  144    276.59
200520903847 2 1 478  143     55.32
200520903957 1 1 378  244    276.59
200521001643 1 1 479  146    122.03
200521001733 1 1 479  145     66.56
200521001834 2 1 179  145     66.56
200521001872 9 1 279  141     11.09
200521001880 1 1 479  146    122.03
200521001941 1 1 379  144    299.54
200521001941 2 2 379  144    299.54
200521115817 1 1 479  741     11.09
200521116635 1 1 479  745     66.56
200521117287 1 1 479  741     11.09
200521117472 2 1 379  742     11.09
200521117501 1 1 479  745     66.56
200521117503 1 1 479  746    122.03
200521117634 2 1 379  743     22.19
200521117776 1 1 479  746    122.03
200521117891 1 1 479  744    299.54
200521118346 2 1 479  746    122.03
200521118364 1 1 379  741     11.09
200521118368 1 1 479  745     66.56
200521118496 1 1 479  741     11.09
200521118664 1 1 479  241      1.66
200521118765 1 1 479  744    299.54
200521118921 1 1 379  744    299.54
200521118921 2 2 379  744    299.54
200521118940 1 1 479  743     22.19
200521119007 1 1 379  744    299.54
200521119037 1 1 179  745     66.56
200521119089 1 1 479  242      1.66
200521119205 1 1 379  744    299.54
200521119926 4 1 479  742     11.09
200521119929 1 1 479  745     66.56
200521119937 1 1 379  744    299.54
200521119945 1 1 479  745     66.56
200521120637 2 1 379  742     11.09
200521120638 1 1 379  744    299.54
200521120819 1 1 379  746    122.03
200521121373 2 1 179  741     11.09
200521121516 1 1 379  745     66.56
200521121516 2 2 379  745     66.56
200521121879 1 1 379  741     11.09
200521122066 1 1 179  744    299.54
200521122208 2 1 379  742     11.09
200521122264 1 1 479  746    122.03
200521122268 2 1 379  745     66.56
200521122301 1 1 479  746    122.03
200521122301 2 2 479  746    122.03
200521122301 3 3 379  746    122.03
200521122309 1 1 479  745     66.56
200521305679 1 1 479  642      4.84
200521305906 1 1 479  745     66.56
200521701276 1 1 479  146    122.03
200521701283 2 1 379  143     22.19
200521701390 1 1 479  144    299.54
200521800462 3 1 179  141     11.09
200521800468 1 1 479  141     11.09
200521800499 1 1 479  141     11.09
200521800545 2 1 479  146    122.03
200521800572 1 1 379  144    299.54
200521800627 1 1 479  146    122.03
200521800664 1 1 479  146    122.03
200521800664 2 2 479  146    122.03
200521800730 1 1 479  145     66.56
200521800800 1 1 379  146    122.03
200521800800 2 2 379  146    122.03
200521800800 3 3 379  146    122.03
200521800921 1 1 479  143     22.19
200522025071 1 1 381  546    127.40
200522025360 3 1 181  145     72.11
200522025768 3 1 181  745     67.43
200522025774 1 1 481 1146    127.88
200522025914 1 1 481  241      4.81
200522026006 2 1 381  141      4.81
200522026006 3 2 381  141      4.81
200522026006 4 3 281  141      4.81
200522026026 1 1 181  145     72.11
200522026102 1 1 181 1044    300.48
200522026158 1 1 381  243     19.23
200522027070 2 1 181  744    295.67
200522027070 3 2 281  744    295.67
200522027178 1 1 481  245     72.11
200522028156 7 1 181  141      4.81
200522028631 2 1 381  242      4.81
200522028824 1 1 481  144    293.26
200522028879 3 1 381  242      4.81
200522029405 1 1 181  546    127.40
200522029720 1 11481  146    125.00
200522030009 1 1 481  242      4.81
200522030993 3 1 381  246    125.00
200522032201 1 1 481  143     19.23
200522032486 1 1 481  143     19.23
200522032845 2 11281  142      4.81
200522033384 1 1 381  144    293.26
200522033782 2 1 281  446    127.40
200522036437 1 1 481  141      4.81
200522036437 2 2 481  141      4.81
200522037458 1 1 181  544    295.67
200522037965 1 1 481  746    124.49
200522331978 2 19982  143     16.42
200522332020 1 1 182  143     16.42
200522332025 1 1 382  142      5.47
200522332125 2 1 382  146    125.86
200522332125 3 21182  146    125.86
200522332131 2 1 382  145     71.14
200522332135 1 1 382  144    295.49
200522332415 1 11482  144    295.49
200522333139 1 1 382  144    295.49
200522333139 2 2 182  144    295.49
200522333312 1 1 382  144    295.49
200522333805 1 1 182  246    125.86
200522333805 2 1 382  246    125.86
200522333827 1 1 382  144    295.49
200522333930 1 1 382  144    295.49
200522334043 3 1 482  146    125.86
200522334047 2 1 482  143     16.42
200522334950 1 11482  144    295.49
200522334982 2 1 182  141      5.47
200522335145 2 1 382  142      5.47
200522335145 3 2 382  142      5.47
200522335145 4 3 382  142      5.47
200522335249 1 11282  145     71.14
200522335267 3 1 382  143     16.42
200522335393 1 1 382  144    295.49
200522335836 2 1 182  143     16.42
200522336089 1 1 382  144    295.49
200522336208 1 1 382  144    295.49
200522336294 2 1 482  143     16.42
200522336440 1 1 282  145     71.14
200522336529 1 1 482  144    295.49
200522336535 3 11282  143     16.42
200522336800 1 1 382  144    295.49
200522337093 1 1 182  144    295.49
200522337538 2 1 482  242      5.47
200522337726 2 1 382  141      5.47
200522338003 1 1 482  141      5.47
200522338103 1 1 382  144    295.49
200522338279 1 1 382  144    295.49
200522338725 1 1 382  144    295.49
200522339019 1 1 382  144    295.49
200522339171 1 1 182  144    295.49
200522339257 2 1 382  146    125.86
200522339493 1 11282  144    295.49
200522339667 2 1 382  142      5.47
200522339996 2 1 482  143     16.42
200522340367 1 11482  143     16.42
200522340443 1 1 382  146    125.86
200522340443 2 2 382  146    125.86
200522340443 3 3 382  146    125.86
200522340697 2 1 482  145     71.14
200522340700 1 1 382  143     16.42
200522340870 1 1 382  144    295.49
200522340959 1 1 382  144    295.49
200522341195 1 1 382  144    295.49
200522341347 3 1 182  143     16.42
200522341622 1 1 382  144    295.49
200522341703 1 1 182  143     16.42
200522341704 1 1 382  146    125.86
200522341704 2 2 382  146    125.86
200522341715 1 1 282  145     71.14
200522341873 1 11282  144    295.49
200522342068 1 1 382  146    125.86
200522342238 1 1 182  144    295.49
200522342795 1 1 282  144    295.49
200522343037 2 1 182  141      5.47
200522343233 1 1 382  144    295.49
200522343290 1 1 482  144    295.49
200522343883 1 1 382  144    295.49
200522344178 1 1 382  144    295.49
200522344421 1 1 382  144    295.49
200522344699 3 1 382  143     16.42
200522344762 1 1 182  144    295.49
200522345222 1 1 482  144    295.49
200522345294 1 1 182  145     71.14
200522345580 1 1 482  144    295.49
200522345780 1 1 482  144    295.49
200522346008 2 1 182  146    125.86
200522346168 1 11282  144    295.49
200522346251 1 1 282  144    295.49
200522346392 2 1 182  145     71.14
200522346400 2 1 382  142      5.47
200522346400 3 2 382  142      5.47
200522346944 1 1 382  144    295.49
200522346944 2 21482  144    295.49
200522347000 1 11282  144    295.49
200522347045 1 1 482  146    125.86
200522347045 2 2 282  146    125.86
200522347045 3 3 182  146    125.86
200522347113 1 1 382  141      5.47
200522347423 1 1 282  144    295.49
200522347581 1 1 482  141      5.47
200522347633 1 1 482  144    295.49
200522348053 1 1 282  144    295.49
200522348398 1 1 382  144    295.49
200522348507 1 1 382  144    295.49
200522348565 1 1 382  144    295.49
200522348599 2 1 382  146    125.86
200522348786 1 1 482  144    295.49
200522348843 1 1 182  144    295.49
200522348950 1 1 482  242      5.47
200522349274 1 1 282  144    295.49
200523000166 2 1 342  131      4.17
200523000292 2 1 342  133     16.67
200523000323 1 11442  136    124.99
200523000323 2 2 342  136    124.99
200523000441 1 11242  132      4.17
200523001285 2 1 342  135     70.83
200523002763 3 1 342  131      4.17
200523003103 2 11342  136    124.99
200523003178 3 1 242  131      4.17
200524105859 2 1 447  131     19.61
200524602911 1 1 450  432      4.60
200524800360 1 1 175  544    295.40
200526900457 1 1 411  324    285.76
200526900533 1 11211  324    285.76
200526900593 1 11411  324    285.76
200526900845 1 1 211  324    285.76
200526900867 1 11211  324    285.76
200526900997 1 11211  324    285.76
200526901039 1 1 311  324    285.76
200526901091 1 1 411  326    133.36
200526901100 1 1 111  324    285.76
200526901408 1 11211  324    285.76
200526901515 1 11211  324    285.76
200526901752 2 11411  326    133.36
200526901798 1 11211  324    285.76
200526901868 4 1 211  325     76.20
200526901927 1 11211  326    133.36
200526901960 2 11211  324    285.76
200526902098 1 1 311  326    133.36
200526902509 2 1 311  326    133.36
200527003321 1 11311  126    133.36
200527003325 1 11211  124    285.76
200527003343 2 1 111  124    285.76
200527003545 1 11411  124    285.76
200527004058 1 11411  124    285.76
200527004537 2 1 411  124    285.76
200527005380 1 11411  124    285.76
200527005541 2 1 311  123     19.05
200527005541 3 2 111  123     19.05
200527005591 1 1 111  124    285.76
200527605261 1 1 1 9  735     71.96
200527605709 1 1 1 9  732      4.80
200527605858 1 1 4 9  733     19.19
200527605881 1 1 3 9  736    124.74
200527605937 1 111 9 1334    291.54
200527606039 1 114 9 1336    121.48
200527606561 1 1 4 9 1335     72.89
200527606741 1 1 1 9 1334    291.54
200527906532 2 113 9  631      4.80
200527906532 3 214 9  631      4.80
200527907352 1 1 3 9  633     19.19
200527907352 2 2 1 9  633     19.19
200527907352 3 3 3 9  633     19.19
200527907543 1 1 3 9  634    292.65
200527907580 1 1 1 9  534    292.65
200527907662 1 1 4 9  632      4.80
200527907754 1 114 9  634    292.65
200527907846 1 1 4 9  632      4.80
200527907873 2 112 9  632      4.80
200529102392 1 114 9  832      7.88
200529102944 3 1 1 9 1331     24.30
200529103384 1 112 9  831      7.88
200529103384 2 2 3 9  831      7.88
200529103384 3 3 4 9  831      7.88
200529103499 1 1 3 9  836    126.03
200529103499 2 2 4 9  836    126.03
200529104026 1 1 4 9  132      4.80
200529104026 2 2 2 9  132      4.80
200529104046 1 1 1 9  831      7.88
200529104046 2 2 4 9  831      7.88
200529914909 2 113 1  414    304.98
200529914909 1 213 1  414    304.98
200529915110 1 114 1  416    135.55
200529915174 2 1 3 1  216    135.55
200529915254 1 1 4 1  414    304.98
200529915894 2 1 3 1  813     33.89
200529916050 1 1 3 1  814    304.98
200529916114 2 1 1 1  716    135.55
200529916274 1 1 4 1  415     67.77
200529916552 1 1 3 1  815     67.77
200529917018 1 1 2 1  214    304.98
200529918292 1 112 1  215     67.77
200529918414 1 1 4 1  412     33.89
200529918423 1 1 4 1  416    135.55
200529920152 2 1 4 1 1316    135.55
200530010291 4 1 2 7  315     65.78
200530010387 1 1 4 7  216    131.55
200530010430 1 1 4 7 3016    121.15
200530010435 2 1 3 7 3016    121.15
200530010435 3 214 7 3016    121.15
200530010614 2 1 4 7  316    131.55
200530011184 1 1 1 7  515     77.28
200530011273 1 1 4 7 1016    104.07
200530011273 2 2 1 7 1016    104.07
200530011300 1 1 3 7  116    131.55
200530011300 2 2 3 7  116    131.55
200530011378 1 113 7  816    138.30
200530011378 1 2 4 7  816    138.30
200530011437 1 1 4 7  515     77.28
200530011437 1 2 4 7  515     77.28
200530011554 2 1 3 7 1616    153.47
200530011651 2 1 1 7  115     65.78
200530011654 1 1 4 7  116    131.55
200530011654 2 2 2 7  116    131.55
200530011722 2 113 7  316    131.55
200530011722 5 214 7  316    131.55
200530011761 1 114 7  815     69.15
200530011786 2 1 3 7 1615     76.73
200530011791 2 1 4 7  315     65.78
200530011791 2 2 4 7  315     65.78
200530011922 1 1 3 7 1616    153.47
200530012090 1 114 7  815     69.15
200530012090 1 2 3 7  815     69.15
200530012115 1 1 4 7  115     65.78
200530012293 1 1 4 7 1611     76.73
200530012333 2 114 7  312      9.40
200530012535 1 1 1 7  516    135.23
200530012626 2 1 4 7  115     65.78
200530012695 1 1 1 7  815     69.15
200530012849 1 1 4 7 1616    153.47
200530228473 1 1 323  114    299.33
200530228498 1 1 323  111     21.38
200530228498 2 2 323  111     21.38
200530228501 1 1 323  113     21.38
200530228793 2 1 423  115     64.14
200530228821 1 1 323  114    299.33
200530228955 1 1 423  116    128.29
200530229111 2 1 323  611      5.96
200530229122 3 19923  612      5.96
200530229153 1 1 423  916    128.50
200530229153 2 2 323  916    128.50
200530229886 1 11423  116    128.29
200530230268 1 11223  114    299.33
200530230656 2 1 423  112     21.38
200530230716 1 11423  114    299.33
200530231032 3 1 323  112     21.38
200530231175 2 1 323  115     64.14
200530231864 1 1 323  114    299.33
200530232123 1 1 323  216    126.15
200530232182 1 11423  114    299.33
200530232662 1 1 423  412      2.14
200530232717 1 1 423  115     64.14
200530232759 1 11123  114    299.33
200530232960 1 1 423  211      2.14
200530233341 1 1 323  214    295.06
200530233695 1 1 323  114    299.33
200530233714 1 11123  114    299.33
200530233749 1 1 423  914    299.82
200530233909 1 11323  114    299.33
200530233926 1 1 123  114    299.33
200530234170 1 1 323  114    299.33
200530234292 1 1 123  411      2.14
200530234515 2 1 323  115     64.14
200530234966 3 1 423  115     64.14
200530235240 1 1 323  114    299.33
200530235632 1 1 423  116    128.29
200530235661 1 1 323  114    299.33
200530235826 1 1 123  114    299.33
200530236245 1 11223  114    299.33
200530301854 1 11425  714    316.21
200530322359 2 1 324  914    284.46
200530322414 2 11124  216    133.37
200530322541 1 1 325 1414    321.28
200530322668 1 11424  114    292.61
200530322740 1 11324  216    133.37
200530322844 1 1 425 1414    321.28
200530322920 1 1 224 1214    279.81
200530323051 1 1 225 1414    321.28
200530323053 2 1 425 1416    107.09
200530323083 1 1 325  714    316.21
200530323397 1 1 324  516    119.71
200530323484 2 1 225  615     81.23
200530323484 3 2 425  615     81.23
200530323501 1 1 325 1414    321.28
200530323540 1 1 424  914    284.46
200530323575 2 1 224 1213     39.97
200530323575 3 2 224 1213     39.97
200530323720 2 1 424 1214    279.81
200530323720 2 2 424 1214    279.81
200530323913 2 19924  916    113.78
200530324144 1 1 324  914    284.46
200530324184 1 1 424 1216    119.92
200530324255 2 1 325 1415    107.09
200530324256 1 1 325 1414    321.28
200530324468 1 11225  214    289.69
200530324594 1 1 424  914    284.46
200530324684 1 1 425  714    316.21
200530324881 1 1 424  115     66.88
200530324929 2 11124 1215     79.95
200530324994 2 11424  115     66.88
200530324998 2 1 424  114    292.61
200530325050 1 1 324  214    300.08
200530325098 1 11424  514    290.74
200530325124 1 1 324 1214    279.81
200530325189 1 1 325  714    316.21
200530325233 1 1 324 1216    119.92
200530325293 2 1 325  614    284.30
200530325448 2 1 324  915     56.89
200530325465 2 1 324  715     69.56
200530325514 1 1 124 1214    279.81
200530325630 1 1 225  614    284.30
200530325773 1 1 325  214    289.69
200530325792 1 1 325 1414    321.28
200530325836 1 1 324  714    295.61
200530325966 1 1 325  614    284.30
200530326144 1 1 425  714    316.21
200530326151 1 1 225 1414    321.28
200530326154 1 1 125 1414    321.28
200530326182 1 1 325  214    289.69
200530326225 2 1 324  715     69.56
200530326225 3 21224  715     69.56
200530326308 1 11225  614    284.30
200530326619 1 1 125 1414    321.28
200530326619 2 2 225 1414    321.28
200530326725 1 1 324 1214    279.81
200530326999 1 1 325  614    284.30
200530327217 1 1 324  214    300.08
200530327507 1 1 325 1414    321.28
200530327585 1 1 424  914    284.46
200530327638 1 1 325  614    284.30
200530327640 1 1 225  714    316.21
200530327763 1 1 325  714    316.21
200530327830 1 1 424  514    290.74
200530327839 1 1 324 1214    279.81
200530327869 1 1 124  714    295.61
200530327872 1 1 124  914    284.46
200530327989 3 19925  615     81.23
200530328086 1 1 224 1216    119.92
200530328096 1 1 324 1214    279.81
200530328283 1 11425 1414    321.28
200530328542 2 1 425  714    316.21
200530442162 1 1 333  422      4.62
200530442735 1 11433  626    131.22
200530444651 1 11433  824    293.99
200530445105 1 11233 1624    296.03
200530448475 1 11233 1224    289.51
200530449144 1 11333  421      4.62
200530449397 1 1 433 1624    296.03
200530449742 2 1 433  323     18.47
200530453486 1 1 333 1624    296.03
200530453850 1 11233  624    290.56
200530453943 1 11333  824    293.99
200530842026 1 1 391  924    294.21
200530842322 1 1 391 6724    301.46
200530842492 1 1 391  424    296.79
200530842680 1 1 391 4624    295.95
200530842721 1 1 491 4625     73.99
200530842745 1 1 291  324    293.24
200530843271 1 1 391 1526    129.18
200530843639 1 1 391 3224    290.16
200530843704 1 1 391 4624    295.95
200530843855 1 1 391  924    294.21
200530843974 1 11491  924    294.21
200530843997 1 1 391  724    294.31
200530844401 1 1 391 5524    289.30
200530844471 2 1 191  424    296.79
200530844814 1 1 491 3224    290.16
200530845013 1 1 191  324    293.24
200530845328 1 1 491  724    294.31
200530846022 1 1 391 1524    294.53
200530846031 1 1 491 1526    129.18
200530846039 2 1 491 1522      5.17
200530846195 1 1 391  324    293.24
200530846552 1 1 291  924    294.21
200530846583 2 1149111226    121.65
200530846625 1 1 19111226    121.65
200530846625 2 2 19111226    121.65
200530846638 1 1 49111222     30.41
200530846811 1 1 291 4624    295.95
200530846830 1 1 491 4626    133.18
200530846840 1 1 391 4624    295.95
200530847425 1 11291 1924    292.27
200530847476 1 1 391  326    129.70
200530847476 2 2 391  326    129.70
200530847476 4 3 391  326    129.70
200530847805 1 11391 4626    133.18
200530847806 2 1 391 4625     73.99
200530848102 1 1 391 1524    294.53
200530848252 1 1 391 6724    301.46
200530848571 1 1 391  924    294.21
200530848785 1 1 391 5524    289.30
200530848893 2 1 291 1521      5.17
200530848893 3 2 491 1521      5.17
200530849070 1 1 291  324    293.24
200530849113 4 1 391  326    129.70
200530849162 1 1 491 4624    295.95
200530849414 1 1 39111224    304.12
200530849487 1 1 491  424    296.79
200530850262 1 1 491  326    129.70
200530850395 2 1 391 4624    295.95
200530850410 3 11491 4623     14.80
200530851325 1 1 391 5521     16.07
200530851390 1 1 491  325     67.67
200530851393 1 1 491  321      5.64
200530851485 1 1 391 4624    295.95
200530851485 2 2 391 4624    295.95
200530851485 3 3 391 4624    295.95
200530851561 1 1 191 3224    290.16
200530852092 2 1 491  421      5.50
200530852404 1 1 291 1524    294.53
200530852495 1 1 491 1524    294.53
200530853238 1 11491 1924    292.27
200530853443 1 11291 3224    290.16
200530853496 1 1 491 3223     20.73
200530853553 1 1 291 4624    295.95
200530854231 1 1 491  326    129.70
200530854262 1 1 391 6725     64.60
200530854295 1 1 191 6724    301.46
200530854365 1 1 391 6724    301.46
200530854381 2 1 191 6725     64.60
200530854516 1 1 39111224    304.12
200530854531 1 1 49111224    304.12
200530854624 1 1 39111324    304.12
200530854893 2 1 391  324    293.24
200530855996 3 1 491 4623     14.80
200530856001 2 1 491 4626    133.18
200530856037 1 1 391 4624    295.95
200530856204 1 11391 5524    289.30
200530856226 1 1 491 5525     64.29
200530856236 1 1 391 5524    289.30
200530856268 1 1 191 5524    289.30
200530856273 2 1 491 5525     64.29
200531110224 2 1 322  816     88.51
200531110328 1 1 322  814    265.53
200531110343 1 1 422  212     29.32
200531110602 1 11222  114    293.17
200531110675 2 1 422  113     29.32
200531110789 1 1 322  814    265.53
200531110872 1 11422  614    303.02
200531111042 1 11422  814    265.53
200531111231 1 1 422  816     88.51
200531111443 2 1 422  815     88.51
200531111463 1 1 422  816     88.51
200531111464 1 11222  814    265.53
200531111582 1 1 122  816     88.51
200531111668 2 1 322  816     88.51
200531111670 1 11222  814    265.53
200531111674 1 11422  816     88.51
200531111748 1 1 422  115     58.63
200531111758 1 11422  115     58.63
200531111826 1 1 422  116    117.27
200531111957 1 1 422  116    117.27
200531112103 1 1 322  616    121.21
200531112267 1 1 322  814    265.53
200531112386 1 11422  816     88.51
200531112393 1 11222  814    265.53
200531112409 1 1 422  115     58.63
200531112534 3 11422  615     60.61
200531112563 1 1 322  814    265.53
200531112643 1 1 322  814    265.53
200531112886 1 1 122  812     88.51
200531112951 1 1 322  116    117.27
200531113028 1 1 322  816     88.51
200531113052 1 11222  114    293.17
200531113115 2 1 122  112     29.32
200531227636 1 1 426  113     16.98
200531227763 1 1 326  716    126.42
200531227763 2 2 326  716    126.42
200531228335 1 1 426  215     67.90
200531228407 1 1 426  716    126.42
200531229432 1 1 226  212      4.24
200531229614 1 1 426  916    125.08
200531230066 1 11426  116    127.32
200531230732 1 1 326  212      4.24
200531231379 1 1 326  112      4.24
200531231537 1 1 126 1314    299.94
200531232000 1 1 426  916    125.08
200531232293 1 1 326  314    291.57
200531232537 2 1 426  211      4.24
200531232793 1 1 326 1314    299.94
200531232869 1 19926  114    297.07
200531233512 4 1 126  211      4.24
200531233898 1 1 426  116    127.32
200531234618 2 19926  211      4.24
200531340519 1 1 127  136    127.11
200531340569 1 1 427  136    127.11
200531340666 1 11427  236    127.11
200531340887 1 1 427  236    127.11
200531341194 1 1 427  134    290.53
200531341194 2 2 427  134    290.53
200531341297 1 1 427  136    127.11
200531341579 1 1 127  231      9.08
200531341579 3 2 427  231      9.08
200531341719 1 1 327  234    290.53
200531341923 1 1 427  134    290.53
200531342029 2 11327  135     72.63
200531342309 1 1 227  231      9.08
200531342708 2 1 127  136    127.11
200531342708 3 2 127  136    127.11
200531342942 2 11227  235     72.63
200531343602 2 11127  231      9.08
200531343682 2 1 327  236    127.11
200531344207 1 1 227  131      9.08
200531344207 2 2 127  131      9.08
200531344218 1 1 427  135     72.63
200531344246 2 11427  136    127.11
200531344295 1 1 227  131      9.08
200531344505 1 1 427  136    127.11
200531344900 1 1 427  136    127.11
200531345074 1 11127  136    127.11
200531345074 2 2 327  136    127.11
200531345222 2 1 127  131      9.08
200531345342 2 1 327  231      9.08
200531345785 2 1 427  131      9.08
200531345828 2 11427  133     18.16
200531346011 1 11227  236    127.11
200531346204 1 11227  233     18.16
200531346586 1 11327  131      9.08
200531346669 1 11127  136    127.11
200531347441 1 11227  134    290.53
200531347708 1 11427  136    127.11
200531348000 3 1 327  231      9.08
200531348205 2 1 227  131      9.08
200531348368 1 1 327  133     18.16
200531348370 1 11227  136    127.11
200531348421 2 1 427  136    127.11
200531348591 1 1 227  332      9.08
200531348691 1 11427  231      9.08
200531348739 4 1 327  231      9.08
200531348739 4 2 427  231      9.08
200531348739 3 3 327  231      9.08
200531348739 4 4 327  231      9.08
200531349187 2 1 327  136    127.11
200531349370 2 1 427  135     72.63
200531349526 1 1 427  136    127.11
200531349594 1 1 427  333     18.16
200531349597 1 11127  332      9.08
200531403886 1 11328  336    161.62
200531404003 1 1 128  336    161.62
200531404032 2 19928  331    161.62
200531404087 1 1 228  234    323.24
200531404166 1 1 128  134    323.24
200531404183 1 1 228  134    323.24
200531404209 2 1 428  132    161.62
200531404566 1 1 328  136    161.62
200531404566 3 2 128  136    161.62
200531404600 2 1 328  336    161.62
200531404752 3 1 428  236    161.62
200531404790 1 1 228  135    161.62
200531404942 1 1 328  335    161.62
200531544118 1 1 430  126    124.51
200531544330 1 1 129  122     17.18
200531544452 3 1 430  221      3.40
200531545030 1 11230  124    294.30
200531545373 1 1 330  124    294.30
200531545453 1 1 430  121     11.32
200531545663 2 1 229  122     17.18
200531545712 1 1 330  126    124.51
200531545734 1 1 330  126    124.51
200531545909 1 1 330  124    294.30
200531546032 1 11330  124    294.30
200531546273 2 1 330  221      3.40
200531546407 1 1 330  124    294.30
200531547286 1 1 330  125     67.92
200531547550 1 1 430  121     11.32
200531547558 1 1 330  124    294.30
200531547661 1 1 330  126    124.51
200531547661 2 2 330  126    124.51
200531547737 1 1 330  126    124.51
200531547918 1 1 430  126    124.51
200531547920 1 1 330  124    294.30
200531548110 2 1 329  123     17.18
200531548181 1 1 330  126    124.51
200531548208 1 1 330  124    294.30
200531549472 1 1 129  124    292.12
200531549733 1 1 130  125     67.92
200531549739 1 1 430  123     22.64
200531549758 1 11430  126    124.51
200531549763 1 1 330  124    294.30
200531549801 1 1 330  124    294.30
200531550632 1 1 230  124    294.30
200531550806 1 1 330  124    294.30
200531550848 1 1 330  123     22.64
200531551296 1 1 330  124    294.30
200531551408 1 1 430  124    294.30
200531551671 3 1 330  125     67.92
200531551872 1 1 130  124    294.30
200531552133 1 1 330  124    294.30
200531552222 1 1 330  124    294.30
200531552498 4 1 130  121     11.32
200531552516 1 1 330  126    124.51
200531552754 1 1 430  126    124.51
200531552759 1 1 430  123     22.64
200531552854 2 1 231  125     61.52
200531553400 5 1 331  121     61.52
200531553491 1 1 330  124    294.30
200531553746 1 1 330  124    294.30
200531553803 1 1 330  124    294.30
200531553827 3 1 230  126    124.51
200531554088 1 1 130  124    294.30
200531554282 1 1 230  124    294.30
200531554720 1 11430  124    294.30
200531554863 1 1 430  121     11.32
200531555036 1 11230  124    294.30
200531555261 4 1 429  121     17.18
200531555261 5 2 429  121     17.18
200531555369 1 1 130  121     11.32
200531555728 1 1 330  124    294.30
200531555802 1 1 430  126    124.51
200531556025 1 1 430  125     67.92
200531556908 1 1 330  124    294.30
200531557079 1 1 231  124    307.62
200531557209 1 1 330  126    124.51
200531557403 1 1 431  125     61.52
200531557510 1 1 430  222      3.40
200531557680 1 1 430  124    294.30
200531558163 1 1 629  226    120.29
200531558216 1 1 330  124    294.30
200531558254 1 1 430  124    294.30
200531714207 2 11444  333     45.09
200531714478 3 1 444  235     90.19
200531714660 2 1 444  634    255.48
200531715095 1 11444  634    255.48
200531715146 1 1 344  534    315.66
200531715557 1 1 344  334    315.66
200531715863 1 1 144  132     45.09
200531716196 1 1 444  436    135.28
200531716341 1 1 344  334    315.66
200531716357 1 1 344  634    255.48
200531716367 2 1 144  135     90.19
200531716428 1 1 344  131     45.09
200531716460 1 1 344  236    135.28
200531716530 1 11444  132     45.09
200531716859 4 1 444  333     45.09
200531717057 1 11344  136    135.28
200531717295 2 11444  636     85.16
200531717511 1 1 344  134    315.66
200531717782 1 1 244  134    315.66
200531717834 1 11144  231     45.09
200531717893 1 19944  434    315.66
200531718155 1 1 344  334    315.66
200531718252 1 11244  534    315.66
200531819192 1 1 346  134    292.03
200531819294 1 1 346  134    292.03
200531819321 1 1 446  434    292.03
200531819500 1 1 346  134    292.03
200531819999 1 1 246  334    292.03
200531820080 1 1 446  332     22.46
200531820114 2 1 246  735     52.01
200531820166 1 1 146  536    134.78
200531820498 1 1 346  534    292.03
200531820743 3 1 146  335     67.39
200531821137 1 1 346  134    292.03
200531821157 1 1 446  136    134.78
200531821176 1 1 446  136    134.78
200531821528 1 11246  734    312.06
200531821726 1 1 346  134    292.03
200531821919 1 1 446  134    292.03
200531823218 1 1 346  534    292.03
200531823267 1 1 146  134    292.03
200531823531 1 1 146  534    292.03
200531823677 1 1 146  336    134.78
200531823730 1 11246  434    292.03
200531824603 1 11346  136    134.78
200531824623 1 1 146  136    134.78
200532013457 2 11361  133     34.72
200532013504 1 1 361  334    277.72
200532013569 2 1 461  131     34.72
200532013625 1 1 261  434    277.72
200532013727 1 1 461  432     34.72
200532013988 2 1 461  131     34.72
200532013988 3 2 361  131     34.72
200532014015 1 1 361  234    277.72
200532014340 1 1 361  534    277.72
200532014340 2 2 361  534    277.72
200532014387 1 1 361  234    277.72
200532014424 1 1 361  434    277.72
200532014506 1 1 361  234    277.72
200532014567 2 11361  336    138.86
200532014581 1 1 361  234    277.72
200532014842 1 1 461  131     34.72
200532014933 1 1 161  135     69.43
200532015244 1 11461  234    277.72
200532015335 1 11461  534    277.72
200532015445 1 1 361  234    277.72
200532015524 2 1 261  535     69.43
200532015566 1 1 461  431     34.72
200532015724 4 1 361  232     34.72
200532015787 1 1 361  334    277.72
200532015851 4 1 461  134    277.72
200532015975 1 19961  132     34.72
200532015975 3 2 261  132     34.72
200532015989 1 1 361  136    138.86
200532015989 2 2 461  136    138.86
200532016151 1 1 461  234    277.72
200532016186 1 1 161  136    138.86
200532016282 1 1 261  234    277.72
200532016331 3 11261  135     69.43
200532016453 1 1 361  134    277.72
200532016625 1 1 461  234    277.72
200532016706 2 1 461  231     34.72
200532016745 1 1 361  135     69.43
200532016859 3 1 261  136    138.86
200532017102 3 1 461  233     34.72
200532017109 1 1 361  235     69.43
200532017185 1 11161  334    277.72
200532017291 2 11261  135     69.43
200532017291 3 2 361  135     69.43
200532017402 2 1 261  133     34.72
200532017579 1 1 461  132     34.72
200532017810 1 1 161  336    138.86
200532017888 6 1 361  135     69.43
200532017888 7 2 261  135     69.43
200532017891 2 1 361  134    277.72
200532017892 1 1 461  131     34.72
200532017926 1 11461  534    277.72
200532018156 1 1 461  534    277.72
200532018290 1 11461  234    277.72
200532018418 3 1 161  131     34.72
200532018485 1 1 361  133     34.72
200532132275 1 1 463  136    125.66
200532132623 1 1 163  132     13.96
200532133221 1 1 363  136    125.66
200532133594 1 19963  133     13.96
200532133982 1 1 362  135     73.66
200532133982 2 1 362  135     73.66
200532134022 1 1 462  533     24.55
200532134123 1 1 462  236    122.77
200532135038 1 1 362  333     24.55
200532135408 1 1 362  234    294.64
200532135510 4 1 262  133     24.55
200532135663 1 1 463  136    125.66
200532135875 1 1 363  135     69.81
200532136095 1 1 363  134    293.20
200532136389 1 1 162  234    294.64
200532136786 1 1 362  134    294.64
200532136790 1 1 362  135     73.66
200532137613 2 1 362  433     24.55
200532138474 1 1 362  136    122.77
200532138498 1 1 362  336    122.77
200532138667 1 1 462  236    122.77
200532139076 1 1 362  633     40.03
200532139263 1 1 363  135     69.81
200532139526 2 1 462  233     24.55
200532139571 1 1 462  535     73.66
200532139599 1 1 263  134    293.20
200532139836 2 1 162  236    122.77
200532141728 1 1 362  434    294.64
200532232197 1 1 364  136    122.73
200532232197 2 2 164  136    122.73
200532232317 1 1 464  231      4.72
200532232541 1 1 464  232      4.72
200532232794 1 1 464  135     66.08
200532233025 1 1 464  231      4.72
200532233309 1 1 264  134    292.65
200532233610 1 1 364  134    292.65
200532234234 1 1 364  134    292.65
200532234430 1 1 464  134    292.65
200532235250 2 1 464  135     66.08
200532235729 1 1 364  134    292.65
200532236280 1 1 464  134    292.65
200532237912 1 1 464  134    292.65
200532237916 1 1 164  136    122.73
200532238486 1 1 464  131      9.44
200532238703 1 1 464  135     66.08
200532239556 1 1 464  136    122.73
200532239749 1 1 464  134    292.65
200532240422 2 1 464  136    122.73
200532241155 1 1 464  133     18.88
200532241266 1 11464  232      4.72
200532241330 1 1 464  231      4.72
200532242001 1 1 464  131      9.44
200532242131 1 11164  136    122.73
200532242142 1 1 364  134    292.65
200532242657 1 1 464  231      4.72
200532318339 1 1 471  426    123.47
200532318889 2 1 371  422     12.35
200532319002 1 1 171  223     12.35
200532319492 1 1 471  122     12.35
200532319568 1 1 371  223     12.35
200532319568 2 2 471  223     12.35
200532320033 1 1 471  425     74.08
200532320324 1 1 171 1026    162.26
200532320491 1 1 371 1024    324.52
200532320637 2 1 171  224    296.32
200532321153 1 1 471  226    123.47
200532321197 1 1 371 1024    324.52
200532321462 1 1 471 1025     81.13
200532322453 1 1 471  726    120.64
200532322638 1 1 471  125     74.08
200532322675 1 1 171  221     12.35
200532324149 1 1 471  226    123.47
200532324492 1 1 171  721     40.21
200532324864 1 1 471  223     12.35
200532446945 1 1 477  342      3.66
200532448813 1 1 377  342      3.66
200532448824 2 19977  445     69.56
200532449375 1 11477  341      3.66
200532450057 1 11477  146    124.48
200532450174 2 1 477  143     14.64
200532450187 2 19977  141      7.32
200532451442 1 1 377  342      3.66
200532451621 1 1 377  144    292.89
200532451741 2 1 177  141      7.32
200532452748 2 1 377  141      7.32
200532453311 2 1 377  342      3.66
200532455475 1 1 177  241      3.66
200532455561 1 1 277  544    296.55
200532455689 1 1 377  343     18.31
200532455789 2 1 477  143     14.64
200532456635 2 1 377  241      3.66
200532456822 1 1 377  242      3.66
200532456849 1 1 477  341      3.66
200532458963 1 1 477  346    128.14
200532459882 1 1 477  143     14.64
200532530717 4 1 280  142      6.56
200532530795 1 1 380  844    299.86
200532530976 1 1 380  344    295.32
200532531239 2 1 480  145     72.19
200532531340 1 1 480  543     12.53
200532531503 1 1 480  846    122.67
200532531793 1 1 380  143     19.69
200532531793 2 2 380  143     19.69
200532531801 1 1 480  141      6.56
200532531863 1 1 380  144    295.32
200532532302 2 1 180  241      6.56
200532532390 2 1 480  143     19.69
200532532754 1 1 380 1146    138.82
200532532808 1 1 380  144    295.32
200532533186 1 1 380  144    295.32
200532533477 2 11180  143     19.69
200532533927 1 1 480  346    124.69
200532533945 1 1 380 1144    305.41
200532533963 1 1 280 1144    305.41
200532533975 1 1 280 1144    305.41
200532534175 1 1 480  246    124.69
200532534649 1 1 380  144    295.32
200532535494 1 1 480  844    299.86
200532535559 1 1 380 1144    305.41
200532535640 2 1 480  145     72.19
200532535887 1 1 480  145     72.19
200532535978 1 1 480  146    124.69
200532536073 1 1 180  344    295.32
200532536258 1 1 480  141      6.56
200532536276 1 1 480  544    300.73
200532536448 1 1 480  244    295.32
200532536496 1 1 380  344    295.32
200532536542 1 1 480  145     72.19
200532536631 1 1 180 1144    305.41
200532536642 1 1 380 1144    305.41
200532536825 1 1 480  346    124.69
200532536898 1 1 480  842     13.63
200532537259 2 1 480  142      6.56
200532537398 1 1 480  141      6.56
200532537793 1 1 480  146    124.69
200532537901 1 1 480  843     13.63
200532538206 1 1 380  244    295.32
200532538690 1 1 380  844    299.86
200532538899 2 1 480  146    124.69
200532539003 1 1 380  244    295.32
200532539260 1 1 480 1146    138.82
200532539413 1 11280  444    295.32
200532539445 1 1 380  241      6.56
200532540274 1 1 380 1144    305.41
200532655968 1 1 492  121      3.36
200532656130 1 1 292 4124    278.98
200532657232 1 1 192 1524    289.03
200532657240 1 1 492 1526    128.46
200532658037 2 1 392  126    127.62
200532658037 3 2 292  126    127.62
200532658699 5 1 492  121      3.36
200532659874 1 1 392  724    297.03
200532660285 1 1 392 1624    286.86
200532662327 1 1 192 1124    298.73
200532662775 2 1 492 1626    133.87
200532662786 1 1 492 1624    286.86
200532662804 1 1 392 1624    286.86
200532662945 1 1 492  126    127.62
200532663065 1 1 492  522      6.44
200532664695 1 1 492  724    297.03
200532664787 1 1 392  124    295.55
200532664908 1 1 192 1523     16.06
200532664911 1 1 492 1524    289.03
200532665045 1 1 392 1624    286.86
200532665631 1 1 392 1524    289.03
200532665837 1 1 492 3825     46.92
200532665962 1 1 492  126    127.62
200532666651 1 1 492 1624    286.86
200532666936 1 1 392 1526    128.46
200532667065 1 1 392 3824    281.50
200532667115 1 1 392 4124    278.98
200532668323 2 1 292  222      3.36
200532668330 1 1 192  224    295.55
200532668609 3 1 192  325     70.53
200532668609 4 21292  325     70.53
200532669101 4 1 392  122      3.36
200532669272 1 1 392 1125     72.11
200532670515 1 1 392 1624    286.86
200532670626 1 1 392  424    295.55
200532672239 1 1 392 1124    298.73
200532704708 1 1 393  225     94.56
200532704774 1 11493  826     94.56
200532704788 1 1 493 1226    463.46
200532704821 1 1 193  924    283.69
200532705180 1 1 393  924    283.69
200532705218 1 1 393  824    283.69
200532705409 1 1 493  726     94.56
200532705427 1 1 393  824    283.69
200532705672 1 1 393 1224    463.46
200532705809 1 1 493  824    283.69
200532705972 1 1 493  826     94.56
200532705984 2 1 493 1226    463.46
200532706044 1 1 493  226     94.56
200532706056 1 1 493  224    283.69
200532706067 1 1 193  624    283.69
200532706086 1 1 493  926     94.56
200532706089 1 1 193  924    283.69
200532706244 1 1 493 2526   2329.95
200532835570 1 1 495  145     72.76
200532836853 1 1 495  145     72.76
200532838894 1 1 395  444    294.06
200532839419 1 1 395  141      6.06
200532839870 1 1 395  146    127.32
200532840651 1 1 395  143     18.19
200532842398 1 11395  144    297.09
200532842398 2 2 295  144    297.09
200532843901 1 1 495  743     12.07
200532844159 1 1 495  141      6.06
200532846070 1 1 495  146    127.32
200533410257 1 114 6 1415     69.73
200533410464 1 1 3 6 2615     60.73
200533410464 2 2 3 6 2615     60.73
200533410464 4 3 1 6 2615     60.73
200533410572 2 1 3 6  515     70.91
200533410577 2 1 3 6  513     16.36
200533410772 1 1 1 6 1411     11.62
200533410969 2 1 2 6 2012     14.82
200533411153 1 1 4 6  716    126.21
200533411441 1 1 3 6 2016    133.38
200533411468 2 1 2 6  116    127.08
200533411532 2 112 6  512      5.45
200533411548 1 112 6  713     16.46
200533411652 1 114 6  515     70.91
200533411931 1 1 2 6  112      2.76
200533412023 2 1 1 6 1415     69.73
200533412085 1 1 3 6  515     70.91
200533412085 2 2 3 6  515     70.91
200533412085 2 3 1 6  515     70.91
200533412331 3 1 1 6  715     71.34
200533412333 1 114 6  713     16.46
200533412423 1 1 4 6 2612     20.24
200533412561 2 1 3 6 1415     69.73
200533412660 1 1 4 6  715     71.34
200533412741 1 114 6  115     69.06
200533412984 1 114 6  211      2.76
200533413025 2 114 6  713     16.46
200533413130 1 199 6 1413     23.24
200533413192 3 1 3 6  513     16.36
200533413192 2 213 6  513     16.36
200533413288 1 1 3 6  516    125.45
200533413288 2 2 4 6  516    125.45
200533413512 1 113 6 2016    133.38
200533413514 2 114 6 1415     69.73
200533413638 1 1 4 6  512      5.45
200533413657 1 1 3 6 1412     11.62
200533413737 1 1 4 6 1113     17.88
200533413808 1 1 3 6 2015     74.10
200533413993 1 1 4 6  515     70.91
200533414143 2 1 3 6 1415     69.73
200533414168 2 199 6 1115     71.53
200533414273 1 1 4 6 1416    127.83
200533414278 1 1 3 6 1415     69.73
200533414278 2 214 6 1415     69.73
200533414343 1 1 1 6 2615     60.73
200533414364 1 1 4 6 2015     74.10
200536009023 1 1 150  132      4.60
200536009023 2 2 350  132      4.60
200536009023 3 3 350  132      4.60
200536009090 1 1 150  332      4.60
200536009449 2 1 350  135     69.03
200536009517 3 1 150  432      4.60
200536009517 5 2 350  432      4.60
200536009567 1 1 150  331      4.60
200536009567 2 2 450  331      4.60
200536009805 2 1 350  434    294.53
200536010882 1 1 350  131      4.60
200536011066 2 1 350  135     69.03
200536011265 1 1 350  434    294.53
200536011265 2 2 350  434    294.53
200536011547 1 1 450  131      4.60
200536011807 1 1 450  135     69.03
200536012235 1 1 350  434    294.53
200536012868 4 1 450  131      4.60
200536013116 3 1 350  331      4.60
200536013116 4 2 350  331      4.60
200536014885 3 1 350  431      4.60
200536015038 2 1 450  132      4.60
200536015215 2 1 450  436    128.86
200543701002 1 1 478  146    110.64
200543701036 2 1 478  144    276.59
200543701064 1 1 378  442     55.32
200543701110 1 1 478  144    276.59
200543701264 1 1 378  144    276.59
200543701471 1 1 478  144    276.59
200543701581 1 1 478  146    110.64
200543701620 1 1 478  146    110.64
200543701637 1 1 378  146    110.64
200543701646 1 1 478  145     55.32
200543701661 1 1 378  442     55.32
200543701718 1 1 478  346    110.64
200543701770 1 1 378  144    276.59
200543701800 1 1 378  146    110.64
200543701837 1 1 378  143     55.32
200543701842 1 1 378  145     55.32
200543701968 1 11478  144    276.59
200543702178 1 1 478  144    276.59
200543702208 1 1 478  146    110.64
200543702209 1 1 378  144    276.59
200543702260 1 1 478  145     55.32
200543702260 2 2 478  145     55.32
200543702274 1 1 378  146    110.64
200543702274 2 2 378  146    110.64
200543702346 1 1 478  146    110.64
200543702396 1 1 378  144    276.59
200543702420 1 1 478  146    110.64
200543702593 1 1 478  145     55.32
200543702593 2 2 378  145     55.32
200543702694 1 1 478  442     55.32
200543702716 1 1 278  146    110.64
200543702749 2 1 478  346    110.64
200543702749 3 2 478  346    110.64
200543702754 1 1 478  346    110.64
200543702886 1 1 478  441     55.32
200543702993 1 1 478  146    110.64
200543703165 1 1 478  146    110.64
200543703423 1 1 178  145     55.32
200543703512 1 1 378  144    276.59
200543703525 1 1 478  146    110.64
200543703558 1 1 378  144    276.59
200543703668 1 1 478  442     55.32
200543703668 2 2 478  442     55.32
200544001027 1 1 475  146    129.20
200544001028 2 1 475  142      8.08
200544001369 1 1 375  144    298.78
200544001369 2 2 475  144    298.78
200544001581 2 1 475  145     72.68
200544001658 1 1 275  146    129.20
200548502576 1 1 473  421      5.49
200548502667 4 1 373  422      5.49
200548503187 1 1 373  422      5.49
200548504272 1 1 473  422      5.49
200548600968 1 1 379  143     22.19
200548601032 1 1 379  144    299.54
200548601091 1 1 479  146    122.03
200548601134 1 1 479  145     66.56
200548601196 1 1 279  745     66.56
200548601212 1 1 479  746    122.03
200548601293 1 1 379  744    299.54
200548601344 1 1 479  143     22.19
200548601434 2 1 179  145     66.56
200548601436 1 1 479  141     11.09
200548601615 2 11479  145     66.56
200550103523 1 111 9  336    124.74
200550103687 1 1 3 9  334    292.65
200550403547 1 1 111  324    285.76
200550403636 1 1 211  422     19.05
200550403636 2 2 211  422     19.05
200550404360 1 11211  124    285.76
200550404445 1 1 311  324    285.76
200550404783 1 1 411  422     19.05
200550404940 1 11411  324    285.76
200550405262 1 11211  224    285.76
200550405582 1 11411  422     19.05
200550405982 1 11411  526    133.36
200550405993 1 11411  724    293.93
200550406409 3 1 411  425     76.20
200550406681 1 1 311  422     19.05
200550407771 1 1 211  422     19.05
200550901835 1 11343  334    293.32
200550902068 1 1 343  333     12.22
200553203344 1 1 250  334    294.53
200553506626 6 1 375  341      8.08
200553506710 1 1 475  346    129.20
200553525772 1 1 375  344    298.78
200553525909 1 1 375  344    298.78
200553526064 1 1 475  344    298.78
200558400656 1 1 475  344    298.78
200559628178 1 1 394  144    299.42
200559628423 1 1 494  346    126.07
200559628423 2 2 494  346    126.07
200559628455 1 1 394  344    299.42
200559628523 1 11394  144    299.42
200559628863 1 1 394  144    299.42
200559629020 1 1 394  344    299.42
200559629021 2 1 194  341     15.76
200559629337 1 1 194  444    299.42
200559630141 1 1 394  146    126.07
200559630658 1 1 394  145     63.04
200559630849 4 1 294  346    126.07
200559630943 1 1 394  344    299.42
200559631125 1 1 494  146    126.07
200559631125 2 2 394  146    126.07
200559631125 3 3 394  146    126.07
200559631125 4 4 494  146    126.07
200559631985 1 1 394  144    299.42
200559632404 1 1 494  546    124.87
200559632406 1 1 394  544    280.96
200559632597 1 1 494  343     15.76
200559632813 2 1 394  141     15.76
200559633090 1 1 394  443     15.76
200559633128 1 11294  544    280.96
200559633369 1 1 394  344    299.42
200559633407 1 1 194  344    299.42
200559633413 1 1 494  341     15.76
200559633565 1 11494  144    299.42
200559633721 1 1 394  444    299.42
200559633831 1 1 194  144    299.42
200559633946 1 11394  341     15.76
200559633952 1 1 394  344    299.42
200559633989 1 19994  344    299.42
200559634020 1 1 394  344    299.42
200559634160 1 1 494  144    299.42
200559634426 1 1 394  344    299.42
200559634607 1 1 494  143     15.76
200559634896 1 1 394  544    280.96
200559635024 1 1 394  144    299.42
200559635040 1 1 394  146    126.07
200559635322 1 1 394  344    299.42
200559635422 1 1 394  344    299.42
200559635533 1 1 194  146    126.07
200559635738 1 1 194  544    280.96
200559635941 1 1 394  344    299.42
200559635967 2 1 494  343     15.76
200560603610 2 1 1 9  431      4.80
200560603955 1 1 4 9  231      4.80
200560604227 1 1 3 9 1634    297.45
200560604307 3 1 2 9  432      4.80
200560604877 1 1 4 9  131      4.80
200560604956 1 1 4 9  132      4.80
200560605100 1 1 4 9  131      4.80
200560605149 1 114 9  131      4.80
200560605193 1 1 4 9  136    124.74
200560605204 1 1 3 9  132      4.80
200560605241 1 1 4 9  132      4.80
200560605464 1 1 3 9  831      7.88
200560605464 3 2 4 9  831      7.88
200562401697 1 1 379  143     22.19
200562402084 1 1 179  143     22.19
200562402101 1 1 379  145     66.56
200562402108 1 1 479  141     11.09
200562402145 1 1 379  146    122.03
200562402145 2 2 379  146    122.03
200562402177 1 1 179  144    299.54
200562402237 1 1 179  144    299.54
200562402301 1 1 479  146    122.03
200562402431 3 1 379  142     11.09
200562402505 1 1 379  143     22.19
200562402538 1 1 479  141     11.09
200569901343 1 1 443  336    122.22
200570001176 1 1 343  134    293.32
200570001249 1 11443  134    293.32
200570001419 1 1 443  134    293.32
200570001613 1 1 443  136    122.22
200570002383 1 1 443  135     73.33
200570002914 2 1 243  133     12.22
200570002925 1 11343  136    122.22
200570003167 1 11343  134    293.32
200570003705 2 1 243  133     12.22
200570003706 1 11443  132     12.22
200570004553 1 1 143  132     12.22
200570004553 3 1 143  132     12.22
200570004597 2 1 343  133     12.22
200570005006 1 11443  133     12.22
200570005325 1 19943  134    293.32
200570005762 1 11243  134    293.32
200570006614 1 11443  133     12.22
200570007222 1 1 343  134    293.32
200570007417 1 11143  134    293.32
200570103278 1 11443  232     12.22
200570201750 1 11443  133     12.22
200570201822 2 1 343  132     12.22
200570202323 1 1 443  133     12.22
200570202392 2 11343  136    122.22
200570202567 1 11443  136    122.22
200570202890 1 1 443  136    122.22
200570202890 1 2 443  136    122.22
200570203169 2 1 443  135     73.33
200570203169 2 2 443  135     73.33
200570203842 1 11143  133     12.22
200570204116 1 11343  134    293.32
200570301283 1 1 342  134    295.80
200570400503 2 11142  432      4.17
200570400777 1 1 342  436    124.99
200570400805 1 1 442  431      4.17
200570400819 2 1 442  431      4.17
200578300009 1 1 478  442     55.32
200590505194 1 1 342 1136    130.92
200590505578 2 11242  331      4.17
200590505682 3 1 142  332      4.17
200590505753 1 1 442 1136    130.92
200590506503 4 19942 1131     11.90
200590506805 1 1 642 1134    297.55
200590506805 2 2 342 1134    297.55
200590606972 1 1 447  132     19.61
200590607111 1 1 247  334    294.08
200590607475 2 1 447  731     89.57
200590607602 2 1 147  131     19.61
200590608073 1 1 247  734    268.72
200590608164 2 11447  231     19.61
200590608164 3 21447  231     19.61
200590608289 1 1 347  734    268.72
200590608555 1 1 447  131     19.61
200590609111 1 1 347 1734    360.76
200590609796 1 1 347 1734    360.76
200590610468 1 1 447  131     19.61
200590610541 1 19947 1734    360.76
200590610622 1 1 447  232     19.61
200590610649 1 1 447  436    117.63
200590610976 1 1 447  234    294.08
200590610996 1 1 147  231     19.61
200590611153 1 11347 1034    281.91
200590611897 1 1 447  132     19.61
200590612022 1 1 447  131     19.61
200590612320 1 1 447  132     19.61
200590706804 1 1 350  734    300.90
200590706891 1 1 450  732     13.68
200590706985 1 1 450  533     18.41
200590707692 1 1 150  233     18.41
200590707750 1 1 450  532      4.60
200590707754 2 1 350  736    123.09
200590707754 3 2 350  736    123.09
200590708224 3 1 250  233     18.41
200590708810 1 1 450  536    128.86
200590709029 1 1 450  231      4.60
200590709268 1 1 450  532      4.60
200590709838 1 1 350  233     18.41
200590709838 2 2 250  233     18.41
200590709838 3 31350  233     18.41
200590710041 1 1 150 1036    114.59
200590710461 1 1 250 1034    305.57
200590711029 1 1 250  234    294.53
200593516530 1 11421  411      2.32
200593517063 1 1 221  412      2.32
200593517169 1 1 321  214    294.73
200593517492 1 11421  312      2.32
200593517622 1 1 321  414    294.73
200593518793 1 1 321  914    294.15
200593518812 1 1 221  414    294.73
200593519784 2 1 321  312      2.32
200593520920 2 1 421  211      2.32
200593521082 1 11321 4015     83.80
200593521539 1 11421  914    294.15
200593615101 1 1 131  424    307.62
200593615346 1 1 331  224    307.62
200593615414 1 1 431  326    123.05
200593615418 1 1 331  324    307.62
200593615602 2 1 329  524    307.81
200593615640 1 1 429 1024    243.21
200593615683 1 1 329 1024    243.21
200593615696 1 1 129 1024    243.21
200593615698 1 1 229 1024    243.21
200593615705 1 1 129 1024    243.21
200593615867 1 1 331  326    123.05
200593615882 1 1 331  324    307.62
200593615882 2 2 431  324    307.62
200593615998 2 11431  326    123.05
200593615999 1 1 131  324    307.62
200593616005 1 1 331  324    307.62
200593616044 1 1 331  324    307.62
200593616058 1 1 331  324    307.62
200593616231 1 1 329 1024    243.21
200593616241 1 1 329 1024    243.21
200593616244 1 1 129 1024    243.21
200593616250 1 1 129 1024    243.21
200593616263 3 1 129 1024    243.21
200593616348 1 1 231  324    307.62
200593616372 1 1 431  325     61.52
200593616372 2 2 431  325     61.52
200593616406 1 1 331  424    307.62
200593616450 2 1 429  425     77.96
200593616506 1 11429 1024    243.21
200593616530 1 1 329 1024    243.21
200593616567 1 1 429  426    116.94
200593616639 1 1 329  524    307.81
200593616684 2 11329  426    116.94
200593616724 1 1 329 1026    121.61
200593616730 1 1 129 1024    243.21
200593616774 1 1 431  326    123.05
200593616787 1 1 231  324    307.62
200593616954 1 1 331  324    307.62
200593616972 1 1 431  326    123.05
200593616986 1 1 331  324    307.62
200593617023 2 1 131  426    123.05
200593617060 1 1 231  425     61.52
200593617121 1 1 329  524    307.81
200593617140 1 1 429 1026    121.61
200593617153 1 1 129 1023    121.61
200593617157 1 1 329 1024    243.21
200593617162 1 1 129 1026    121.61
200593617173 2 1 329 1023    121.61
200593617191 1 1 329 1023    121.61
200593617383 1 1 331  324    307.62
200593617419 1 1 331  326    123.05
200593617564 1 1 429  526    131.92
200593617632 2 1 329 1024    243.21
200593617807 3 1 231  426    123.05
200593617813 1 1 231  424    307.62
200593617895 1 1 431  226    123.05
200593617922 1 1 331  324    307.62
200593617925 2 1 131  321     61.52
200593617925 3 2 331  321     61.52
200593617929 1 1 331  324    307.62
200593617987 1 1 331  324    307.62
200593618038 1 1 329  524    307.81
200593618065 1 1 329 1024    243.21
200593618109 1 1 429 1024    243.21
200593618114 1 11229 1024    243.21
200593618115 1 1 229 1026    121.61
200593618197 1 1 329  424    311.85
200593618225 1 1 329 1024    243.21
200593618228 1 1 229 1024    243.21
200593618471 1 1 329  526    131.92
200593618486 1 1 229 1024    243.21
200593618547 3 1 229 1026    121.61
200593618561 1 1 329 1024    243.21
200593618729 1 1 131  624    354.82
200593618759 1 1 331  324    307.62
200593618897 1 1 331  326    123.05
200593618898 1 1 331  324    307.62
200593618904 1 1 431  324    307.62
200593618912 1 1 431  326    123.05
200593618912 2 2 331  326    123.05
200593618915 1 1 331  324    307.62
200593618932 1 1 331  326    123.05
200593618934 1 1 331  324    307.62
200593618939 1 1 331  326    123.05
200593618949 1 1 331  324    307.62
200593619077 1 1 429  524    307.81
200593619164 1 1 329 1024    243.21
200593619176 1 1 329 1024    243.21
200593619435 1 1 431  324    307.62
200593619441 1 1 431  324    307.62
200599101937 1 11224  914    284.46
200599102158 1 11224  914    284.46
200599102188 1 1 124  916    113.78
200599102274 1 1 424  514    290.74
200599102297 1 11424 1214    279.81
200599102426 2 1 424 1216    119.92
