200500050342 1 127  233   18.16
200500050474 1 127  233   18.16
200500051071 1 127  133   18.16
200500051146 1 127  133   18.16
200500051193 1 127  133   18.16
200500051395 1 127  133   18.16
200500051568 1 127  133   18.16
200500051735 1 127  233   18.16
200500051814 1 127  232    9.08
200500051947 1 127  233   18.16
200500052492 1 127  133   18.16
200510408778 1 1 2  613   49.28
200510408960 1 1 2  414  269.43
200510409063 1 1 2  214  298.61
200510409134 1 1 2  913   57.52
200510409395 1 1 2  613   49.28
200510409435 1 1 2  315   81.44
200510409460 1 1 2  213   27.15
200510409887 1 1 2  613   49.28
200510410021 1 1 2  613   49.28
200510410167 1 2 2 1613  106.65
200510410191 1 1 2  313   27.15
200510410275 1 2 2  113   27.15
200510410401 1 1 2 1616  106.65
200510410411 1 1 2  313   27.15
200510410794 1 1 2  414  269.43
200510411209 1 1 2  614  295.68
200510411414 1 1 2  913   57.52
200510411461 1 1 2  313   27.15
200510727553 1 1 3  813   19.86
200510727732 1 1 3 1313   14.76
200510727732 2 1 3 1313   14.76
200510727779 1 1 3  313   20.32
200510727803 1 1 3 2114  291.47
200510727958 1 1 3 1612    7.81
200510728190 1 1 3 2113   14.57
200510728306 1 1 3  314  294.57
200510728583 1 1 3 2113   14.57
200510728728 1 1 3  413   19.90
200510728753 1 1 3  713   20.22
200510728793 1 1 3  113   17.44
200510728823 1 1 3  312    5.08
200510728914 1 1 3 1313   14.76
200510729803 1 9 3 1613   15.62
200510730035 1 1 3  813   19.86
200510730035 2 1 3  813   19.86
200510730071 1 1 3 2114  291.47
200510730092 1 1 3  313   20.32
200510730115 1 1 3  314  294.57
200510730174 1 1 3  712    5.06
200510730249 1 1 3  312    5.08
200510730249 2 1 3  312    5.08
200510730405 1 1 3  813   19.86
200510730482 1 1 3 1013   19.13
200510730532 1 1 3 2113   14.57
200510731151 1 1 3 2113   14.57
200510731206 1 1 3 1614  296.79
200510731433 1 1 3  313   20.32
200510731568 1 1 3 2113   14.57
200510731819 1 1 3 2113   14.57
200510731826 1 1 3 2112   14.57
200510731968 1 1 3 1013   19.13
200510732122 1 1 3  313   20.32
200510732190 1 1 3 2113   14.57
200510732435 1 1 3  313   20.32
200510732462 1 1 3  314  294.57
200510732500 1 1 3 1612    7.81
200510732516 1 1 3  413   19.90
200510732605 1 1 3 1313   14.76
200510732927 1 1 3 1014  296.56
200510733032 1 1 3  813   19.86
200510733208 1 1 3  713   20.22
200510733224 1 1 3 1313   14.76
200510733668 1 2 3 1613   15.62
200510733668 2 1 3 1613   15.62
200510733668 3 1 3 1613   15.62
200510733668 4 1 3 1613   15.62
200510733689 1 1 3 2113   14.57
200510733915 1 1 3  113   17.44
200510733928 1 1 3  115   69.74
200510733928 2 1 3  115   69.74
200510733958 1 1 3 1313   14.76
200510733958 2 1 3 1313   14.76
200510733988 1 2 3 1613   15.62
200510734148 1 1 3 2114  291.47
200510734189 1 1 3  313   20.32
200510734320 1 1 3 1313   14.76
200510734347 1 1 3 1614  296.79
200510734570 1 1 3  413   19.90
200510734705 1 1 3  313   20.32
200510734768 1 9 3  413   19.90
200510734789 1 1 3 2113   14.57
200510734967 1 1 3  713   20.22
200510735076 1 1 3  813   19.86
200510735223 1 1 3 1013   19.13
200510735375 1 1 3 2113   14.57
200510735460 1 1 3 1313   14.76
200510735600 1 1 3  313   20.32
200510736077 1 1 3  813   19.86
200510736358 1 1 3  113   17.44
200510736463 1 1 3  813   19.86
200510736516 1 1 3  313   20.32
200510736546 1 1 3 1013   19.13
200510736572 1 1 3  813   19.86
200510736635 1 1 3  713   20.22
200510736728 1 1 3 2114  291.47
200510737048 1 1 3 1613   15.62
200510737069 1 1 3 2115   72.87
200510737153 1 1 3  413   19.90
200510737153 2 1 3  413   19.90
200510737231 1 1 3  813   19.86
200510737878 1 1 3  713   20.22
200510737903 1 1 3 1613   15.62
200510738071 1 1 3  413   19.90
200511120122 1 1 4  413   13.05
200511120290 1 1 4  213   13.05
200511120793 1 1 4  613   27.14
200511120907 1 1 4  213   13.05
200511121100 1 1 4  213   13.05
200511121527 1 9 4  113   13.05
200511121569 1 1 4  213   13.05
200511121983 1 1 4  213   13.05
200511122839 1 1 4  713   33.92
200511122877 1 2 4  413   13.05
200511122981 1 1 4  713   33.92
200511123123 1 1 4  316  130.47
200511123123 2 1 4  316  130.47
200511123189 1 1 4 1715  121.59
200511123479 1 2 4  713   33.92
200511123484 1 1 4  713   33.92
200511123526 1 1 4  313   13.05
200511123858 1 1 4  213   13.05
200511123933 1 8 4  313   13.05
200511123947 1 1 4  313   13.05
200511124290 1 1 4 1113   59.36
200511124427 1 1 4  213   13.05
200511124592 1 1 4  213   13.05
200511124640 1 1 4  113   13.05
200511124874 1 1 4  313   13.05
200511124890 1 2 4  313   13.05
200511124893 1 1 4  212   13.05
200511125161 1 1 4  113   13.05
200511125251 1 1 4  313   13.05
200511125270 1 1 4  213   13.05
200511125432 1 1 4  213   13.05
200511125516 1 1 4  613   27.14
200511125564 1 1 4  113   13.05
200511125708 1 1 4  613   27.14
200511125710 1 1 4  313   13.05
200511125920 1 8 4  113   13.05
200511125970 1 1 4  313   13.05
200511126140 1 1 4  113   13.05
200511126394 1 1 4  113   13.05
200511126410 1 1 4  613   27.14
200511126416 1 1 4  714  305.29
200511126593 1 1 4  613   27.14
200511126636 1 1 4  616  135.68
200511126770 1 1 4  613   27.14
200511126966 1 1 4  713   33.92
200511127170 1 1 4  613   27.14
200511127186 1 1 4  213   13.05
200511127538 1 1 4  113   13.05
200511128325 1 1 4  113   13.05
200511128567 1 1 4  113   13.05
200511128962 1 1 4  213   13.05
200511504165 1 1 5  813   16.46
200511504452 1 1 5  514  289.30
200511504453 1 1 5  313   16.57
200511504809 1 1 5 1613   22.42
200511505000 1 1 5  513   16.07
200511505131 1 1 5 1113   21.10
200511505831 1 1 5 2214  307.08
200511505832 1 1 5 2213   30.71
200511505963 1 1 5 2713   49.54
200511505972 1 1 5  813   16.46
200511506526 1 1 5 1613   22.42
200511506526 2 1 5 1613   22.42
200511506919 1 1 5 1611   22.42
200511506919 2 1 5 1611   22.42
200512000836 1 1 6 1413   23.24
200512000871 1 1 6 1113   17.88
200512000976 1 1 6  213   19.34
200512404575 1 1 8 4713   58.59
200512404575 2 1 8 4713   58.59
200512404644 1 1 8  213   12.85
200512404802 1 1 8 2213   29.75
200512405023 1 1 811813   98.86
200512405074 1 1 8  513   17.30
200512405226 1 9 811814  296.57
200512405233 1 1 812013   98.86
200512405399 1 1 8 6913   99.48
200512405501 1 1 8  813   17.84
200512405501 2 1 8  813   17.84
200512405507 1 1 812013   98.86
200512405509 1 1 812013   98.86
200512405549 1 2 8 3313   45.15
200512405549 1 3 8 3313   45.15
200512405549 1 8 8 3313   45.15
200512405559 1 1 8 1513   28.38
200512405727 1 1 811814  296.57
200512405886 1 1 8 2213   29.75
200512406086 1 1 8 4713   58.59
200512406222 1 1 8  213   12.85
200512406228 1 1 8  813   17.84
200512406253 1 1 811813   98.86
200512406357 1 1 8  413   12.44
200512500804 1 1 9  533   19.19
200512501333 1 1 9  433   19.19
200512501463 1 1 9  433   19.19
200512501483 1 1 9  433   19.19
200512501528 1 1 9  433   19.19
200513002728 1 1 9  533   19.19
200513002730 1 1 9 1333   24.30
200513002808 1 1 9  836  126.03
200513002808 2 1 9  836  126.03
200513002910 1 1 9  833   15.75
200513003648 1 1 9 1633   27.04
200513004130 1 1 9  533   19.19
200513004501 1 1 9  533   19.19
200513004653 1 3 9  233   19.19
200513004790 1 1 9  433   19.19
200513004797 1 1 9  533   19.19
200513005103 1 1 9  533   19.19
200513005219 1 1 9  433   19.19
200513005460 1 1 9  533   19.19
200513005595 1 1 9  231    4.80
200513005632 1 1 9  533   19.19
200513005671 1 1 9  733   19.19
200513110465 1 142  233   16.67
200513110711 1 142 1033   22.36
200513111735 1 242 1033   22.36
200513111933 1 142  233   16.67
200513112709 1 142  233   16.67
200513112823 1 142 1033   22.36
200513114739 1 942  133   16.67
200513115038 1 142  133   16.67
200513115357 1 142  133   16.67
200513115743 1 142  133   16.67
200513115961 1 142  233   16.67
200513116189 1 142  231    4.17
200513116410 1 142  233   16.67
200513117223 1 142  233   16.67
200513118011 1 142  233   16.67
200513118787 1 142  232    4.17
200513118974 1 142  232    4.17
200513119351 1 142  233   16.67
200513119469 1 142  232    4.17
200513119781 1 142  233   16.67
200513119858 1 142  232    4.17
200513331953 1 110 2423   27.10
200513332716 1 132  123   20.94
200513332807 1 110 1523   13.60
200513333475 1 132  221    2.09
200513333688 1 110  523   15.08
200513333705 1 110  523   15.08
200513336014 1 110  422    2.70
200513336014 2 110  422    2.70
200513336346 1 132  123   20.94
200513336418 1 132  123   20.94
200513336486 1 132  123   20.94
200513337657 1 132  123   20.94
200513338518 1 110  223   18.91
200513339052 1 110  123   18.91
200513339426 1 132  123   20.94
200513339946 1 110 2423   27.10
200513339949 1 110 2423   27.10
200513340563 1 110 1523   13.60
200513340574 1 110 1523   13.60
200513340715 1 210 1723   17.01
200513340856 1 110  523   15.08
200513340856 2 110  523   15.08
200513340936 1 132  223   18.84
200513341208 1 110  123   18.91
200513341864 1 132  124  293.10
200513341903 1 132  123   20.94
200513341962 1 132  123   20.94
200513341988 1 132  123   20.94
200513342100 1 110 1723   17.01
200513342217 1 110  223   18.91
200513342489 1 110  523   15.08
200513343349 1 110 1523   13.60
200513343430 1 110 1523   13.60
200513344494 1 132  123   20.94
200513344645 1 132  123   20.94
200513344660 1 132  124  293.10
200513345066 1 132  123   20.94
200513345086 1 132  123   20.94
200513345144 1 110  323   18.91
200513345841 1 932  123   20.94
200513345843 1 132  123   20.94
200513345898 1 132  123   20.94
200513345932 1 132  123   20.94
200513345940 1 132  123   20.94
200513346145 1 132  124  293.10
200513346148 1 132  123   20.94
200513346164 1 132  123   20.94
200513346165 1 132  123   20.94
200513346165 2 132  123   20.94
200513346214 1 132  123   20.94
200513346222 1 132  123   20.94
200513346296 1 110  523   15.08
200513346342 1 110  523   15.08
200513346364 1 110  523   15.08
200513346611 1 110  123   18.91
200513346835 1 132  123   20.94
200513346881 1 132  123   20.94
200513346904 1 132  123   20.94
200513347630 1 110 2423   27.10
200513347841 1 132  124  293.10
200513347961 1 110  423   18.91
200513348317 1 132  123   20.94
200513348330 1 132  123   20.94
200513348850 1 110 1723   17.01
200513349345 1 110 1523   13.60
200513349357 1 110 1523   13.60
200513349363 1 110 2423   27.10
200513349595 1 132  123   20.94
200513349604 1 132  123   20.94
200513350724 1 132  126  125.62
200513350753 1 132  123   20.94
200513351076 1 110  323   18.91
200513352445 1 132  123   20.94
200513352446 1 132  123   20.94
200513352470 1 132  123   20.94
200513352473 1 132  123   20.94
200513352485 1 132  123   20.94
200513352883 1 110  523   15.08
200513353773 1 132  123   20.94
200513353930 1 110 1523   13.60
200513354613 1 132  123   20.94
200513354614 1 132  123   20.94
200513354650 1 132  123   20.94
200513354697 1 132  123   20.94
200513516129 1 111  123   19.05
200513516440 1 111  323   19.05
200513516733 1 111  223   19.05
200513517137 1 111  126  133.36
200513517159 1 111  223   19.05
200513517955 1 211  423   19.05
200513518236 1 111  523   19.05
200513518383 1 111  223   19.05
200513518471 1 111  223   19.05
200513518553 1 111  123   19.05
200513518990 1 111  523   19.05
200513519404 1 111  223   19.05
200514022884 1 112  523   12.21
200514023681 1 112  123   18.91
200514024197 1 112  122    6.30
200514024197 2 112  122    6.30
200514025072 1 112  123   18.91
200514025094 1 112  223   18.91
200514025305 1 112  923   20.79
200514026440 1 112  123   18.91
200514026643 1 112  123   18.91
200514026643 2 112  123   18.91
200514026743 1 912  923   20.79
200514026778 1 112  123   18.91
200514026991 1 112  123   18.91
200514027210 1 912  523   12.21
200514027698 1 112  321    6.30
200514027892 1 112  123   18.91
200514027966 1 112  923   20.79
200514028487 1 112  123   18.91
200514028537 1 112  323   18.91
200514028793 1 112  123   18.91
200514029069 1 112  123   18.91
200514029347 1 112  123   18.91
200514029347 2 112  123   18.91
200514029401 1 112  923   20.79
200514029443 1 112  125   69.33
200514029633 1 112  123   18.91
200514030040 1 212  523   12.21
200514030331 1 112  124  296.22
200514030648 1 112  523   12.21
200514030840 1 112  923   20.79
200514031493 1 112  923   20.79
200514032001 1 112  423   18.91
200514711936 1 113  323   38.97
200514712054 1 913  624  311.73
200514712173 1 113  523   38.97
200514712472 1 113  123   38.97
200514713033 1 113  123   38.97
200514713301 1 113  323   38.97
200514713522 1 113  623   38.97
200514713586 1 113  523   38.97
200514713838 1 113  526  116.90
200514714153 1 113  223   38.97
200514714216 1 113  423   38.97
200514714354 1 113  323   38.97
200514714390 1 113  223   38.97
200514714401 1 113  223   38.97
200514714483 1 113  523   38.97
200514714595 1 113  523   38.97
200514714773 1 113  223   38.97
200514714773 2 113  223   38.97
200514714819 1 113  423   38.97
200514714847 1 113  223   38.97
200514715064 1 113  124  311.73
200514715151 1 113  223   38.97
200514715417 1 113  623   38.97
200514715496 1 113  723   91.69
200514715527 1 113  323   38.97
200514715531 1 113  223   38.97
200514715546 1 113  624  311.73
200514715569 1 913  523   38.97
200514715573 1 113  523   38.97
200514715648 1 113  523   38.97
200514715785 1 113  123   38.97
200514715869 1 113  124  311.73
200514716020 1 113  223   38.97
200514716044 1 113  124  311.73
200514716252 1 113  123   38.97
200514716659 1 113  323   38.97
200514717652 1 113  623   38.97
200514816980 1 121  513   18.57
200514817327 1 121  513   18.57
200514817720 1 221  514  294.73
200514817846 1 121  513   18.57
200514818340 1 121  513   18.57
200514818613 1 121  513   18.57
200514818693 1 921 1114  298.83
200514819164 1 921  513   18.57
200514819291 1 921  514  294.73
200514819707 1 121  513   18.57
200514819866 1 221 1113   17.58
200514819964 1 121  513   18.57
200514820024 1 121 1113   17.58
200515329940 1 175  543   14.07
200515413342 1 141  133   20.05
200515413619 1 241  233   20.05
200515413755 1 141  132   10.03
200515413756 1 141  133   20.05
200515413780 1 141  233   20.05
200515413799 1 141  233   20.05
200515413867 1 141  133   20.05
200515413876 1 141  133   20.05
200515413889 1 141  133   20.05
200515413895 1 141  133   20.05
200515413998 1 841  133   20.05
200515414025 1 141  133   20.05
200515414025 2 141  133   20.05
200515414038 1 141  133   20.05
200515414166 1 941  133   20.05
200515414187 1 141  133   20.05
200515414226 1 141  233   20.05
200515414320 1 141  233   20.05
200515414320 2 141  233   20.05
200515414359 1 241  133   20.05
200515414421 1 141  233   20.05
200515414444 1 141  233   20.05
200515414517 1 141  133   20.05
200515414543 1 141  133   20.05
200515414654 1 141  133   20.05
200515414675 1 141  133   20.05
200515414711 1 241  233   20.05
200515414759 1 141  233   20.05
200515414771 1 141  233   20.05
200515414777 1 141  233   20.05
200515414834 1 241  133   20.05
200515414867 1 141  133   20.05
200515414961 1 141  233   20.05
200515414961 2 141  233   20.05
200515414984 1 241  233   20.05
200515415012 1 141  132   10.03
200515415092 1 141  133   20.05
200515415210 1 141  133   20.05
200515415294 1 141  233   20.05
200515415553 1 141  133   20.05
200515415658 1 141  133   20.05
200515415793 1 141  233   20.05
200515415828 1 141  133   20.05
200515415858 1 141  133   20.05
200515415916 1 141  133   20.05
200515415921 1 941  133   20.05
200515415941 1 141  233   20.05
200515415941 2 141  233   20.05
200515415969 1 141  233   20.05
200515415997 1 141  233   20.05
200515416006 1 141  133   20.05
200515416080 1 241  133   20.05
200515416259 1 941  133   20.05
200515416273 1 141  133   20.05
200515416294 1 141  133   20.05
200515416651 1 141  133   20.05
200515416678 1 141  133   20.05
200515416792 1 141  133   20.05
200515416911 1 141  133   20.05
200515416934 1 941  133   20.05
200515417066 1 141  133   20.05
200515417266 1 141  133   20.05
200515417390 1 141  333   20.05
200515417410 1 141  133   20.05
200515417445 1 941  133   20.05
200515417499 1 141  133   20.05
200515417638 1 141  133   20.05
200515417691 1 141  133   20.05
200515417735 1 141  133   20.05
200515417738 1 141  233   20.05
200515417795 1 141  233   20.05
200515417807 1 141  234  290.78
200515417939 1 141  133   20.05
200515417996 1 141  133   20.05
200515418050 1 141  132   10.03
200515418373 1 141  133   20.05
200515418384 1 141  133   20.05
200515418528 1 141  133   20.05
200515418558 1 141  133   20.05
200515418605 1 141  233   20.05
200515418657 1 141  133   20.05
200515418809 1 141  333   20.05
200515418830 1 141  133   20.05
200515418932 1 141  133   20.05
200515418952 1 141  133   20.05
200515419073 1 141  133   20.05
200515419148 1 141  133   20.05
200515419162 1 141  132   10.03
200515419171 1 141  233   20.05
200515419191 1 141  233   20.05
200515419191 2 141  233   20.05
200515419242 1 141  133   20.05
200515419258 1 941  133   20.05
200515419289 1 141  133   20.05
200515419309 1 141  134  290.78
200515419337 1 141  233   20.05
200515419367 1 141  233   20.05
200515419454 1 141  133   20.05
200515419471 1 141  233   20.05
200515419577 1 141  133   20.05
200515419590 1 141  133   20.05
200515419592 1 141  133   20.05
200515419686 1 141  234  290.78
200515419696 1 141  233   20.05
200515419696 2 141  233   20.05
200515419696 3 141  233   20.05
200515419696 4 141  233   20.05
200515419755 1 141  133   20.05
200515419831 1 941  133   20.05
200515419864 1 141  133   20.05
200515419877 1 141  133   20.05
200515419893 1 141  133   20.05
200515419903 1 141  333   20.05
200515419956 1 141  233   20.05
200516104827 1 143  433   12.22
200516105132 1 143  333   12.22
200516105489 1 143  433   12.22
200516105733 1 143  233   12.22
200516106091 1 243  233   12.22
200516106186 1 143  633   41.42
200516106508 1 143  636  124.25
200516106585 1 843  333   12.22
200516106775 1 943  333   12.22
200516106886 1 143  433   12.22
200516106896 1 143  633   41.42
200516226678 1 973  926  129.86
200516226683 1 173  923   21.64
200516354270 1 172  123   20.00
200516358186 1 172  223   20.00
200516362930 1 972  623   20.00
200516500580 1 145  133   20.21
200516500692 1 145  133   20.21
200516500936 1 145  133   20.21
200516501270 1 145  133   20.21
200516501564 1 145  133   20.21
200516501904 1 145  233   20.21
200516502062 1 145  133   20.21
200516503528 1 145  333   20.21
200516586349 1 145  133   20.21
200516586674 1 145  133   20.21
200516587068 1 145  233   20.21
200516587578 1 145  133   20.21
200516587720 1 145  133   20.21
200516588098 1 145  133   20.21
200516588842 1 145  133   20.21
200516589529 1 145  133   20.21
200516590114 1 145  133   20.21
200516590426 1 145  233   20.21
200516590471 1 145  133   20.21
200516590661 1 145  133   20.21
200516590899 1 145  133   20.21
200516591406 1 145  233   20.21
200516591406 2 145  233   20.21
200516591817 1 145  133   20.21
200516592117 1 145  133   20.21
200516592657 1 145  233   20.21
200516592864 1 145  233   20.21
200516593688 1 145  133   20.21
200516593748 1 145  133   20.21
200516595414 1 145  133   20.21
200516595762 1 145  133   20.21
200516596329 1 145  133   20.21
200516596416 1 145  133   20.21
200516597118 1 145  233   20.21
200516598054 1 145  133   20.21
200516598191 1 145  133   20.21
200516598775 1 145  233   20.21
200516599224 1 145  133   20.21
200517109790 1 951  133   79.66
200517110087 1 251  134  318.62
200517110150 1 151  133   79.66
200517110323 1 151  133   79.66
200517110438 1 951  133   79.66
200517110459 1 151  133   79.66
200517110499 1 151  133   79.66
200517110572 1 151  133   79.66
200517110866 1 151  133   79.66
200517110879 1 151  135   79.66
200517110932 1 951  134  318.62
200517111022 1 151  233   79.66
200517111023 1 151  233   79.66
200517111034 1 151  133   79.66
200517111155 1 951  133   79.66
200517111333 1 951  233   79.66
200517111372 1 151  133   79.66
200517111533 1 151  134  318.62
200517111670 1 951  133   79.66
200517111747 1 151  133   79.66
200517111813 1 151  134  318.62
200517112091 1 951  133   79.66
200517112227 1 151  133   79.66
200517112307 1 151  133   79.66
200517112399 1 151  133   79.66
200517112459 1 151  133   79.66
200517112459 2 151  133   79.66
200517113025 1 151  133   79.66
200517216260 1 148  333   51.96
200517216284 1 148  433   51.96
200517216603 1 948  133   51.96
200517217241 1 148  231   51.96
200517217503 1 148  133   51.96
200517217574 1 148  333   51.96
200517217680 1 148  233   51.96
200517218682 1 148  133   51.96
200517219072 1 148  133   51.96
200517219113 1 148  333   51.96
200517219167 1 948  533   51.96
200517219361 1 148  133   51.96
200517219379 1 148  133   51.96
200517219394 1 148  133   51.96
200517219733 1 148  233   51.96
200517219969 1 148  133   51.96
200517219980 1 148  136  103.93
200517220099 1 148  233   51.96
200517220474 1 948  133   51.96
200517220646 1 948  133   51.96
200517220739 1 948  333   51.96
200517221066 1 148  333   51.96
200517221314 1 148  133   51.96
200517221373 1 148  233   51.96
200517221919 1 148  133   51.96
200517221920 1 148  133   51.96
200517222029 1 148  432   51.96
200517222029 2 148  432   51.96
200517222259 1 148  133   51.96
200517222352 1 948  233   51.96
200517222447 1 948  133   51.96
200517222561 1 148  133   51.96
200517222886 1 948  433   51.96
200517222895 1 948  434  311.78
200517223390 1 948  133   51.96
200517223634 1 148  134  311.78
200517223834 1 148  133   51.96
200517224057 1 148  133   51.96
200517224459 1 148  133   51.96
200517677708 1 149  133   15.64
200517678305 1 149  133   15.64
200517678323 1 149  133   15.64
200517678627 1 149  133   15.64
200517678820 1 149  133   15.64
200517679117 1 149  133   15.64
200517679261 1 949  133   15.64
200517679275 1 949  132    5.21
200517679318 1 949  133   15.64
200517680301 1 149  132    5.21
200517680427 1 149  133   15.64
200517680608 1 149  133   15.64
200517680823 1 149  131    5.21
200517680938 1 149  133   15.64
200517681001 1 149  133   15.64
200517681058 1 149  133   15.64
200517681061 1 149  133   15.64
200517681667 1 149  133   15.64
200517681717 1 149  133   15.64
200517682308 1 949  132    5.21
200517682591 1 149  133   15.64
200517682722 1 149  133   15.64
200517683334 1 949  133   15.64
200517683970 1 149  133   15.64
200517683979 1 149  133   15.64
200517684081 1 149  133   15.64
200517684164 1 149  133   15.64
200517684243 1 149  132    5.21
200517684262 1 149  133   15.64
200517684559 1 149  133   15.64
200517684808 1 249  133   15.64
200517684932 1 149  133   15.64
200517685305 1 949  133   15.64
200517685357 1 949  133   15.64
200517685484 1 149  133   15.64
200517685605 1 149  133   15.64
200517685701 1 149  133   15.64
200517685819 1 149  133   15.64
200517685819 2 149  133   15.64
200517685963 1 149  133   15.64
200517686131 1 149  133   15.64
200517686266 1 149  133   15.64
200517686676 1 149  133   15.64
200517686716 1 949  133   15.64
200517686854 1 149  133   15.64
200517686966 1 149  133   15.64
200517687021 1 149  133   15.64
200517687238 1 149  133   15.64
200517687551 1 149  133   15.64
200517687727 1 149  132    5.21
200517687727 2 149  132    5.21
200517688070 1 149  133   15.64
200517688111 1 149  133   15.64
200517688252 1 149  133   15.64
200517688363 1 149  133   15.64
200517688386 2 149  133   15.64
200517688984 1 149  133   15.64
200517689636 1 149  133   15.64
200517689986 1 149  133   15.64
200518324406 1 973  124  296.48
200518446228 1 172  123   20.00
200518447011 1 972  323   20.00
200518447244 1 972  623   20.00
200518447813 1 172  123   20.00
200518447820 1 172  123   20.00
200518448177 1 972  423   20.00
200518448408 1 972  223   20.00
200518448488 1 972  323   20.00
200518448724 1 172  423   20.00
200518448730 1 972  423   20.00
200518448885 1 172  123   20.00
200518448889 1 172  123   20.00
200518449123 1 172  623   20.00
200518449211 1 172  123   20.00
200518449215 1 172  123   20.00
200518449562 1 172  423   20.00
200518449625 1 172  123   20.00
200518449629 1 172  123   20.00
200518449748 1 172  223   20.00
200518450240 1 972  421    5.00
200518450388 1 972  623   20.00
200518450411 1 972  423   20.00
200518450631 4 172  721    2.00
200518450741 1 172  223   20.00
200518450816 1 172  323   20.00
200518450888 1 172  323   20.00
200518451359 1 172  423   20.00
200518451359 2 172  423   20.00
200518451387 1 172  123   20.00
200518451630 1 172  623   20.00
200518451686 1 172  423   20.00
200518451861 1 172  623   20.00
200518452639 1 172  623   20.00
200518452829 1 172  323   20.00
200518452843 1 172  323   20.00
200518453155 1 172  123   20.00
200518453412 1 972  323   20.00
200518453467 1 172  122    5.00
200518453467 2 172  122    5.00
200518453468 1 972  123   20.00
200518453852 1 972  323   20.00
200518453856 1 172  323   20.00
200518454059 1 972  623   20.00
200518454454 1 972  122    5.00
200518454501 1 172  423   20.00
200518454573 1 172  223   20.00
200518454577 1 972  223   20.00
200518454774 1 172  623   20.00
200518454778 1 172  623   20.00
200518455016 1 172  223   20.00
200518455112 1 972  123   20.00
200518455268 1 972  123   20.00
200518455389 1 972  623   20.00
200518455442 1 972  423   20.00
200518455742 1 172  323   20.00
200518455746 1 172  323   20.00
200518456059 1 972  323   20.00
200518456397 1 972  623   20.00
200518456405 1 972  623   20.00
200518456552 1 372  323   20.00
200518456609 1 172  223   20.00
200518456834 1 172  223   20.00
200518456842 1 172  223   20.00
200518456934 1 972  323   20.00
200518457452 1 172  223   20.00
200518457548 1 172  123   20.00
200518457617 1 172  423   20.00
200518457711 1 172  223   20.00
200518457996 1 172  123   20.00
200518458153 1 172  123   20.00
200518458289 1 172  323   20.00
200518458293 1 172  323   20.00
200518458484 1 972  123   20.00
200518458636 1 972  623   20.00
200518458683 1 172  423   20.00
200518458687 1 172  423   20.00
200518458978 1 172  223   20.00
200518459159 1 172  123   20.00
200518459634 1 972  123   20.00
200518459818 1 172  223   20.00
200518459822 1 172  223   20.00
200518459954 1 172  423   20.00
200518460184 1 172  123   20.00
200518460522 1 972  323   20.00
200518460526 1 972  323   20.00
200518460649 1 172  123   20.00
200518460928 1 172  223   20.00
200518460932 1 172  223   20.00
200518461028 1 172  123   20.00
200518461111 1 172  223   20.00
200518461119 1 172  223   20.00
200518461378 1 172  423   20.00
200518461384 1 972  422    5.00
200518461466 1 972  323   20.00
200518461616 1 172  223   20.00
200518461634 1 172  123   20.00
200518461815 1 172  323   20.00
200518461819 1 972  323   20.00
200518462021 1 172  423   20.00
200518462291 1 172  423   20.00
200518462439 1 972  423   20.00
200518462443 1 972  423   20.00
200518462447 1 972  423   20.00
200518463070 1 972  123   20.00
200518463110 1 272  123   20.00
200518463191 1 172  123   20.00
200518463563 1 172  223   20.00
200518463567 1 172  223   20.00
200518463571 1 172  223   20.00
200518463798 1 172  323   20.00
200518463802 1 172  323   20.00
200518463933 1 972  123   20.00
200518463937 1 172  123   20.00
200518464047 1 172  123   20.00
200518464354 1 172  423   20.00
200518464358 1 172  423   20.00
200518464872 1 972  423   20.00
200518464877 1 972  423   20.00
200518465337 1 972  722    2.00
200518465579 1 972  222    5.00
200518465774 1 972  623   20.00
200518465927 1 972  323   20.00
200518465938 1 972  322    5.00
200518466060 1 972  423   20.00
200518466155 1 172  623   20.00
200518466161 1 972  623   20.00
200518466425 1 172  423   20.00
200518466562 1 172  423   20.00
200518466759 1 172  623   20.00
200518467118 1 972  323   20.00
200518467316 1 172  223   20.00
200518467839 1 172  423   20.00
200518468566 1 172  323   20.00
200518468642 1 172  423   20.00
200518468716 1 172  123   20.00
200518469504 1 172  323   20.00
200518922034 1 973  323   16.47
200518922916 1 173  223   16.47
200518922916 2 173  223   16.47
200518923482 1 173  923   21.64
200518924108 1 173  923   21.64
200518924521 1 173 1023   31.93
200518924604 1 173  523   20.25
200518924682 1 973  123   16.47
200518925159 1 173  223   16.47
200518925617 1 173  223   16.47
200518925766 1 173  923   21.64
200518925975 1 173  223   16.47
200518926425 1 273  223   16.47
200518926814 1 973  323   16.47
200518926986 1 973  923   21.64
200518927038 1 973  223   16.47
200518927052 1 173  223   16.47
200518927497 1 973 1023   31.93
200518927630 1 173  123   16.47
200518927937 1 173  223   16.47
200518928543 1 173  223   16.47
200518928609 1 173  123   16.47
200518928860 1 173  223   16.47
200518929052 1 173  223   16.47
200518929369 1 173  223   16.47
200518929798 1 173  222    5.49
200518929804 1 173  223   16.47
200518930065 1 973  123   16.47
200518930065 2 973  123   16.47
200518930117 1 173 1024  287.33
200518930206 1 173  222    5.49
200518930653 1 173  123   16.47
200518930838 1 173  123   16.47
200518930989 1 173  923   21.64
200518931339 1 173 1023   31.93
200518932262 1 173  523   20.25
200518932276 1 173  223   16.47
200519003310 1 975  543   14.07
200519003501 1 175  444  298.78
200519003570 1 175  443   16.15
200519003740 1 975  343   16.15
200519003951 1 975  543   14.07
200519004121 1 175  543   14.07
200519004225 1 175  443   16.15
200519327413 1 974  123   16.70
200519327413 2 974  123   16.70
200519328219 1 174  123   16.70
200519328784 1 174  123   16.70
200519329750 1 974  122    4.18
200519330291 1 174  123   16.70
200519330886 1 974  123   16.70
200519331995 1 174  123   16.70
200519332577 1 974  222    4.18
200519333267 1 174  123   16.70
200519333584 1 974  123   16.70
200519333800 1 974  923   16.70
200519333800 2 974  923   16.70
200519333800 3 974  923   16.70
200519334416 1 974  123   16.70
200519334536 1 974  923   16.70
200519335005 1 974  923   16.70
200519335142 1 174  123   16.70
200519336425 1 174  123   16.70
200519337695 1 174  123   16.70
200519337771 1 174  923   16.70
200519337771 2 174  923   16.70
200520145546 1 175  243   16.15
200520145588 1 175  243   16.15
200520145938 1 175  243   16.15
200520147100 1 175  243   16.15
200520147264 1 975  243   16.15
200520147555 1 175  243   16.15
200520147561 1 175  244  298.78
200520147623 1 975  244  298.78
200520147899 1 175  443   16.15
200520147922 1 175  443   16.15
200520147937 1 175  243   16.15
200520148198 1 175  243   16.15
200520148466 1 175  243   16.15
200520148671 1 175  243   16.15
200520148897 1 975  243   16.15
200520148970 1 175  243   16.15
200520149047 1 975  243   16.15
200520149217 1 275  143   16.15
200520149253 1 175  243   16.15
200520149267 1 175  243   16.15
200520149398 1 175  243   16.15
200520149812 1 175  143   16.15
200520149854 1 175  443   16.15
200520149862 1 175  243   16.15
200520150192 1 275  143   16.15
200520150429 1 175  143   16.15
200520151256 1 175  243   16.15
200520457056 1 972  423   20.00
200520504921 1 176  344  315.87
200520505134 1 176 1843  105.29
200520505216 1 176  443  105.29
200520505597 1 976  344  315.87
200520505707 1 976  344  315.87
200520505765 1 176  443  105.29
200520505948 1 176  743  300.83
200520505983 1 976  243  105.29
200520506177 1 176  446  105.29
200520506204 1 976  343  105.29
200520506206 1 976  344  315.87
200520506235 1 176  143  105.29
200520506342 1 176  343  105.29
200520506528 1 976  443  105.29
200520506746 1 176  243  105.29
200520506834 1 176  343  105.29
200520506952 1 176  146  105.29
200520506972 1 976  343  105.29
200520507010 1 976  743  300.83
200520830366 1 196 2043   18.36
200520830406 1 196 2043   18.36
200520830912 1 197  343   13.34
200520831468 1 196  143   18.00
200520831777 1 296 2043   18.36
200520832256 1 196 4343   15.95
200520832312 1 996  343   18.00
200520832625 1 996 2043   18.36
200520832687 1 196 4344  287.12
200520833117 1 197  343   13.34
200520834218 1 196 1143   19.66
200520834218 2 196 1143   19.66
200520834218 3 196 1143   19.66
200520834432 1 297  243   13.34
200520834740 1 196  843   15.51
200520834954 1 196  643   18.37
200520835283 1 196  843   15.51
200520835598 1 197  343   13.34
200520835611 1 297  343   13.34
200520835847 1 196 1843   20.22
200520835944 1 196  143   18.00
200520836496 1 996 1143   19.66
200520836944 1 197  344  293.42
200520837356 1 196 3343   19.19
200520837400 1 996 4343   15.95
200520837419 1 196 4343   15.95
200520837728 1 196  343   18.00
200520838731 1 196  143   18.00
200520839621 1 996 2043   18.36
200520840331 1 197  443   13.34
200520840349 1 197  443   13.34
200520840376 1 197  543   20.54
200520840473 1 197  343   13.34
200520840482 1 197  343   13.34
200520840508 1 197  343   13.34
200520840967 1 997  343   13.34
200520841068 1 997  143   13.34
200520841372 1 196 1143   19.66
200520841544 1 196 4343   15.95
200520841885 1 196  644  293.86
200520841930 1 196 1843   20.22
200520842015 1 196  843   15.51
200520842233 1 196 2043   18.36
200520842296 1 197  343   13.34
200520842332 1 197  343   13.34
200520842332 2 197  343   13.34
200520842398 1 197  443   13.34
200520842404 1 197  543   20.54
200520842729 1 196 1143   19.66
200520843208 1 297  243   13.34
200520843487 1 196 2043   18.36
200520843516 1 196  842    7.75
200520844180 1 196  143   18.00
200520844180 2 196  143   18.00
200520844381 1 196 4343   15.95
200520844389 1 196 4343   15.95
200520844894 1 196  843   15.51
200520845032 1 197  142   13.34
200520845032 2 197  142   13.34
200520845860 1 196  643   18.37
200520845981 1 196 1843   20.22
200520902362 1 178  243   55.32
200520902374 1 178  243   55.32
200520902705 1 978  243   55.32
200520902785 1 178  243   55.32
200520902922 1 178  243   55.32
200520903356 1 978  243   55.32
200520903595 1 178  243   55.32
200521001561 1 179  143   22.19
200521001631 1 179  143   22.19
200521001704 1 979  143   22.19
200521001704 2 979  143   22.19
200521001758 1 179  143   22.19
200521001815 1 179  143   22.19
200521001843 1 979  143   22.19
200521001864 1 179  143   22.19
200521001934 1 179  143   22.19
200521001955 1 179  143   22.19
200521001962 1 179  143   22.19
200521115802 1 179  743   22.19
200521116115 1 179  743   22.19
200521116151 1 179  743   22.19
200521116260 1 979  743   22.19
200521116264 1 179  743   22.19
200521116465 1 179  743   22.19
200521116632 1 179  743   22.19
200521117051 1 179  743   22.19
200521117061 1 179  743   22.19
200521117193 1 179  242    1.66
200521117312 1 179  743   22.19
200521117601 1 179  743   22.19
200521117642 1 179  746  122.03
200521117647 1 179  743   22.19
200521117789 1 279  743   22.19
200521118025 1 179  743   22.19
200521118034 1 879  743   22.19
200521118166 1 179  743   22.19
200521118208 1 979  743   22.19
200521118544 1 179  743   22.19
200521118709 1 179  743   22.19
200521118736 1 179  743   22.19
200521118746 1 179  743   22.19
200521118940 1 179  743   22.19
200521119191 1 979  743   22.19
200521119315 1 279  743   22.19
200521119329 1 179  743   22.19
200521119342 1 179  743   22.19
200521119373 1 179  743   22.19
200521119535 1 179  743   22.19
200521119698 1 179  743   22.19
200521119904 1 179  743   22.19
200521119958 1 179  743   22.19
200521120065 1 179  743   22.19
200521120125 1 179  743   22.19
200521120249 1 979  743   22.19
200521120371 1 179  743   22.19
200521120407 1 179  743   22.19
200521120551 1 979  743   22.19
200521120810 1 179  744  299.54
200521120812 1 179  743   22.19
200521120952 1 979  743   22.19
200521120960 1 979  743   22.19
200521121112 1 179  743   22.19
200521121242 1 179  744  299.54
200521121349 1 179  743   22.19
200521121749 1 179  243   18.31
200521122143 1 179  743   22.19
200521122162 1 179  743   22.19
200521122205 1 179  744  299.54
200521122518 1 179  743   22.19
200521305104 1 179  645   67.69
200521305883 1 179  743   22.19
200521305896 1 179  743   22.19
200521701283 1 979  143   22.19
200521701332 1 979  143   22.19
200521701382 1 179  143   22.19
200521701416 1 979  143   22.19
200521701457 1 179  143   22.19
200521701610 1 179  144  299.54
200521701654 1 179  143   22.19
200521800428 1 179  144  299.54
200521800432 1 179  143   22.19
200521800635 1 979  143   22.19
200521800688 1 179  143   22.19
200521800821 1 979  143   22.19
200522026504 1 181  543   16.83
200522026704 1 181  143   19.23
200522027880 1 281  143   19.23
200522029151 1 181  143   19.23
200522031026 1 181  343   16.83
200522031120 1 181  142    4.81
200522031579 1 181  143   19.23
200522032203 1 281  743   15.56
200522032842 1 281  143   19.23
200522033177 1 281  443   16.83
200522033333 1 181  343   16.83
200522034112 1 981  343   16.83
200522034264 1 181  443   16.83
200522036003 1 281  343   16.83
200522036293 1 181 1143   21.31
200522036375 1 881  143   19.23
200522036510 1 181  241    4.81
200522036510 2 181  241    4.81
200522037600 1 181  343   16.83
200522037705 1 181  143   19.23
200522038082 1 181  143   19.23
200522038940 1 181  443   16.83
200522041414 1 181  743   15.56
200522332004 1 982  143   16.42
200522332020 1 182  143   16.42
200522332176 1 182  143   16.42
200522332431 1 182  143   16.42
200522332759 1 182  143   16.42
200522332785 1 182  143   16.42
200522332807 1 282  143   16.42
200522333003 1 282  143   16.42
200522333045 1 282  143   16.42
200522333082 1 182  143   16.42
200522333497 1 182  143   16.42
200522333720 1 182  143   16.42
200522333885 1 982  143   16.42
200522333891 1 982  143   16.42
200522333915 1 982  143   16.42
200522334032 1 982  143   16.42
200522334218 1 182  143   16.42
200522334290 1 282  143   16.42
200522334350 1 182  143   16.42
200522334360 1 182  143   16.42
200522334525 1 182  143   16.42
200522334643 1 182  143   16.42
200522335575 1 282  143   16.42
200522335801 1 182  143   16.42
200522335873 1 182  143   16.42
200522335911 1 282  143   16.42
200522336130 1 982  143   16.42
200522336172 1 282  143   16.42
200522336253 1 982  143   16.42
200522336430 1 182  143   16.42
200522336555 1 182  143   16.42
200522336917 1 182  143   16.42
200522337228 1 182  143   16.42
200522337267 1 982  144  295.49
200522337304 1 182  143   16.42
200522337326 1 182  143   16.42
200522337392 1 182  143   16.42
200522337392 2 182  143   16.42
200522337600 1 182  143   16.42
200522337655 1 282  142    5.47
200522337882 1 182  143   16.42
200522337924 1 182  143   16.42
200522338152 1 182  143   16.42
200522338197 1 182  145   71.14
200522338249 1 282  143   16.42
200522338264 1 282  143   16.42
200522338343 1 282  143   16.42
200522338343 2 982  143   16.42
200522338343 3 982  143   16.42
200522338550 1 282  143   16.42
200522338631 1 982  143   16.42
200522338700 1 182  143   16.42
200522339061 1 282  143   16.42
200522339371 1 182  143   16.42
200522339381 1 182  143   16.42
200522339564 1 182  143   16.42
200522339655 1 182  144  295.49
200522339664 1 182  143   16.42
200522339695 1 182  143   16.42
200522340363 1 182  143   16.42
200522340444 1 182  143   16.42
200522340735 1 282  143   16.42
200522341038 1 182  145   71.14
200522341045 1 182  143   16.42
200522341105 1 282  143   16.42
200522341385 1 282  143   16.42
200522341540 1 282  144  295.49
200522341676 1 182  144  295.49
200522341720 1 182  143   16.42
200522341758 1 182  142    5.47
200522341764 1 282  143   16.42
200522341777 1 182  143   16.42
200522341790 1 282  143   16.42
200522342094 1 182  143   16.42
200522342374 1 282  143   16.42
200522342396 1 282  143   16.42
200522342425 1 282  143   16.42
200522342720 1 282  143   16.42
200522342728 1 182  143   16.42
200522342988 1 282  143   16.42
200522342995 1 182  143   16.42
200522343014 1 182  143   16.42
200522343018 1 182  143   16.42
200522343315 1 182  143   16.42
200522343347 1 282  143   16.42
200522343357 1 182  143   16.42
200522343657 1 182  143   16.42
200522343664 1 282  142    5.47
200522343975 1 282  143   16.42
200522343995 1 182  143   16.42
200522344021 1 182  143   16.42
200522344098 1 182  144  295.49
200522344301 1 282  143   16.42
200522344601 1 182  143   16.42
200522344639 1 982  142    5.47
200522344653 1 282  142    5.47
200522345017 1 182  143   16.42
200522345026 1 182  143   16.42
200522345261 1 182  143   16.42
200522345289 1 182  143   16.42
200522345298 1 282  143   16.42
200522345316 1 182  143   16.42
200522345327 1 182  143   16.42
200522345344 1 182  143   16.42
200522345620 1 282  146  125.86
200522345653 1 182  143   16.42
200522345997 1 182  143   16.42
200522346035 1 282  143   16.42
200522346076 1 282  143   16.42
200522346076 1 882  143   16.42
200522346395 1 182  143   16.42
200522346427 1 282  143   16.42
200522346468 1 182  143   16.42
200522346480 1 182  143   16.42
200522346497 1 282  143   16.42
200522346660 1 182  143   16.42
200522346693 1 182  143   16.42
200522346808 1 182  143   16.42
200522346887 1 182  144  295.49
200522347039 1 182  143   16.42
200522347062 1 182  143   16.42
200522347074 1 182  143   16.42
200522347082 1 282  143   16.42
200522347106 1 182  143   16.42
200522347518 1 982  142    5.47
200522347576 1 182  143   16.42
200522347687 1 182  144  295.49
200522347706 1 182  243   16.42
200522347843 1 182  143   16.42
200522347875 1 182  143   16.42
200522348218 1 182  143   16.42
200522348261 1 182  143   16.42
200522348589 1 182  143   16.42
200522348594 1 282  143   16.42
200522348594 1 382  143   16.42
200522348620 1 182  143   16.42
200522348650 1 282  143   16.42
200522348968 1 182  143   16.42
200522348999 1 182  143   16.42
200522349033 1 182  142    5.47
200522349057 1 182  142    5.47
200522349198 1 182  243   16.42
200522349312 1 182  143   16.42
200522349339 1 182  143   16.42
200523000292 1 142  133   16.67
200523000292 2 142  133   16.67
200523000369 1 142  133   16.67
200523000433 1 142  132    4.17
200523000501 1 142  133   16.67
200523000540 1 142  133   16.67
200523000765 1 142  133   16.67
200523000923 1 142  133   16.67
200523000967 1 142  133   16.67
200523001184 1 242  133   16.67
200523001455 1 142  133   16.67
200523001701 1 142  133   16.67
200523001823 1 142  133   16.67
200523001950 1 142  133   16.67
200523001955 1 142  132    4.17
200523001995 1 142  134  295.80
200523002236 1 142  133   16.67
200523002266 1 142  132    4.17
200523002535 1 142  133   16.67
200523002565 1 142  133   16.67
200523002867 1 142  133   16.67
200523002936 1 142  133   16.67
200523003018 1 142  133   16.67
200523003119 1 142  133   16.67
200523003173 1 142  133   16.67
200523003238 1 142  133   16.67
200523003410 1 142  133   16.67
200523003472 1 142  133   16.67
200523003523 1 142  133   16.67
200523003608 1 142  133   16.67
200523003650 1 942  133   16.67
200524105907 1 147  133   19.61
200524602409 1 150  233   18.41
200524602519 1 150  233   18.41
200524602706 1 150  733   13.68
200524602749 1 950  133   18.41
200524602847 1 150  133   18.41
200524602937 1 150 1033   38.20
200524603021 1 150  133   18.41
200524800145 1 175  543   14.07
200524800214 1 275  443   16.15
200524800236 1 275  543   14.07
200526805521 1 111  323   19.05
200526805580 1 111  323   19.05
200526805669 1 111  323   19.05
200526900128 1 211  123   19.05
200526900128 2 211  123   19.05
200526900129 1 111  123   19.05
200526900292 1 111  123   19.05
200526900416 1 911  123   19.05
200526900496 1 111  323   19.05
200526900516 1 111  323   19.05
200526900530 1 911  323   19.05
200526900607 1 911  323   19.05
200526900752 1 111  323   19.05
200526900847 1 111  323   19.05
200526900858 1 211  323   19.05
200526900971 1 111  323   19.05
200526901092 1 111  323   19.05
200526901117 1 111  323   19.05
200526901139 1 211  323   19.05
200526901288 1 111  323   19.05
200526901357 1 111  323   19.05
200526901432 1 111  323   19.05
200526901461 1 211  323   19.05
200526901462 1 111  323   19.05
200526901669 1 111  323   19.05
200526901700 1 111  323   19.05
200526901807 1 111  323   19.05
200526901913 1 211  323   19.05
200526901930 1 211  323   19.05
200526901930 2 211  323   19.05
200526902137 1 111  323   19.05
200526902248 1 111  323   19.05
200526902465 1 111  323   19.05
200527906450 1 1 9  633   19.19
200527906673 1 1 9  633   19.19
200527907480 1 1 9  633   19.19
200527907687 1 1 9  633   19.19
200527907709 1 1 9  631    4.80
200529102434 1 1 9 1333   24.30
200529102547 1 1 9  833   15.75
200529102943 1 1 9 1333   24.30
200529103282 1 1 9  833   15.75
200529103295 1 1 9 1333   24.30
200529103653 1 1 9  333   19.19
200529103813 1 1 9 1333   24.30
200529104067 1 1 9 1333   24.30
200529915916 1 1 1  113   33.89
200529916250 1 1 1  113   33.89
200529916253 1 1 1  113   33.89
200529916440 1 1 1  113   33.89
200529916473 1 9 1  416  135.55
200529916553 1 1 1  813   33.89
200529916573 1 1 1  113   33.89
200529916713 1 1 1  813   33.89
200529916736 1 1 1  113   33.89
200529916799 1 2 1  413   33.89
200529917278 1 1 1  213   33.89
200529917344 1 1 1  413   33.89
200529917471 1 1 1  113   33.89
200529917550 1 1 1  213   33.89
200529917674 1 2 1  413   33.89
200529917892 1 1 1  112   33.89
200529917900 1 1 1  113   33.89
200530010222 1 1 7  513   19.32
200530010407 1 1 7  313   18.79
200530010438 1 1 7 1613   76.73
200530010590 1 1 7  213   18.79
200530010797 1 1 7 1013   52.04
200530011004 1 1 7  113   18.79
200530011231 1 1 7 1613   76.73
200530011263 1 1 7  313   18.79
200530011364 1 2 7  313   18.79
200530011588 1 1 7  111    9.40
200530011665 1 1 7  313   18.79
200530011848 1 1 7 1014  312.22
200530011883 1 1 7  313   18.79
200530012002 1 1 7 1016  104.07
200530012096 1 1 7  313   18.79
200530012192 1 1 7 1014  312.22
200530012218 1 1 7  513   19.32
200530012242 1 2 7  513   19.32
200530012255 1 2 7  313   18.79
200530012255 1 3 7  313   18.79
200530012255 1 8 7  313   18.79
200530012309 1 1 7  113   18.79
200530012375 1 1 7 1015   52.04
200530012418 1 1 7  513   19.32
200530012432 1 1 7  113   18.79
200530012469 1 1 7 1614  306.94
200530012594 1 1 7 1013   52.04
200530012700 1 1 7  313   18.79
200530012769 1 1 7  313   18.79
200530228300 1 123  214  295.06
200530228501 1 123  113   21.38
200530228793 1 123  115   64.14
200530228881 1 123  113   21.38
200530229103 1 123  614  297.76
200530229417 1 123  113   21.38
200530229964 1 123  613   17.87
200530230375 1 123  412    2.14
200530230656 1 123  112   21.38
200530230656 2 123  112   21.38
200530230656 3 123  112   21.38
200530231205 1 923  414  295.06
200530231549 1 123  113   21.38
200530231632 1 123  113   21.38
200530231885 1 123  116  128.29
200530232160 1 123  113   21.38
200530232217 1 123  113   21.38
200530232349 1 923  413   17.11
200530232437 1 123  213   17.11
200530232714 1 123  113   21.38
200530232763 1 123  613   17.87
200530233110 1 123  113   21.38
200530233124 1 123  113   21.38
200530233196 1 923  113   21.38
200530233347 1 123  212    2.14
200530233496 1 123  113   21.38
200530233649 1 923  213   17.11
200530233715 1 123  113   21.38
200530233894 1 123  113   21.38
200530234024 1 123  113   21.38
200530234030 1 123  113   21.38
200530234039 1 123  114  299.33
200530234068 1 123  114  299.33
200530234131 1 123  113   21.38
200530234269 1 123  413   17.11
200530234269 2 123  413   17.11
200530234324 1 123  113   21.38
200530234343 1 923  113   21.38
200530234475 1 123  414  295.06
200530234575 1 123  913   21.42
200530234943 1 123  111   21.38
200530234986 1 123  113   21.38
200530235082 1 923  213   17.11
200530235210 1 123  113   21.38
200530235269 1 123  113   21.38
200530236017 1 123  113   21.38
200530301905 1 125  614  284.30
200530322282 1 124  714  295.61
200530322307 1 125  213   12.07
200530322307 2 125  213   12.07
200530322414 1 124  216  133.37
200530322435 1 124 1213   39.97
200530322554 1 125  313   12.07
200530322770 1 124  913   28.45
200530322800 1 124 1214  279.81
200530322841 1 125 1413  107.09
200530323042 1 125 1413  107.09
200530323042 2 125 1413  107.09
200530323042 3 125 1413  107.09
200530323049 1 125 1413  107.09
200530323054 1 125 1413  107.09
200530323065 1 125  313   12.07
200530323076 1 125  714  316.21
200530323105 1 125  113   12.07
200530323105 2 125  113   12.07
200530323123 1 125  313   12.07
200530323166 1 125  215   72.42
200530323256 1 124 1213   39.97
200530323383 1 124  213   16.67
200530323433 1 125  113   12.07
200530323448 1 125  213   12.07
200530323486 1 125  613   40.61
200530323511 1 125 1414  321.28
200530323529 1 124  914  284.46
200530323553 1 124  514  290.74
200530323572 1 124 1214  279.81
200530323575 1 124 1213   39.97
200530323583 1 124  213   16.67
200530323790 1 125  713   45.17
200530323806 1 125  313   12.07
200530323808 1 125  313   12.07
200530323851 1 125  613   40.61
200530323978 1 124  213   16.67
200530324104 1 124 1213   39.97
200530324133 1 124  914  284.46
200530324189 1 124  113   16.72
200530324346 1 124  713   17.39
200530324442 1 125  213   12.07
200530324442 2 125  213   12.07
200530324467 1 125  213   12.07
200530324525 1 124  113   16.72
200530324541 1 124  213   16.67
200530324728 1 125  213   12.07
200530324911 1 124 1214  279.81
200530324926 1 224 1213   39.97
200530325013 1 125  213   12.07
200530325132 1 125  113   12.07
200530325183 1 125  713   45.17
200530325193 1 125  613   40.61
200530325214 1 124  514  290.74
200530325254 1 124  915   56.89
200530325318 1 125  213   12.07
200530325365 1 125  113   12.07
200530325431 1 124  113   16.72
200530325449 1 124  913   28.45
200530325713 1 125  713   45.17
200530325744 1 125  113   12.07
200530325777 1 125  613   40.61
200530325842 1 124  713   17.39
200530325891 1 125  113   12.07
200530325927 1 125  213   12.07
200530326234 1 124 1213   39.97
200530326323 1 124  913   28.45
200530326324 1 124  913   28.45
200530326474 1 124 1213   39.97
200530326484 1 124 1213   39.97
200530326519 1 124  115   66.88
200530326676 1 124  113   16.72
200530326724 1 124 1213   39.97
200530326724 2 124 1213   39.97
200530326760 1 124  913   28.45
200530326827 1 124  915   56.89
200530326922 1 125  713   45.17
200530326997 1 125  613   40.61
200530327011 1 125  113   12.07
200530327032 1 125  713   45.17
200530327071 1 124  713   17.39
200530327194 1 124  214  300.08
200530327232 1 125  613   40.61
200530327237 1 125  614  284.30
200530327346 1 124 1213   39.97
200530327351 1 125  213   12.07
200530327358 1 125 1414  321.28
200530327377 1 125  713   45.17
200530327426 1 124  213   16.67
200530327442 1 124  113   16.72
200530327482 1 125  113   12.07
200530327511 1 125 1413  107.09
200530327632 1 124 1213   39.97
200530327644 1 125  713   45.17
200530327652 1 125  313   12.07
200530327842 1 124 1213   39.97
200530327972 1 125  313   12.07
200530328127 1 125  713   45.17
200530328243 1 125 1413  107.09
200530328261 1 125  613   40.61
200530328436 1 124 1213   39.97
200530328438 1 124  913   28.45
200530328488 1 124  513   17.10
200530328507 1 125  213   12.07
200530441544 1 133  623   18.75
200530443033 1 133  323   18.47
200530445360 1 133  323   18.47
200530445671 1 133  823   18.77
200530446253 1 133 1223   22.27
200530447406 1 133  823   18.77
200530447602 1 233  122    4.62
200530447885 1 133 1623   22.77
200530448174 1 133  323   18.47
200530448330 1 133  223   18.47
200530448442 1 133  824  293.99
200530449145 1 133  823   18.77
200530450574 1 133  124  295.46
200530450891 1 133  623   18.75
200530842533 1 191  423   16.49
200530843255 1 991 1523   15.50
200530844395 1 191 5523   16.07
200530844636 1 19111323   30.41
200530844775 1 991 3223   20.73
200530845287 1 191  723   16.98
200530845828 1 991 4623   14.80
200530845942 1 191  123   16.76
200530846038 1 991 1523   15.50
200530846165 1 191  323   16.92
200530846234 1 191 5523   16.07
200530846282 1 991  723   16.98
200530846638 1 99111222   30.41
200530846827 1 991 4623   14.80
200530847449 1 991  323   16.92
200530847878 1 191  923   19.88
200530848230 1 191 1523   15.50
200530848275 1 991 6723   21.53
200530848435 1 191 2423   15.04
200530848507 1 991  123   16.76
200530848602 1 991  923   19.88
200530848741 1 191 5523   16.07
200530848742 1 191 5523   16.07
200530848743 1 191 5523   16.07
200530848751 1 191 5523   16.07
200530848759 1 991 5523   16.07
200530848798 1 191 5523   16.07
200530849030 1 191  323   16.92
200530849073 1 191  323   16.92
200530849103 1 191  323   16.92
200530849185 1 191 4623   14.80
200530849189 1 191 4623   14.80
200530849363 1 99111323   30.41
200530849396 1 99111223   30.41
200530849463 1 991  423   16.49
200530849518 1 191  423   16.49
200530849731 1 991 1923   20.39
200530850036 1 191  923   19.88
200530850337 1 191 3222   10.36
200530850341 1 191 3223   20.73
200530850344 1 191 3223   20.73
200530850380 1 991 4623   14.80
200530850401 1 991 4623   14.80
200530850831 1 991 1423   17.64
200530851300 1 991 1523   15.50
200530851344 1 291 5523   16.07
200530851422 1 191  323   16.92
200530851569 1 991 3223   20.73
200530852034 1 191 1923   20.39
200530852074 1 191  423   16.49
200530852302 1 191  723   16.98
200530852416 1 191 1523   15.50
200530852434 1 191 1523   15.50
200530852476 1 191 1523   15.50
200530852571 1 191  123   16.76
200530852906 1 191  723   16.98
200530852906 2 191  723   16.98
200530853135 1 991 1923   20.39
200530853205 1 191 1923   20.39
200530853539 1 191 4623   14.80
200530853892 1 191  923   19.88
200530854032 1 191 1523   15.50
200530854222 1 191  323   16.92
200530854279 1 191 6723   21.53
200530854503 1 99111223   30.41
200530854525 1 19111223   30.41
200530854945 1 191  323   16.92
200530855802 1 191 1423   17.64
200530855876 1 191 6721   21.53
200530855876 2 191 6721   21.53
200530855996 1 191 4623   14.80
200530856044 1 191 4623   14.80
200530856153 1 191 1523   15.50
200531110259 1 122  613   60.61
200531110343 1 122  212   29.32
200531110522 1 122  115   58.63
200531110675 1 122  113   29.32
200531110680 1 122  113   29.32
200531110685 1 122  813   88.51
200531110688 1 122  813   88.51
200531110917 1 122  113   29.32
200531111023 1 122  413   53.82
200531111106 1 122  113   29.32
200531111242 1 122  113   29.32
200531111466 1 122  813   88.51
200531111469 1 122  813   88.51
200531111482 1 122  113   29.32
200531111555 1 922  113   29.32
200531111614 1 122  113   29.32
200531112306 1 222  113   29.32
200531112307 1 922  113   29.32
200531112309 1 922  113   29.32
200531112682 1 122  113   29.32
200531112723 1 122  615   60.61
200531113108 1 122  113   29.32
200531113168 1 122  613   60.61
200531228018 1 126  713   15.80
200531229095 1 126 1313   33.33
200531229572 1 126  313   16.66
200531230296 1 126  713   15.80
200531230732 1 126  212    4.24
200531232172 1 126 1313   33.33
200531232319 1 126  913   12.51
200531232396 1 126  213   16.98
200531232748 1 126  313   16.66
200531232933 1 126  713   15.80
200531233677 1 126  113   16.98
200531233699 1 126  913   12.51
200531233699 2 126  913   12.51
200531234306 1 126  312    8.33
200531234556 1 126  113   16.98
200531234617 1 126  213   16.98
200531234935 1 126  913   12.51
200531340693 1 127  233   18.16
200531340718 1 127  334  290.53
200531340815 1 127  233   18.16
200531341151 1 127  133   18.16
200531341252 1 127  133   18.16
200531341581 1 127  233   18.16
200531341985 1 127  133   18.16
200531342587 1 127  133   18.16
200531342888 1 127  133   18.16
200531343279 1 127  133   18.16
200531343403 1 127  133   18.16
200531343550 1 227  233   18.16
200531343550 2 227  233   18.16
200531343550 3 227  233   18.16
200531343674 1 127  233   18.16
200531343875 1 127  433   18.16
200531344105 1 127  234  290.53
200531344202 1 127  133   18.16
200531344273 1 127  133   18.16
200531344308 1 127  133   18.16
200531344362 1 127  133   18.16
200531344398 1 127  133   18.16
200531344430 1 127  133   18.16
200531344459 1 127  133   18.16
200531344498 1 127  133   18.16
200531344595 1 127  233   18.16
200531344634 1 127  233   18.16
200531344670 1 127  233   18.16
200531344768 1 127  233   18.16
200531344905 1 127  133   18.16
200531345062 1 127  133   18.16
200531345208 1 127  133   18.16
200531345457 1 127  233   18.16
200531345572 1 127  233   18.16
200531345729 1 127  133   18.16
200531345797 1 127  133   18.16
200531345811 1 127  133   18.16
200531345855 1 127  132    9.08
200531345867 1 127  133   18.16
200531345956 1 127  133   18.16
200531346066 1 127  233   18.16
200531346092 1 127  233   18.16
200531346478 1 227  132    9.08
200531346691 1 127  133   18.16
200531346735 1 127  233   18.16
200531346832 1 127  233   18.16
200531347150 1 127  233   18.16
200531347305 1 127  133   18.16
200531347382 1 127  133   18.16
200531347499 1 127  133   18.16
200531347525 1 127  133   18.16
200531347579 1 127  133   18.16
200531347641 1 127  133   18.16
200531347761 1 227  233   18.16
200531347958 1 127  233   18.16
200531347958 2 127  233   18.16
200531348025 1 127  232    9.08
200531348082 1 127  233   18.16
200531348289 1 127  133   18.16
200531348449 1 227  133   18.16
200531348524 1 127  133   18.16
200531348538 1 127  133   18.16
200531348709 1 127  231    9.08
200531348709 2 127  231    9.08
200531348744 1 127  233   18.16
200531348833 1 127  233   18.16
200531348882 1 127  233   18.16
200531349353 1 127  133   18.16
200531349522 1 127  133   18.16
200531349556 1 127  133   18.16
200531349556 2 127  133   18.16
200531403930 1 128  336  161.62
200531403945 1 928  333  161.62
200531403947 1 928  333  161.62
200531404133 1 928  533  458.04
200531404184 1 928  133  161.62
200531404252 1 928  334  323.24
200531404293 1 128  234  323.24
200531404566 1 128  136  161.62
200531404624 1 128  134  323.24
200531404792 1 128  133  161.62
200531544116 1 930  123   22.64
200531544116 2 930  123   22.64
200531544209 1 930  123   22.64
200531544405 1 130  123   22.64
200531544695 1 130  123   22.64
200531544961 1 130  123   22.64
200531546424 1 130  123   22.64
200531547280 1 130  123   22.64
200531547642 1 130  123   22.64
200531547725 1 130  123   22.64
200531547846 1 131  123   61.52
200531547979 1 130  123   22.64
200531548229 1 130  122   11.32
200531548247 1 130  123   22.64
200531548603 1 130  223   17.00
200531548816 1 130  123   22.64
200531549080 1 130  123   22.64
200531549334 1 130  123   22.64
200531549436 1 331  125   61.52
200531549436 2 331  125   61.52
200531549720 1 130  123   22.64
200531549784 1 130  123   22.64
200531550018 1 130  123   22.64
200531550319 1 130  123   22.64
200531550489 1 929  123   17.18
200531550559 1 130  123   22.64
200531550666 1 130  123   22.64
200531550683 1 130  123   22.64
200531550741 1 131  123   61.52
200531551272 1 131  123   61.52
200531551427 1 130  223   17.00
200531552163 1 130  123   22.64
200531552330 1 131  126  123.05
200531552423 1 130  123   22.64
200531552439 1 130  123   22.64
200531552997 1 130  123   22.64
200531553219 1 130  123   22.64
200531553228 1 130  123   22.64
200531553316 1 130  123   22.64
200531553534 1 130  123   22.64
200531553551 1 130  123   22.64
200531553711 1 131  123   61.52
200531554348 1 130  123   22.64
200531554402 1 130  223   17.00
200531554506 1 929  123   17.18
200531554663 1 130  123   22.64
200531555062 1 130  123   22.64
200531555062 2 130  123   22.64
200531555129 1 130  123   22.64
200531555265 1 129  123   17.18
200531555751 1 130  123   22.64
200531556116 1 130  123   22.64
200531556139 1 130  123   22.64
200531556368 1 130  123   22.64
200531556442 1 130  123   22.64
200531556689 1 130  123   22.64
200531557239 1 130  123   22.64
200531557366 1 130  223   17.00
200531557537 1 130  123   22.64
200531557614 1 130  123   22.64
200531714158 1 144  233   45.09
200531714449 1 144  533   45.09
200531714618 1 144  233   45.09
200531715121 1 144  133   45.09
200531715265 1 144  133   45.09
200531715636 1 144  133   45.09
200531715719 1 144  433   45.09
200531715818 1 144  233   45.09
200531715913 1 144  533   45.09
200531716157 1 244  233   45.09
200531716427 1 144  133   45.09
200531716690 1 144  133   45.09
200531716859 1 844  333   45.09
200531717112 1 144  333   45.09
200531717278 1 144  334  315.66
200531717384 1 144  133   45.09
200531717424 1 844  233   45.09
200531717605 1 144  134  315.66
200531717619 1 144  133   45.09
200531717783 1 144  133   45.09
200531718055 1 144  334  315.66
200531718055 2 144  334  315.66
200531718077 1 144  433   45.09
200531819020 1 146  133   22.46
200531820684 1 146  331   22.46
200531820988 1 146  434  292.03
200531821093 1 946  134  292.03
200531821448 1 146  433   22.46
200531821610 1 146  533   22.46
200531821647 1 246  333   22.46
200531821962 1 146  533   22.46
200531822176 1 146  133   22.46
200531822222 1 146  233   22.46
200531822247 1 146  734  312.06
200531822446 1 946  533   22.46
200531822554 1 146  433   22.46
200531822706 1 146  233   22.46
200531822773 1 146  133   22.46
200531823341 1 146  133   22.46
200531823707 1 146  433   22.46
200531823977 1 146  133   22.46
200531824173 1 146  533   22.46
200531824193 1 146  533   22.46
200531824214 1 146  233   22.46
200532013495 1 161  333   34.72
200532013513 1 161  233   34.72
200532013513 2 161  233   34.72
200532013553 1 161  236  138.86
200532013610 1 161  233   34.72
200532013657 1 161  133   34.72
200532013658 1 161  133   34.72
200532013703 1 161  233   34.72
200532013726 1 161  433   34.72
200532013797 1 161  133   34.72
200532013812 1 161  133   34.72
200532013813 1 161  433   34.72
200532013823 1 161  433   34.72
200532013881 1 161  133   34.72
200532013890 1 161  133   34.72
200532013896 1 161  533   34.72
200532013949 1 261  233   34.72
200532013952 1 161  233   34.72
200532013966 1 161  333   34.72
200532013967 1 161  333   34.72
200532014028 1 161  233   34.72
200532014053 1 161  133   34.72
200532014102 1 161  533   34.72
200532014133 1 161  233   34.72
200532014146 1 161  233   34.72
200532014232 1 161  133   34.72
200532014237 1 161  133   34.72
200532014268 1 161  233   34.72
200532014320 1 161  133   34.72
200532014341 1 161  533   34.72
200532014344 1 161  533   34.72
200532014363 1 161  333   34.72
200532014384 1 161  233   34.72
200532014465 1 161  133   34.72
200532014507 1 161  233   34.72
200532014524 1 161  133   34.72
200532014529 1 161  133   34.72
200532014536 1 161  133   34.72
200532014602 1 261  132   34.72
200532014609 1 261  133   34.72
200532014649 1 161  533   34.72
200532014662 1 161  233   34.72
200532014665 1 261  233   34.72
200532014757 1 161  133   34.72
200532014766 1 161  133   34.72
200532014770 1 161  133   34.72
200532014771 1 161  132   34.72
200532014786 1 161  233   34.72
200532014855 1 161  133   34.72
200532014910 1 161  233   34.72
200532014925 1 161  133   34.72
200532014932 1 161  134  277.72
200532014943 1 161  133   34.72
200532015054 1 161  136  138.86
200532015061 1 161  133   34.72
200532015067 1 261  133   34.72
200532015083 1 161  533   34.72
200532015083 2 161  533   34.72
200532015163 1 261  633   34.72
200532015221 1 161  133   34.72
200532015301 1 161  133   34.72
200532015344 1 161  433   34.72
200532015345 1 161  433   34.72
200532015364 1 161  233   34.72
200532015389 1 161  133   34.72
200532015410 1 161  133   34.72
200532015411 1 161  133   34.72
200532015470 1 161  333   34.72
200532015486 1 161  133   34.72
200532015487 1 261  133   34.72
200532015552 1 161  233   34.72
200532015613 1 161  433   34.72
200532015644 1 161  133   34.72
200532015670 1 861  133   34.72
200532015680 1 261  133   34.72
200532015715 1 161  233   34.72
200532015814 1 161  233   34.72
200532015866 1 161  133   34.72
200532015931 1 161  233   34.72
200532015971 1 161  133   34.72
200532016104 1 161  133   34.72
200532016114 1 161  133   34.72
200532016135 1 161  133   34.72
200532016189 1 161  133   34.72
200532016193 1 161  133   34.72
200532016236 1 161  533   34.72
200532016243 1 161  233   34.72
200532016276 1 161  232   34.72
200532016291 1 161  133   34.72
200532016295 1 261  133   34.72
200532016342 1 161  133   34.72
200532016360 1 161  133   34.72
200532016379 1 161  133   34.72
200532016379 2 161  133   34.72
200532016403 1 161  233   34.72
200532016454 1 161  133   34.72
200532016537 1 161  133   34.72
200532016537 2 161  133   34.72
200532016588 1 161  331   34.72
200532016615 1 161  233   34.72
200532016624 1 961  233   34.72
200532016649 1 161  133   34.72
200532016676 1 161  133   34.72
200532016699 1 161  233   34.72
200532016700 1 161  233   34.72
200532016701 1 961  233   34.72
200532016726 1 161  133   34.72
200532016770 1 161  536  138.86
200532016846 1 261  133   34.72
200532016966 1 161  133   34.72
200532016995 1 161  233   34.72
200532017086 1 161  233   34.72
200532017088 1 961  233   34.72
200532017119 1 161  333   34.72
200532017151 1 161  133   34.72
200532017164 1 161  132   34.72
200532017231 1 161  133   34.72
200532017270 1 161  233   34.72
200532017284 1 161  134  277.72
200532017300 1 161  133   34.72
200532017337 1 161  533   34.72
200532017391 1 161  133   34.72
200532017398 1 161  133   34.72
200532017422 1 161  333   34.72
200532017450 1 261  433   34.72
200532017464 1 161  133   34.72
200532017484 1 161  133   34.72
200532017491 1 261  133   34.72
200532017494 1 161  133   34.72
200532017607 1 161  333   34.72
200532017614 1 161  533   34.72
200532017622 1 161  433   34.72
200532017637 1 161  233   34.72
200532017645 1 161  233   34.72
200532017649 1 161  233   34.72
200532017657 1 161  233   34.72
200532017659 1 161  233   34.72
200532017774 1 161  133   34.72
200532017830 1 161  233   34.72
200532017845 1 161  433   34.72
200532017882 1 161  132   34.72
200532017885 1 161  133   34.72
200532017893 1 261  133   34.72
200532018029 1 161  533   34.72
200532018032 1 161  533   34.72
200532018044 1 161  233   34.72
200532018056 1 161  233   34.72
200532018194 1 361  433   34.72
200532018241 1 161  133   34.72
200532018262 1 161  333   34.72
200532018292 1 161  233   34.72
200532018299 1 161  233   34.72
200532018345 1 161  133   34.72
200532018349 1 161  132   34.72
200532018369 1 961  233   34.72
200532018383 1 161  333   34.72
200532018383 2 161  333   34.72
200532018408 1 161  133   34.72
200532018419 1 161  135   69.43
200532018437 1 861  233   34.72
200532018485 1 161  133   34.72
200532018485 2 161  133   34.72
200532018494 1 261  333   34.72
200532018503 1 261  433   34.72
200532018505 1 161  133   34.72
200532018514 1 961  133   34.72
200532018532 1 161  233   34.72
200532132147 1 163  133   13.96
200532132152 1 163  133   13.96
200532132441 1 162  834  283.39
200532133038 1 162  333   24.55
200532133254 1 163  133   13.96
200532133446 1 963  134  293.20
200532133617 1 163  133   13.96
200532133669 1 163  133   13.96
200532133726 1 163  133   13.96
200532133852 1 162  433   24.55
200532134067 1 163  133   13.96
200532134248 1 163  133   13.96
200532134276 1 163  133   13.96
200532134340 1 962  333   24.55
200532134425 1 162  833   70.85
200532134604 1 263  133   13.96
200532134707 1 163  133   13.96
200532134713 1 163  133   13.96
200532134778 1 263  133   13.96
200532135042 1 162  333   24.55
200532135112 1 162  433   24.55
200532135203 1 163  133   13.96
200532135203 2 163  133   13.96
200532135235 1 163  133   13.96
200532135411 1 162  233   24.55
200532135444 1 162  833   70.85
200532135472 1 163  133   13.96
200532135510 2 162  133   24.55
200532135510 3 162  133   24.55
200532135510 4 162  133   24.55
200532135525 1 162  333   24.55
200532135679 1 163  133   13.96
200532135783 1 962  433   24.55
200532135789 1 962  433   24.55
200532136037 1 163  133   13.96
200532136106 1 163  133   13.96
200532136273 1 963  134  293.20
200532136321 1 263  133   13.96
200532136435 1 162  133   24.55
200532136807 1 162  133   24.55
200532136812 1 962  233   24.55
200532136973 1 162  833   70.85
200532136984 1 963  133   13.96
200532137048 1 863  133   13.96
200532137060 1 963  133   13.96
200532137124 1 163  133   13.96
200532137150 1 163  133   13.96
200532137200 1 163  133   13.96
200532137316 1 162  233   24.55
200532137453 1 163  133   13.96
200532137614 1 162  433   24.55
200532137615 1 162  431   24.55
200532137820 1 163  133   13.96
200532138019 1 162  233   24.55
200532138116 1 163  133   13.96
200532138172 1 162  433   24.55
200532138420 1 163  133   13.96
200532138806 1 162  233   24.55
200532138884 1 162  333   24.55
200532138984 1 963  133   13.96
200532139325 1 962  433   24.55
200532139424 1 962  133   24.55
200532139454 1 962  233   24.55
200532139461 1 162  333   24.55
200532139563 1 162  433   24.55
200532139745 1 963  133   13.96
200532139837 1 962  234  294.64
200532140012 1 162  633   40.03
200532140295 1 162  633   40.03
200532140303 1 163  133   13.96
200532140340 1 163  133   13.96
200532140454 1 162  633   40.03
200532140522 1 162  431   24.55
200532140522 2 162  431   24.55
200532140875 1 162  133   24.55
200532140992 1 162  133   24.55
200532141318 1 162  233   24.55
200532231911 1 164  133   18.88
200532232738 1 164  133   18.88
200532233005 1 164  232    4.72
200532233177 1 164  133   18.88
200532233531 1 164  133   18.88
200532234084 1 164  133   18.88
200532234467 1 964  133   18.88
200532234586 1 964  133   18.88
200532234822 1 164  133   18.88
200532235340 1 964  133   18.88
200532235540 1 164  133   18.88
200532235571 1 164  133   18.88
200532235790 1 164  133   18.88
200532236268 1 164  133   18.88
200532236892 1 164  133   18.88
200532236923 1 164  133   18.88
200532237046 1 164  233   18.88
200532237750 1 164  133   18.88
200532237874 1 164  133   18.88
200532238565 1 164  133   18.88
200532238565 2 164  133   18.88
200532238622 1 164  133   18.88
200532238829 1 164  133   18.88
200532239544 1 164  133   18.88
200532239721 1 164  133   18.88
200532239782 1 164  133   18.88
200532239943 1 164  133   18.88
200532239969 1 164  133   18.88
200532240230 1 164  233   18.88
200532240293 1 164  133   18.88
200532240613 1 164  133   18.88
200532240901 1 964  133   18.88
200532241634 1 164  133   18.88
200532241671 1 164  133   18.88
200532242661 1 164  233   18.88
200532319038 1 171  524  296.32
200532319732 1 171  223   12.35
200532320145 1 171  323   12.35
200532320193 1 971  123   12.35
200532320328 1 271 1023   81.13
200532320346 1 171  123   12.35
200532320346 2 171  123   12.35
200532320486 1 171  523   12.35
200532320615 1 971  223   12.35
200532320796 1 171  723   40.21
200532320864 1 171  223   12.35
200532320909 1 171 1023   81.13
200532321028 1 171  323   12.35
200532321032 1 171  323   12.35
200532321119 1 971  123   12.35
200532321158 1 171  323   12.35
200532321195 1 971 1023   81.13
200532321436 1 171  523   12.35
200532321454 1 271 1023   81.13
200532321456 1 171 1023   81.13
200532321459 1 271 1023   81.13
200532321645 1 171  223   12.35
200532321693 1 171 1023   81.13
200532321753 1 171  323   12.35
200532321785 1 171  423   12.35
200532321791 1 171  723   40.21
200532321926 1 171  323   12.35
200532322014 1 171  223   12.35
200532322029 1 271  523   12.35
200532322056 1 171 1023   81.13
200532322063 1 171  223   12.35
200532322126 1 171  223   12.35
200532322135 1 171  223   12.35
200532322156 1 271  123   12.35
200532322374 1 171  423   12.35
200532322761 1 171  323   12.35
200532322793 1 171  523   12.35
200532322866 1 171  222   12.35
200532322877 1 171  323   12.35
200532322913 1 171  423   12.35
200532322924 1 171  523   12.35
200532323158 1 171  223   12.35
200532323179 1 171  323   12.35
200532323438 1 171  323   12.35
200532324121 1 171  223   12.35
200532324259 1 171  423   12.35
200532324424 1 371  223   12.35
200532324424 2 171  223   12.35
200532324498 1 171  723   40.21
200532445866 1 177  643   18.31
200532446218 1 177  143   14.64
200532446265 1 977  143   14.64
200532446389 1 177  443   18.31
200532446447 1 177  143   14.64
200532446568 1 177  143   14.64
200532446568 2 177  143   14.64
200532446653 1 177  143   14.64
200532446699 1 177  143   14.64
200532446733 1 177  143   14.64
200532446798 1 977  143   14.64
200532446833 1 277  143   14.64
200532446868 1 177  143   14.64
200532447077 1 177  143   14.64
200532447134 1 177  143   14.64
200532447227 1 177  143   14.64
200532447249 1 177  143   14.64
200532447402 1 977  143   14.64
200532447540 1 977  143   14.64
200532448106 1 177  143   14.64
200532448871 1 177  143   14.64
200532448960 1 177  143   14.64
200532449119 1 977  543   18.31
200532449344 1 177  243   18.31
200532450016 1 177  143   14.64
200532450053 1 177  143   14.64
200532450055 1 177  143   14.64
200532450092 1 277  143   14.64
200532450728 1 177  143   14.64
200532450787 1 977  243   18.31
200532451551 1 977  143   14.64
200532451569 1 977  143   14.64
200532451646 1 977  143   14.64
200532451662 1 977  143   14.64
200532451679 1 177  143   14.64
200532451764 1 177  143   14.64
200532452219 1 977  143   14.64
200532452571 1 277  142    7.32
200532452675 1 177  143   14.64
200532452751 1 177  143   14.64
200532452798 1 977  143   14.64
200532453062 1 177  243   18.31
200532453427 1 177  543   18.31
200532453590 1 177  143   14.64
200532453667 1 177  143   14.64
200532454126 1 977  143   14.64
200532454168 1 177  143   14.64
200532454282 1 177  243   18.31
200532454542 1 177  443   18.31
200532454703 1 977  143   14.64
200532454792 1 977  143   14.64
200532454920 1 277  243   18.31
200532455130 1 977  143   14.64
200532455153 1 177  143   14.64
200532455368 1 177  243   18.31
200532455689 1 177  343   18.31
200532455742 1 177  143   14.64
200532455775 1 177  143   14.64
200532455775 2 177  143   14.64
200532455789 1 177  143   14.64
200532455881 1 977  143   14.64
200532456272 1 977  243   18.31
200532456458 1 977  243   18.31
200532457120 1 177  243   18.31
200532457241 1 277  143   14.64
200532457255 1 177  143   14.64
200532457344 1 177  143   14.64
200532457682 1 277  243   18.31
200532457836 1 177  143   14.64
200532457859 1 177  143   14.64
200532457884 1 277  143   14.64
200532458184 1 277  243   18.31
200532458306 1 177  143   14.64
200532458364 1 177  143   14.64
200532458566 1 177  143   14.64
200532458941 1 277  243   18.31
200532459723 1 177  143   14.64
200532460151 1 277  143   14.64
200532460179 1 177  143   14.64
200532460363 1 177  142    7.32
200532460552 1 277  143   14.64
200532460569 1 177  143   14.64
200532460640 1 177  143   14.64
200532460694 1 177  543   18.31
200532460743 1 177  243   18.31
200532461107 1 177  143   14.64
200532461157 1 177  143   14.64
200532461182 1 177  143   14.64
200532461429 1 277  643   18.31
200532461580 1 177  443   18.31
200532530239 1 180  343   19.69
200532530995 1 180  343   19.69
200532531171 1 280 1144  305.41
200532531726 1 180  143   19.69
200532531959 1 180  343   19.69
200532532003 1 180  343   19.69
200532532029 1 180  443   19.69
200532532303 1 180  243   19.69
200532532390 1 980  143   19.69
200532532768 1 180 1144  305.41
200532532772 1 180 1143   27.77
200532532778 1 180 1143   27.77
200532532792 1 180 1143   27.77
200532532909 1 980  543   12.53
200532533022 1 280  443   19.69
200532533115 1 180  243   19.69
200532533281 1 280  343   19.69
200532533320 1 180  343   19.69
200532533380 1 280  543   12.53
200532533431 1 180  843   13.63
200532533726 1 180  543   12.53
200532533726 2 180  543   12.53
200532533884 1 980  143   19.69
200532533920 1 180  143   19.69
200532533946 1 980 1143   27.77
200532534089 1 980  843   13.63
200532534107 1 980  843   13.63
200532534111 1 980  845   68.15
200532534166 1 980  243   19.69
200532534292 1 180  143   19.69
200532534492 1 180  343   19.69
200532534529 1 280 1143   27.77
200532534772 1 180  343   19.69
200532535144 1 280  143   19.69
200532535189 1 180  143   19.69
200532535313 1 180  143   19.69
200532535398 1 180  343   19.69
200532535431 1 980  343   19.69
200532535448 1 180  343   19.69
200532535757 1 180  243   19.69
200532535816 1 180  343   19.69
200532535877 1 180  543   12.53
200532535927 1 180  143   19.69
200532536083 1 180  343   19.69
200532536121 1 280  443   19.69
200532536269 1 180  543   12.53
200532536385 1 280  144  295.32
200532536600 1 180  543   12.53
200532536600 2 180  543   12.53
200532536600 3 180  543   12.53
200532536600 4 180  543   12.53
200532536722 1 180  343   19.69
200532536734 1 180  343   19.69
200532536759 1 280  143   19.69
200532536784 1 180  143   19.69
200532536881 1 280  843   13.63
200532537033 1 180  543   12.53
200532537111 1 280 1743   82.03
200532537437 1 180  443   19.69
200532537503 1 180  143   19.69
200532537688 1 180  543   12.53
200532537692 1 180  543   12.53
200532537720 1 180  543   12.53
200532537774 1 180  143   19.69
200532538105 1 180  243   19.69
200532538158 1 180  543   12.53
200532538158 2 180  543   12.53
200532538565 1 180  343   19.69
200532538644 1 180  843   13.63
200532538822 1 180  543   12.53
200532538824 1 180  543   12.53
200532539005 1 180  243   19.69
200532539179 1 180  343   19.69
200532539276 1 180 1143   27.77
200532539791 1 180  543   12.53
200532540140 1 180 1743   82.03
200532540421 1 180  243   19.69
200532655616 1 192  424  295.55
200532656082 1 192 3823   46.92
200532658343 1 192  523   19.31
200532658365 1 192  521    6.44
200532658365 2 192  521    6.44
200532659226 1 192 1523   16.06
200532659654 1 192  123   16.79
200532659943 1 992  123   16.79
200532660987 1 292 1623   19.12
200532660999 1 192 1623   19.12
200532661908 1 192  123   16.79
200532662042 1 192  723   18.56
200532662084 1 392  323   16.79
200532662148 1 192  521    6.44
200532662154 1 192  523   19.31
200532662748 1 192 1623   19.12
200532663916 1 192  123   16.79
200532663961 1 192  123   16.79
200532664186 1 292 1623   19.12
200532664238 1 192  323   16.79
200532664270 1 192 1523   16.06
200532664920 1 192 1523   16.06
200532665606 1 192  323   16.79
200532666663 1 992 1623   19.12
200532667940 1 992  123   16.79
200532668373 1 292 1623   19.12
200532668373 1 392 1623   19.12
200532668651 1 292 1123   20.60
200532669408 1 192  723   18.56
200532669557 1 192  123   16.79
200532669888 1 192 1523   16.06
200532670497 1 192 1623   19.12
200532671443 1 192  123   16.79
200532671613 1 192 1623   19.12
200532671623 1 192 1623   19.12
200532672261 1 192 1623   19.12
200532672281 1 192  124  295.55
200532672516 1 192 3823   46.92
200532705516 1 993  924  283.69
200532705925 1 193  526   94.56
200532835126 1 195  143   18.19
200532835243 1 195  143   18.19
200532835442 1 195  141    6.06
200532835517 1 995  143   18.19
200532836143 1 195  143   18.19
200532836552 1 195  143   18.19
200532836918 1 295  143   18.19
200532837076 1 995  143   18.19
200532837293 1 195  143   18.19
200532837433 1 195  242    3.03
200532837518 1 195  143   18.19
200532837665 1 195  143   18.19
200532838008 1 195  143   18.19
200532838354 1 995  143   18.19
200532838496 1 195  143   18.19
200532838744 1 995  243   18.19
200532839538 1 195  142    6.06
200532839567 1 295  143   18.19
200532839965 1 195  143   18.19
200532840198 1 995  143   18.19
200532840414 1 195  243   18.19
200532840651 1 195  143   18.19
200532840702 1 195  143   18.19
200532840801 1 195  442    3.03
200532840822 1 295  443   18.19
200532840868 1 295  143   18.19
200532841705 1 995  243   18.19
200532841879 1 195  143   18.19
200532842201 1 195  143   18.19
200532842324 1 195  143   18.19
200532842973 1 195  443   18.19
200532843034 1 195  143   18.19
200532843118 1 195  443   18.19
200532843199 1 195  143   18.19
200532843872 1 195  743   12.07
200532844611 1 195  143   18.19
200532845080 1 195  143   18.19
200532845514 1 195  143   18.19
200532846607 1 195  143   18.19
200532847311 1 995  144  297.09
200533409898 1 1 6 2613   20.24
200533409916 1 1 6  513   16.36
200533410001 1 1 6 1413   23.24
200533410064 1 1 6  513   16.36
200533410084 1 1 6 1414  290.52
200533410097 1 1 6 1113   17.88
200533410182 1 1 6 2013   14.82
200533410248 1 1 6 2013   14.82
200533410252 1 1 6 1413   23.24
200533410325 1 1 6 1413   23.24
200533410362 1 1 6 2614  303.64
200533410380 1 1 6  713   16.46
200533410393 1 1 6 1413   23.24
200533410412 1 1 6 1113   17.88
200533410496 1 1 6 2013   14.82
200533410600 1 1 6 2013   14.82
200533410615 1 1 6 1413   23.24
200533410617 1 1 6  113   19.34
200533410641 1 1 6  413   17.24
200533410710 1 1 6  213   19.34
200533410726 1 1 6 1113   17.88
200533410737 1 1 6  513   16.36
200533410774 1 1 6 1413   23.24
200533410852 1 1 6  713   16.46
200533410916 1 1 6  112    2.76
200533410916 2 1 6  112    2.76
200533410975 1 1 6 1413   23.24
200533410982 1 9 6  113   19.34
200533411071 1 1 6 2013   14.82
200533411074 1 9 6 1413   23.24
200533411082 1 1 6  114  295.59
200533411088 1 1 6  113   19.34
200533411092 1 1 6 1114  295.07
200533411097 1 1 6 1113   17.88
200533411107 1 1 6  413   17.24
200533411152 1 1 6  713   16.46
200533411163 1 1 6 2013   14.82
200533411171 1 1 6 1413   23.24
200533411178 1 1 6 1413   23.24
200533411260 1 9 6 1413   23.24
200533411281 1 9 6 1113   17.88
200533411325 1 1 6  513   16.36
200533411346 1 1 6 2013   14.82
200533411354 1 1 6 1413   23.24
200533411356 1 1 6 1413   23.24
200533411369 1 9 6 1113   17.88
200533411388 1 1 6  413   17.24
200533411405 1 1 6  513   16.36
200533411437 1 1 6  713   16.46
200533411449 1 1 6 1413   23.24
200533411502 1 1 6  413   17.24
200533411529 1 1 6  513   16.36
200533411557 1 1 6 1413   23.24
200533411574 1 1 6  113   19.34
200533411592 1 1 6 1113   17.88
200533411647 1 9 6 2613   20.24
200533411649 1 1 6 2613   20.24
200533411663 1 1 6  513   16.36
200533411676 1 1 6  714  296.33
200533411703 1 1 6  113   19.34
200533411710 1 1 6 1413   23.24
200533411755 1 1 6  413   17.24
200533411768 1 1 6  513   16.36
200533411784 1 9 6 2013   14.82
200533411788 1 1 6 1413   23.24
200533411821 1 1 6 1113   17.88
200533411890 1 1 6  513   16.36
200533411907 1 1 6  513   16.36
200533411912 1 1 6 2013   14.82
200533411914 1 1 6 2013   14.82
200533411915 1 1 6 2013   14.82
200533411917 1 1 6 2013   14.82
200533411919 1 1 6 2013   14.82
200533411923 1 1 6 1413   23.24
200533411931 1 1 6  112    2.76
200533411937 1 1 6  113   19.34
200533411993 1 1 6  513   16.36
200533411996 1 9 6  514  294.54
200533412007 1 1 6  713   16.46
200533412015 1 1 6 2013   14.82
200533412020 1 1 6 1413   23.24
200533412042 1 1 6 1113   17.88
200533412050 1 1 6  214  295.59
200533412052 1 1 6  414  293.05
200533412115 1 1 6 1413   23.24
200533412117 1 1 6 1413   23.24
200533412137 1 1 6 1113   17.88
200533412142 1 1 6 1113   17.88
200533412228 1 1 6 2013   14.82
200533412239 1 1 6 2013   14.82
200533412253 1 1 6 1413   23.24
200533412255 1 1 6 1414  290.52
200533412262 1 1 6  113   19.34
200533412305 1 9 6 2613   20.24
200533412327 1 1 6  512    5.45
200533412349 1 9 6 2012   14.82
200533412363 1 1 6 1413   23.24
200533412365 1 1 6 1413   23.24
200533412426 1 1 6 2613   20.24
200533412428 1 1 6 2613   20.24
200533412454 1 1 6 2013   14.82
200533412455 1 9 6 2013   14.82
200533412456 1 1 6 2013   14.82
200533412459 1 1 6 1413   23.24
200533412469 1 1 6 1413   23.24
200533412483 1 1 6 1113   17.88
200533412490 1 1 6 1113   17.88
200533412508 1 1 6  413   17.24
200533412524 1 1 6 2613   20.24
200533412551 1 1 6  713   16.46
200533412567 1 1 6 1413   23.24
200533412615 1 1 6 1113   17.88
200533412657 1 1 6  712    5.49
200533412657 2 1 6  712    5.49
200533412730 1 1 6 2013   14.82
200533412731 1 1 6 2013   14.82
200533412751 1 1 6 1113   17.88
200533412763 1 1 6  213   19.34
200533412813 1 1 6  513   16.36
200533412834 1 1 6 2014  296.40
200533412883 1 1 6  413   17.24
200533412940 1 3 6 2013   14.82
200533412943 1 1 6 2013   14.82
200533412946 1 1 6 2013   14.82
200533412953 1 1 6 1413   23.24
200533412956 1 1 6 1413   23.24
200533413003 1 1 6 2612   20.24
200533413011 1 1 6  513   16.36
200533413017 1 1 6  714  296.33
200533413046 1 1 6 1113   17.88
200533413093 1 1 6  513   16.36
200533413117 1 1 6 2013   14.82
200533413124 1 1 6 1413   23.24
200533413131 1 1 6 1414  290.52
200533413144 1 1 6  113   19.34
200533413153 1 1 6  114  295.59
200533413183 1 1 6  513   16.36
200533413207 1 1 6 2013   14.82
200533413214 1 1 6 2013   14.82
200533413257 1 1 6  413   17.24
200533413259 1 1 6  113   19.34
200533413263 1 9 6 2613   20.24
200533413264 1 9 6 2613   20.24
200533413327 1 1 6 1413   23.24
200533413329 1 1 6 1413   23.24
200533413334 1 1 6 1113   17.88
200533413351 1 1 6  113   19.34
200533413421 1 1 6 2013   14.82
200533413509 1 1 6  713   16.46
200533413513 1 1 6 2013   14.82
200533413565 1 1 6 1412   11.62
200533413582 1 1 6 2013   14.82
200533413583 1 1 6 2014  296.40
200533413600 1 1 6  113   19.34
200533413630 1 1 6 2612   20.24
200533413631 1 1 6 2613   20.24
200533413632 1 9 6 2613   20.24
200533413635 1 1 6  513   16.36
200533413655 1 1 6 1413   23.24
200533413674 1 1 6 2614  303.64
200533413735 1 1 6 1113   17.88
200533413816 1 1 6 1413   23.24
200533413898 1 1 6  513   16.36
200533413917 1 1 6 2013   14.82
200533413937 1 1 6  113   19.34
200533413955 1 1 6  213   19.34
200533414034 1 1 6 1413   23.24
200533414040 1 1 6 1113   17.88
200533414041 1 1 6 1112    8.94
200533414064 1 1 6  713   16.46
200533414071 1 1 6  713   16.46
200533414094 1 1 6  416  126.41
200533414095 1 1 6  413   17.24
200533414130 1 1 6 2013   14.82
200533414206 1 1 6  512    5.45
200533414236 1 1 6  513   16.36
200533414239 1 1 6 2013   14.82
200533414270 1 1 6 1414  290.52
200533414305 1 1 6 1113   17.88
200533414343 1 1 6 2615   60.73
200533414378 1 1 6  113   19.34
200533414419 1 9 6  713   16.46
200533414733 1 1 6  413   17.24
200536008999 1 150  135   69.03
200536008999 2 150  135   69.03
200536009183 1 150 1033   38.20
200536009567 1 150  331    4.60
200536009805 1 150  434  294.53
200536009847 1 150  333   18.41
200536010225 1 150  333   18.41
200536010414 1 150  333   18.41
200536011045 1 150  133   18.41
200536011086 1 150  333   18.41
200536011140 1 150  433   18.41
200536011327 1 150  133   18.41
200536011504 1 150  433   18.41
200536012862 1 150  133   18.41
200536013241 1 150  433   18.41
200536013610 1 150  333   18.41
200536013787 1 150 1033   38.20
200536014549 1 150  233   18.41
200536014699 1 150  133   18.41
200543700891 1 178  144  276.59
200543701007 1 278  143   55.32
200543701011 1 178  143   55.32
200543701031 1 178  143   55.32
200543701052 1 178  343   55.32
200543701133 1 178  143   55.32
200543701135 1 178  143   55.32
200543701399 1 178  343   55.32
200543701431 1 178  143   55.32
200543701470 1 978  143   55.32
200543701557 1 178  143   55.32
200543701595 1 178  343   55.32
200543701608 1 178  445   55.32
200543701627 1 178  143   55.32
200543701632 1 178  143   55.32
200543701638 1 178  143   55.32
200543701638 2 178  143   55.32
200543701661 1 178  442   55.32
200543701690 1 978  143   55.32
200543701779 1 178  143   55.32
200543701780 1 178  143   55.32
200543701805 1 278  143   55.32
200543701816 1 178  343   55.32
200543701865 1 178  144  276.59
200543701884 1 278  443   55.32
200543701892 1 178  143   55.32
200543701947 1 178  143   55.32
200543701954 1 178  144  276.59
200543702112 1 178  143   55.32
200543702127 1 178  145   55.32
200543702318 1 178  143   55.32
200543702415 1 178  143   55.32
200543702526 1 978  143   55.32
200543702549 1 178  143   55.32
200543702744 1 178  143   55.32
200543702749 5 178  346  110.64
200543702749 6 178  346  110.64
200543702790 1 178  144  276.59
200543702917 1 978  143   55.32
200543702940 1 178  144  276.59
200543702972 1 978  343   55.32
200543703024 1 178  343   55.32
200543703050 1 978  143   55.32
200543703167 1 978  143   55.32
200543703259 1 178  143   55.32
200543703294 1 978  143   55.32
200543703333 1 978  143   55.32
200543703545 1 178  144  276.59
200543703624 1 178  143   55.32
200543703631 1 178  143   55.32
200543703750 1 178  144  276.59
200543703786 1 978  143   55.32
200543703851 1 178  143   55.32
200543703861 1 178  143   55.32
200543703868 1 178  143   55.32
200544000467 1 175  143   16.15
200544000794 1 975  143   16.15
200544001011 1 175  143   16.15
200544001290 1 275  143   16.15
200544001752 1 275  143   16.15
200544002754 1 975  443   16.15
200544400125 1 1 6 2613   20.24
200544400152 1 1 6  713   16.46
200548600981 1 179  143   22.19
200548601069 1 979  143   22.19
200548601089 1 279  143   22.19
200548601112 1 179  143   22.19
200548601136 1 179  143   22.19
200548601216 1 179  744  299.54
200548601357 1 979  144  299.54
200548601504 1 179  146  122.03
200548601542 1 179  143   22.19
200548601569 1 979  143   22.19
200548601614 1 179  143   22.19
200548601648 1 179  143   22.19
200548601719 1 979  143   22.19
200550104052 1 1 9  333   19.19
200550104224 1 1 9  333   19.19
200550104224 2 1 9  333   19.19
200550104294 1 1 9  333   19.19
200550104383 1 1 9  333   19.19
200550403649 1 111  423   19.05
200550404455 1 111  323   19.05
200550404489 1 911  324  285.76
200550404497 1 111  323   19.05
200550404695 1 111  523   19.05
200550405055 1 111  224  285.76
200550405124 1 111  523   19.05
200550405495 1 211  423   19.05
200550405800 1 111  223   19.05
200550405957 1 111  223   19.05
200550405960 1 111  223   19.05
200550405992 1 111  523   19.05
200550406199 1 211  223   19.05
200550406304 1 111  523   19.05
200550406364 1 111  523   19.05
200550406930 1 111  323   19.05
200550406953 1 111  323   19.05
200550901319 1 143  333   12.22
200550901677 1 143  333   12.22
200550901710 1 243  333   12.22
200550901869 1 143  333   12.22
200550902068 1 143  333   12.22
200550902112 1 143  333   12.22
200553203327 1 950  333   18.41
200553506572 1 175  343   16.15
200553506702 1 175  343   16.15
200553506782 1 975  343   16.15
200553525395 1 175  343   16.15
200553525471 1 175  343   16.15
200553525608 1 175  343   16.15
200553525655 1 175  343   16.15
200553525671 1 975  343   16.15
200553525846 1 975  343   16.15
200553525846 2 975  343   16.15
200553526053 1 275  343   16.15
200553526317 1 175  443   16.15
200559627847 1 994  143   15.76
200559627847 2 994  143   15.76
200559628149 1 194  143   15.76
200559628167 1 194  143   15.76
200559628182 1 194  143   15.76
200559628243 1 194  443   15.76
200559628363 1 194  143   15.76
200559628367 1 194  143   15.76
200559628462 1 194  343   15.76
200559628951 1 194  343   15.76
200559629040 1 194  343   15.76
200559629077 1 994  343   15.76
200559629204 1 194  243   15.76
200559629272 1 194  443   15.76
200559629631 1 994  344  299.42
200559629692 1 994  343   15.76
200559630099 1 294  243   15.76
200559630099 1 894  243   15.76
200559630153 1 294  143   15.76
200559630254 1 994  343   15.76
200559630288 1 294  344  299.42
200559630334 1 294  143   15.76
200559630595 1 194  543   31.22
200559630764 1 294  243   15.76
200559630769 1 294  243   15.76
200559630783 1 994  243   15.76
200559630804 1 194  343   15.76
200559631082 1 294  143   15.76
200559631086 1 194  143   15.76
200559631117 1 294  144  299.42
200559631333 1 294  143   15.76
200559631498 1 194  343   15.76
200559631525 1 994  343   15.76
200559631566 1 194  143   15.76
200559631594 1 194  143   15.76
200559631640 1 294  144  299.42
200559631651 1 994  143   15.76
200559631655 1 194  143   15.76
200559631661 1 194  143   15.76
200559631667 1 994  143   15.76
200559631693 1 294  243   15.76
200559631825 1 194  443   15.76
200559631918 1 194  143   15.76
200559631957 1 294  143   15.76
200559631995 1 294  143   15.76
200559632077 1 194  343   15.76
200559632191 1 194  143   15.76
200559632262 1 294  143   15.76
200559632353 1 194  443   15.76
200559632464 1 194  143   15.76
200559632599 1 194  343   15.76
200559632621 1 294  343   15.76
200559632626 1 194  343   15.76
200559632709 1 294  343   15.76
200559632711 1 194  343   15.76
200559632770 1 294  243   15.76
200559632772 1 294  243   15.76
200559632833 1 194  143   15.76
200559632861 1 194  144  299.42
200559633090 1 994  443   15.76
200559633137 1 294  543   31.22
200559633337 1 994  343   15.76
200559633356 1 294  343   15.76
200559633372 1 994  341   15.76
200559633404 1 294  343   15.76
200559633425 1 194  343   15.76
200559633499 1 294  143   15.76
200559633504 1 194  143   15.76
200559633529 1 194  143   15.76
200559633554 1 194  143   15.76
200559633587 1 194  143   15.76
200559633623 1 294  243   15.76
200559633674 1 294  443   15.76
200559633728 1 194  443   15.76
200559633728 2 194  443   15.76
200559633806 1 994  143   15.76
200559633807 1 994  143   15.76
200559633809 1 194  143   15.76
200559633819 1 994  143   15.76
200559634007 1 194  343   15.76
200559634108 1 294  143   15.76
200559634109 1 194  143   15.76
200559634301 1 194  443   15.76
200559634535 1 194  143   15.76
200559634579 1 194  143   15.76
200559634665 1 194  143   15.76
200559635114 1 194  243   15.76
200559635386 1 194  343   15.76
200559635387 1 194  343   15.76
200559635456 1 194  143   15.76
200559635479 1 994  143   15.76
200559635669 1 994  443   15.76
200560400124 1 1 4  213   13.05
200560400155 1 1 4  313   13.05
200560603178 1 1 9  433   19.19
200560603488 1 1 9  433   19.19
200560603651 1 1 9  535   71.96
200560603763 1 1 9  433   19.19
200560604428 1 1 9  433   19.19
200560604456 1 1 9  433   19.19
200560604493 1 1 9  433   19.19
200560604493 2 1 9  433   19.19
200560604640 1 1 9  433   19.19
200560604674 1 1 9  433   19.19
200560604783 1 1 9  833   15.75
200560605105 1 3 9  833   15.75
200562401151 1 979  143   22.19
200562401163 1 979  143   22.19
200562401189 1 179  743   22.19
200562401871 1 979  143   22.19
200562401904 1 179  143   22.19
200562401909 1 179  144  299.54
200562402038 1 179  143   22.19
200562402111 1 179  143   22.19
200562402134 1 179  143   22.19
200562402203 1 179  143   22.19
200562402216 1 179  143   22.19
200562402342 1 179  743   22.19
200562402353 1 179  743   22.19
200562402388 1 179  743   22.19
200562402417 1 179  743   22.19
200562402424 1 179  143   22.19
200562402477 1 179  143   22.19
200562402481 1 279  143   22.19
200569900429 1 143  333   12.22
200569900524 1 143  333   12.22
200569900745 1 843  333   12.22
200569900750 1 143  333   12.22
200569900970 1 943  333   12.22
200569901318 1 143  333   12.22
200570001408 1 143  133   12.22
200570001675 1 143  132   12.22
200570001995 1 143  133   12.22
200570002282 1 143  133   12.22
200570003073 1 143  133   12.22
200570003232 1 143  133   12.22
200570003498 1 143  133   12.22
200570003705 1 143  133   12.22
200570004234 1 143  133   12.22
200570004388 1 143  133   12.22
200570004757 1 143  133   12.22
200570004932 1 143  133   12.22
200570004934 1 143  133   12.22
200570004941 1 143  133   12.22
200570005637 1 143  133   12.22
200570005802 1 143  133   12.22
200570005902 1 243  133   12.22
200570005922 1 843  133   12.22
200570005998 1 143  133   12.22
200570006659 1 143  133   12.22
200570006708 1 143  133   12.22
200570006797 1 143  133   12.22
200570007056 1 243  133   12.22
200570007163 1 143  133   12.22
200570007253 1 143  133   12.22
200570101570 1 243  233   12.22
200570103291 1 243  233   12.22
200570103345 1 243 1034  286.74
200570103582 1 143  233   12.22
200570103709 1 143  233   12.22
200570104008 1 243  233   12.22
200570104073 1 243  233   12.22
200570104160 1 143  233   12.22
200570104829 1 843  233   12.22
200570203720 1 143  133   12.22
200570204072 1 143  133   12.22
200570204145 1 143  133   12.22
200570300862 1 142  133   16.67
200570300894 1 142  132    4.17
200570301067 1 142  133   16.67
200570301146 1 142  133   16.67
200570301253 1 142  133   16.67
200570301361 1 142  133   16.67
200570301395 1 142  132    4.17
200570301404 1 142  133   16.67
200570301451 1 142  134  295.80
200570301469 1 242  133   16.67
200570301567 1 142  133   16.67
200570301641 1 142  133   16.67
200570301675 1 142  133   16.67
200570301701 1 142  132    4.17
200570301774 1 142  132    4.17
200570301817 1 142  133   16.67
200590504811 1 142  133   16.67
200590504858 1 142  133   16.67
200590505200 1 142 1133   23.80
200590505232 1 142  333   16.67
200590505262 1 142 1133   23.80
200590505352 1 142  333   16.67
200590505496 1 142  333   16.67
200590505709 1 142 1133   23.80
200590505724 1 142  333   16.67
200590505784 1 142 1133   23.80
200590505962 1 142 1133   23.80
200590506092 1 142  333   16.67
200590506223 1 142 1133   23.80
200590506343 1 142 1133   23.80
200590506427 1 142 1133   23.80
200590506603 1 142 1133   23.80
200590506803 1 142 1133   23.80
200590607314 1 147  733   89.57
200590607743 1 947  333   19.61
200590608464 1 147  233   19.61
200590608879 1 147  233   19.61
200590610094 1 947  433   19.61
200590610192 1 947  133   19.61
200590610338 1 147  733   89.57
200590610652 1 947  433   19.61
200590610987 1 147  233   19.61
200590611249 1 147  233   19.61
200590611282 1 147  333   19.61
200590611887 1 147  133   19.61
200590706321 1 150  233   18.41
200590706631 1 150  433   18.41
200590706733 1 150 1033   38.20
200590707336 1 150  233   18.41
200590707757 1 150  533   18.41
200590707938 1 150  233   18.41
200590708352 1 150  733   13.68
200590708392 1 250  533   18.41
200590708427 1 150 1033   38.20
200590708559 1 950 1033   38.20
200590708590 1 150  733   13.68
200590708635 1 150  333   18.41
200590709025 1 150  233   18.41
200590709630 1 150  233   18.41
200590709671 1 150  432    4.60
200590709907 1 150 1033   38.20
200590710147 1 150 1034  305.57
200590710554 1 150  333   18.41
200590710622 1 150  233   18.41
200590710696 1 150  733   13.68
200590710753 1 950  733   13.68
200590711572 1 150  133   18.41
200593517180 1 821  213   18.57
200593518012 1 121  413   18.57
200593519942 1 121  413   18.57
200593615868 1 931  323   61.52
200593616043 1 931  323   61.52
200593616355 1 131  324  307.62
200593616397 1 131  423   61.52
200593616704 1 129 1026  121.61
200593616766 1 131  323   61.52
200593616915 1 131  223   61.52
200593616963 1 131  323   61.52
200593616979 1 131  324  307.62
200593616995 1 131  323   61.52
200593617141 1 129 1023  121.61
200593617352 1 129 1023  121.61
200593617389 1 131  323   61.52
200593617393 1 131  323   61.52
200593617437 1 131  324  307.62
200593617739 1 131  323   61.52
200593617798 1 131  223   61.52
200593618054 1 129  523   43.97
200593618060 1 129  523   43.97
200593618072 1 229 1023  121.61
200593618188 1 129  423   38.98
200593618334 1 931  323   61.52
200593618366 1 129  422   38.98
200593618442 1 129  522   43.97
200593618757 1 131  323   61.52
200593618763 1 131  323   61.52
200593618937 1 131  323   61.52
200593618987 1 129  421   38.98
200599101943 1 124 1213   39.97
200599102035 1 125 1414  321.28
200599102052 1 125  313   12.07
200599102181 1 124  914  284.46
200599102196 1 124  913   28.45
200599102387 1 124  214  300.08
200599102416 1 124  713   17.39
200599102420 1 124 1214  279.81
200599102432 1 124 1213   39.97
200599102582 1 125  313   12.07
200599102600 1 125  213   12.07
