200810419797 1 0 2  313   27.15
200810419975 1 0 2  213   27.15
200810419993 121 2  413   53.89
200810420423 1 0 2  913   57.52
200810420601 1 0 2  413   53.89
200810420847 1 0 2  313   27.15
200810420867 1 0 2  613   49.28
200810762057 1 1 3 2113   14.57
200810762755 1 0 3  814  258.23
200810762939 1 1 3  813   14.90
200810763578 1 0 3  713   15.17
200810764598 1 0 3  313   15.24
200810764731 1 1 3  713   15.17
200810765131 1 1 3 1614  257.73
200810765650 1 0 3 1613   15.62
200810766439 1 0 3 1613   15.62
200810767491 1 0 3 1613   15.62
200810767569 1 0 3 1313   14.76
200810768112 1 1 3 1613   15.62
200810768178 1 0 3 2113   14.57
200810768205 1 1 3  113   14.95
200810768518 121 3  413   14.92
200810769825 1 0 3  414  258.67
200810769874 1 0 3 2113   14.57
200810769878 1 1 3 2114  262.32
200810769892 1 0 3 1013   14.35
200810769901 1 0 3  313   15.24
200810770122 121 3  713   15.17
200810770660 1 1 3 1013   14.35
200810770809 1 0 3  813   14.90
200810771802 1 1 3  113   14.95
200810772484 1 1 3  813   14.90
200810772567 1 1 3  314  259.02
200810772959 1 0 3 1013   14.35
200811149738 1 0 4  413   13.05
200811150190 1 0 4  313   13.05
200811151015 1 0 4  714  271.37
200811151026 1 0 4  113   13.05
200811151327 1 0 4  313   13.05
200811151809 1 1 4  313   13.05
200811151869 1 0 4  213   13.05
200811151885 1 0 4  313   13.05
200811152482 1 1 4  313   13.05
200811152654 151 4  213   13.05
200811152723 1 0 4  213   13.05
200811153029 1 0 4  313   13.05
200811153444 1 1 4  113   13.05
200811153568 1 0 4  213   13.05
200811153876 121 4  213   13.05
200811154125 1 0 4  214  260.93
200811154162 1 0 4  613   27.14
200811154331 1 0 4  314  260.93
200811154597 1 1 4  314  260.93
200811154623 1 1 4  213   13.05
200811154739 1 0 4  213   13.05
200811154750 1 0 4  213   13.05
200811154893 1 0 4  213   13.05
200811154905 1 0 4  213   13.05
200811154920 1 0 4  213   13.05
200811154976 121 4  313   13.05
200811155419 1 0 4  613   27.14
200811155434 1 0 4  613   27.14
200811155497 1 0 4  714  271.37
200811155523 1 0 4  313   13.05
200811155552 1 0 4  313   13.05
200811155638 121 4  213   13.05
200811155716 121 4  213   13.05
200811155743 1 0 4  213   13.05
200811155783 1 1 4  313   13.05
200811156014 1 0 4  213   13.05
200811156303 121 4  216  104.37
200811156597 1 0 4  213   13.05
200811156814 1 0 4  213   13.05
200811157158 1 0 4  716  101.76
200811157542 1 0 4  313   13.05
200811512067 1 1 5  513   16.07
200811512356 1 0 5  814  263.34
200811512522 121 5  813   16.46
200811512528 1 1 5 1113   21.10
200811512827 121 5  813   16.46
200811512991 1 0 5  813   16.46
200811513036 1 0 5 1613   22.42
200811513896 121 5 1613   22.42
200811513896 221 5 1613   22.42
200811513940 1 0 5  114  259.58
200811514110 1 1 5 1113   21.10
200812002147 1 0 6 2614  263.15
200812002176 1 0 6 1414  255.66
200812002181 1 0 6 1413   11.62
200812002266 121 6 2613   20.24
200812002298 1 0 6 2013   14.82
200812002305 1 0 6 1413   11.62
200812002535 1 0 6  713   16.46
200812411326 1 0 8 3314  270.93
200813023154 1 0 9  433   14.39
200813023303 1 0 9  834  259.94
200813023784 1 1 9  433   14.39
200813024423 1 0 9  433   14.39
200813024444 1 0 9  733   14.39
200813026802 1 0 9  533   14.39
200813526962 1 011  423   19.05
200813527502 1 011  223   19.05
200813527906 1 011  523   19.05
200813528787 1 111  523   19.05
200813528896 1 111  223   19.05
200813529749 12111  723   48.99
200813529778 1 011  223   19.05
200814053832 1 012  524  256.44
200814054441 1 112  523   12.21
200814054484 12112  123   12.61
200814054589 1 012  223   12.61
200814054680 1 012  323   12.61
200814054810 1 012  123   12.61
200814054897 1 012  223   12.61
200814055140 1 112  123   12.61
200814055407 1 012  423   12.61
200814055947 1 012  123   12.61
200814057617 1 012  523   12.21
200814058586 1 012  423   12.61
200814730297 1 013  223   38.97
200814730561 1 113  124  272.77
200814730981 12113  223   38.97
200814730985 1 013  224  272.77
200814731163 1 013  123   38.97
200814731247 1 013  523   38.97
200814731400 1 013  123   38.97
200814731460 1 013  123   38.97
200814731564 1 113  423   38.97
200814731702 1 013  323   38.97
200814731714 1 013  323   38.97
200814732021 12113  123   38.97
200814732036 1 013  123   38.97
200814732037 1 113  123   38.97
200814732087 12113  123   38.97
200814732268 1 113  123   38.97
200814732553 1 013  223   38.97
200814831572 1 021  413   13.92
200814832035 1 021  213   13.92
200814833083 1 021 1113   17.58
200814833321 1 121  512    2.32
200814833753 1 021  514  259.92
200814833792 12121  513   13.92
200814834021 1 021 1613   14.34
200815433540 1 041  132   10.03
200815433595 1 041  133   10.03
200815433595 2 041  133   10.03
200815433595 3 041  133   10.03
200815433606 1 041  133   10.03
200815433641 1 041  133   10.03
200815433645 1 041  132   10.03
200815433788 1 041  133   10.03
200815433855 1 041  233   10.03
200815433890 1 041  133   10.03
200815433941 1 041  133   10.03
200815434192 1 041  133   10.03
200815434214 1 141  133   10.03
200815434299 1 041  133   10.03
200815434353 19941  233   10.03
200815434448 1 041  233   10.03
200815434479 19741  133   10.03
200815434493 1 041  133   10.03
200815434514 1 141  133   10.03
200815434620 12141  133   10.03
200815434744 1 041  133   10.03
200815434866 1 041  133   10.03
200815434873 1 141  133   10.03
200815435047 1 041  133   10.03
200815435067 1 141  133   10.03
200815435213 14041  133   10.03
200815435215 1 041  133   10.03
200815435236 1 041  133   10.03
200815435354 12141  233   10.03
200815435535 1 041  233   10.03
200815435540 1 141  233   10.03
200815435881 1 141  133   10.03
200815435957 1 041  133   10.03
200815435961 1 141  133   10.03
200815435970 1 141  133   10.03
200815436070 1 041  133   10.03
200815436167 1 141  233   10.03
200815436404 1 041  133   10.03
200815436421 1 141  133   10.03
200815436561 12141  133   10.03
200815436574 1 141  233   10.03
200815436633 1 141  133   10.03
200815436634 1 041  133   10.03
200815436747 1 141  233   10.03
200815436780 1 041  133   10.03
200815436792 1 041  133   10.03
200815436865 1 041  233   10.03
200815436908 1 041  133   10.03
200815436913 1 041  233   10.03
200815436961 14041  133   10.03
200815436966 1 041  233   10.03
200815436967 1 041  133   10.03
200815437008 1 041  133   10.03
200815437029 14041  133   10.03
200815437148 1 141  133   10.03
200815437164 1 141  133   10.03
200815437273 1 141  233   10.03
200815437408 1 141  134  260.70
200815437415 12241  133   10.03
200815437543 1 141  233   10.03
200815437703 1 141  233   10.03
200815437770 1 041  133   10.03
200815437828 1 041  133   10.03
200815437881 19941  133   10.03
200815437904 1 041  133   10.03
200815437928 1 041  233   10.03
200815437936 1 141  233   10.03
200815438012 1 141  133   10.03
200815438014 1 141  133   10.03
200815438306 1 041  133   10.03
200815438306 2 041  133   10.03
200815438353 1 141  133   10.03
200815438776 1 141  133   10.03
200815438797 1 141  133   10.03
200815438801 1 041  133   10.03
200815438834 1 041  233   10.03
200815439035 1 041  133   10.03
200815439041 1 041  133   10.03
200815439051 1 141  133   10.03
200815439057 1 041  133   10.03
200815439059 1 041  133   10.03
200815439088 1 041  233   10.03
200815439100 12141  233   10.03
200815439150 1 041  133   10.03
200815439327 1 041  133   10.03
200815439361 1 041  133   10.03
200815439422 12141  133   10.03
200815439433 1 041  133   10.03
200815439477 1 041  233   10.03
200815439550 1 041  133   10.03
200815439670 1 041  233   10.03
200815439805 1 141  133   10.03
200815439901 1 041  133   10.03
200815439997 1 041  233   10.03
200815440006 1 041  133   10.03
200815440044 12141  133   10.03
200815440060 1 041  133   10.03
200815440093 1 041  133   10.03
200815440095 19941  133   10.03
200815440116 1 041  133   10.03
200815440282 1 141  233   10.03
200815440308 1 041  233   10.03
200815440418 1 041  133   10.03
200815440644 1 041  233   10.03
200816119718 1 043  333   12.22
200816119848 1 143  133   12.22
200816119878 1 143  133   12.22
200816120433 1 043  133   12.22
200816120438 1 143  133   12.22
200816121003 1 043  333   12.22
200816121015 1 043  333   12.22
200816121168 1 043  333   12.22
200816121866 1 043  333   12.22
200816123080 1 043  333   12.22
200816123462 12143  333   12.22
200816125406 1 143  333   12.22
200816534022 1 045  133   10.11
200816536162 1 045  133   10.11
200816536347 1 045  133   10.11
200816536503 32145  133   10.11
200816536531 1 045  133   10.11
200816536898 1 045  133   10.11
200816537460 1 045  233   10.11
200816537975 1 045  233   10.11
200816538775 1 145  233   10.11
200816539426 1 045  133   10.11
200816540463 1 045  233   10.11
200816540761 1 045  134  262.76
200816540907 1 145  133   10.11
200817121736 1 051  133   79.66
200817122066 1 051  133   79.66
200817122170 1 051  134  238.97
200817122415 1 051  133   79.66
200817122588 1 051  133   79.66
200817122906 1 051  133   79.66
200817122983 1 051  134  238.97
200817123000 1 151  134  238.97
200817123117 1 051  133   79.66
200817123922 19851  133   79.66
200817124033 12151  133   79.66
200817124052 1 051  133   79.66
200817124941 1 051  134  238.97
200817125272 1 051  133   79.66
200817244285 1 048  433   51.96
200817244366 1 148  133   51.96
200817245623 1 048  133   51.96
200817245915 1 048  133   51.96
200817246087 1 048  133   51.96
200817247355 1 048  133   51.96
200817247582 1 048  133   51.96
200817247992 1 148  133   51.96
200817248652 1 148  133   51.96
200817249216 1 048  133   51.96
200817249376 1 048  433   51.96
200817249957 1 048  133   51.96
200817250158 1 148  433   51.96
200817250384 1 048  133   51.96
200817251932 1 148  133   51.96
200817614639 1 049  133   15.64
200817616243 1 049  133   15.64
200817616492 1 049  133   15.64
200817618184 1 049  133   15.64
200817618870 12149  133   15.64
200817619117 1 149  133   15.64
200817619471 1 049  133   15.64
200817619471 2 049  133   15.64
200817619635 1 149  133   15.64
200817619703 1 149  133   15.64
200817620904 19949  133   15.64
200817621627 1 049  133   15.64
200817622711 19949  133   15.64
200817623560 1 049  133   15.64
200817624133 1 149  133   15.64
200817624241 1 149  133   15.64
200818418519 1 072  423   15.00
200818418922 1 172  323   15.00
200818418922 15172  323   15.00
200818419452 1 072  223   15.00
200818420927 1 072  423   15.00
200818421629 1 172  323   15.00
200818422411 1 072  123   15.00
200818422983 1 072  423   15.00
200818423502 1 072  623   15.00
200818423719 1 072  422    5.00
200818423720 1 072  423   15.00
200818423744 1 172  323   15.00
200818424028 1 072  323   15.00
200818424090 1 072  423   15.00
200818424518 1 072  623   15.00
200818424518 2 072  623   15.00
200818424907 1 072  423   15.00
200818424995 1 072  123   15.00
200818425167 1 172  323   15.00
200818425170 1 072  323   15.00
200818425173 1 172  323   15.00
200818425950 1 072  423   15.00
200818426149 1 072  423   15.00
200818426219 1 072  623   15.00
200818426410 1 072  423   15.00
200818426828 1 072  423   15.00
200818426928 1 172  323   15.00
200818427027 1 172  323   15.00
200818427064 1 072  423   15.00
200818427140 1 072  323   15.00
200818427143 1 072  323   15.00
200818427146 1 072  323   15.00
200818427369 1 172  622    5.00
200818427498 1 072  423   15.00
200818427533 1 072  623   15.00
200818427692 1 072  123   15.00
200818427765 1 172  423   15.00
200818427837 1 072  424  260.00
200818427868 1 072  223   15.00
200818428088 1 072  623   15.00
200818428095 1 172  623   15.00
200818428102 1 172  623   15.00
200818428105 1 072  623   15.00
200818428559 1 072  323   15.00
200818428912 1 072  623   15.00
200818428974 1 072  323   15.00
200818429040 1 072  423   15.00
200818429040 2 072  423   15.00
200818429043 1 172  423   15.00
200818429198 1 172  623   15.00
200818429422 12172  323   15.00
200818429705 1 072  123   15.00
200818430241 1 172  123   15.00
200818430244 1 172  123   15.00
200818430253 1 172  123   15.00
200818430498 12172  422    5.00
200818430500 12172  423   15.00
200818431141 1 172  623   15.00
200818431211 1 072  323   15.00
200818431255 1 072  123   15.00
200818432455 1 172  123   15.00
200818432816 1 172  323   15.00
200818959083 1 073  923   21.64
200818959357 1 073  923   21.64
200818959485 1 173  923   21.64
200818959527 1 073  223   16.47
200818959617 12173  123   16.47
200818959623 1 173  122    5.49
200818959853 1 173 1023   31.93
200818960464 1 073 1023   31.93
200818960469 1 073 1023   31.93
200818960772 12173  223   16.47
200818960831 1 073 1023   31.93
200818960850 1 073  923   21.64
200818960882 1 073 1023   31.93
200818961510 1 073 1023   31.93
200818961883 1 173  122    5.49
200818961963 1 173  223   16.47
200818962058 1 073  123   16.47
200818962183 1 073  123   16.47
200818962907 1 173  223   16.47
200818964300 1 073  924  259.72
200819006857 1 075  443   16.15
200819007002 1 175  343   16.15
200819007255 1 175  443   16.15
200819365502 1 074  123   16.70
200819367380 12174  923   16.70
200819368257 12174  923   16.70
200819368477 1 074  223   16.70
200819368821 1 174  923   16.70
200819369473 1 074  923   16.70
200819370103 1 074  923   16.70
200819371074 1 074  123   16.70
200820169032 19975  243   16.15
200820169145 19975  143   16.15
200820169598 19975  243   16.15
200820169770 19975  243   16.15
200820169952 1 075  143   16.15
200820170260 19975  243   16.15
200820170423 19975  243   16.15
200820170663 19975  143   16.15
200820170690 19975  543   14.07
200820170742 19975  243   16.15
200820170834 1 175  243   16.15
200820171602 19975  243   16.15
200820171725 19975  143   16.15
200820171799 19975  243   16.15
200820172154 1 175  543   14.07
200820172227 19975  243   16.15
200820172289 19975  244  258.41
200820172546 19975  543   14.07
200820172566 19975  243   16.15
200820173155 19975  543   14.07
200820173318 19975  143   16.15
200820173702 19975  543   14.07
200820173730 19975  143   16.15
200820174782 1 075  143   16.15
200820174937 1 175  443   16.15
200820175061 19975  143   16.15
200820175061 29975  143   16.15
200820511431 12176  444  210.58
200820511660 12176  443  105.29
200820511700 1 076  744  300.83
200820511819 1 176  343  105.29
200820511840 12176  644  210.58
200820512862 1 076  344  210.58
200820512902 1 076  343  105.29
200820513019 1 076  543  105.29
200820882854 12197  243   13.34
200820883716 1 096 1143   13.11
200820884198 1 196 4344  255.21
200820884999 1 196 3343   19.19
200820885669 1 097  143   13.34
200820887014 1 096 2043   12.24
200820889112 1 196  843   15.51
200820889945 1 196 1843   15.16
200820890677 1 196  843   15.51
200820891218 1 196 2043   12.24
200820893148 1 197  243   13.34
200820893159 1 197  243   13.34
200820893790 19996 1843   15.16
200820894292 1 197  243   13.34
200820895507 1 096 2043   12.24
200820896358 19997  243   13.34
200820896364 1 097  243   13.34
200820896721 1 196 4343   15.95
200820897755 1 196 2043   12.24
200820897888 19796 2043   12.24
200820898442 1 097  543   20.54
200820898604 1 196  643   12.24
200820898604 2 196  643   12.24
200820898846 1 096  144  260.00
200820899660 1 196 1143   13.11
200820910648 1 078  143   55.32
200820910659 12178  144  276.59
200820910702 1 078  243   55.32
200820910724 1 078  143   55.32
200820910733 1 078  141   55.32
200820910958 1 078  143   55.32
200820910965 1 178  143   55.32
200820911201 1 178  143   55.32
200820911354 12178  143   55.32
200820911431 1 178  144  276.59
200820911488 1 078  243   55.32
200820911549 1 078  143   55.32
200820911553 1 178  144  276.59
200820911596 1 078  443   55.32
200820911655 12178  143   55.32
200820911884 1 178  143   55.32
200820911990 12178  143   55.32
200820912030 1 078  143   55.32
200820912192 1 078  143   55.32
200820912433 1 178  143   55.32
200820912521 1 078  243   55.32
200820912669 1 178  143   55.32
200820912780 1 178  343   55.32
200820913041 1 078  243   55.32
200820913123 1 078  143   55.32
200820913132 1 078  143   55.32
200820913193 1 078  143   55.32
200820913205 1 078  143   55.32
200820913383 1 078  143   55.32
200820913545 1 078  143   55.32
200820913555 1 178  143   55.32
200820913623 1 078  143   55.32
200820913662 1 078  143   55.32
200820913728 1 178  143   55.32
200820913731 1 078  143   55.32
200820913975 1 078  243   55.32
200820914184 1 078  143   55.32
200820914192 1 078  143   55.32
200820914250 1 078  143   55.32
200820914265 1 078  143   55.32
200820914599 1 078  144  276.59
200821004083 1 079  743   11.09
200821004292 12179  743   11.09
200821004523 1 079  743   11.09
200821004574 12179  744  255.16
200821005330 1 079  743   11.09
200821005544 1 179  743   11.09
200821005644 1 179  743   11.09
200821005663 1 079  743   11.09
200821005835 1 079  743   11.09
200821005959 1 079  743   11.09
200821005973 1 079  744  255.16
200821005994 1 079  743   11.09
200821006195 1 079  743   11.09
200821006227 1 179  743   11.09
200821006253 1 079  743   11.09
200821006489 1 079  743   11.09
200821006514 1 079  743   11.09
200821007384 1 079  743   11.09
200821007424 1 079  743   11.09
200821007598 1 079  743   11.09
200821007885 1 079  743   11.09
200821007912 1 179  743   11.09
200821008075 12179  743   11.09
200821008664 1 179  744  255.16
200821008822 1 179  743   11.09
200821008937 1 079  743   11.09
200821008948 1 079  743   11.09
200821008977 1 179  743   11.09
200821009421 1 079  743   11.09
200821009682 1 179  744  255.16
200821010066 1 079  143   11.09
200821010346 1 179  743   11.09
200821010387 1 179  743   11.09
200821010601 1 079  743   11.09
200821011050 1 179  743   11.09
200821011072 1 179  743   11.09
200821011079 1 079  743   11.09
200821011582 1 079  746  110.94
200821011638 1 079  743   11.09
200821011871 1 179  743   11.09
200821011995 1 079  743   11.09
200821012286 1 179  743   11.09
200821012342 1 179  743   11.09
200821013068 1 179  143   11.09
200821200385 1 042 1033   11.18
200821200446 1 042 1133   11.90
200821200754 14042  433   16.67
200821200803 1 042  433   16.67
200821200919 1 042  133   16.67
200821201203 1 042  133   16.67
200821201317 1 142  133   16.67
200821201523 1 042  134  258.30
200821201526 1 142  133   16.67
200821201635 1 042 1133   11.90
200821203217 1 142  133   16.67
200821203273 1 042 1033   11.18
200821203346 1 042  133   16.67
200821203495 1 042  433   16.67
200821203634 1 042  433   16.67
200821203651 1 142  133   16.67
200821203968 1 142  333   16.67
200821204376 1 142  433   16.67
200821204405 1 042  433   16.67
200821204767 14042  133   16.67
200821205603 1 042  133   16.67
200821205707 1 042  333   16.67
200821205803 1 042 1133   11.90
200821205891 1 042  133   16.67
200821206151 1 042  433   16.67
200821206380 1 042  333   16.67
200821206996 1 042  433   16.67
200821207075 1 042  233   16.67
200821207216 1 042  133   16.67
200821208131 14042  233   16.67
200821208179 1 042  433   16.67
200821211609 12142  133   16.67
200821211653 1 042  133   16.67
200821211690 1 042  133   16.67
200821211964 1 142  433   16.67
200821211964 12842  433   16.67
200821213249 1 042  133   16.67
200822067166 1 081  343   14.42
200822068717 1 081  443   14.42
200822070596 1 081  743   15.56
200822071236 1 081 1043   12.02
200822071325 1 081  343   14.42
200822072562 1 181  143   14.42
200822072833 1 081  143   14.42
200822073441 1 081  443   14.42
200822073484 1 181  343   14.42
200822073655 1 081  143   14.42
200822074326 19981  343   14.42
200822074810 1 081  743   15.56
200822074899 1 081  543   14.42
200822075440 1 081  443   14.42
200822075499 1 081  543   14.42
200822075718 1 081  743   15.56
200822076271 1 081  744  259.36
200822077057 1 081  743   15.56
200822077404 1 181  743   15.56
200822078289 1 081  343   14.42
200822382112 1 182  143   16.42
200822382363 12182  143   16.42
200822382537 1 182  143   16.42
200822383156 1 182  143   16.42
200822383189 1 082  143   16.42
200822383757 1 082  143   16.42
200822383994 1 082  143   16.42
200822384453 1 082  143   16.42
200822384707 1 182  143   16.42
200822385125 1 082  143   16.42
200822385157 1 182  143   16.42
200822385646 1 182  143   16.42
200822385921 1 082  143   16.42
200822386503 1 182  143   16.42
200822386516 19982  143   16.42
200822386732 1 182  143   16.42
200822386732 19882  143   16.42
200822387252 1 182  143   16.42
200822387269 1 082  143   16.42
200822387593 12182  143   16.42
200822387609 19982  143   16.42
200822387625 1 082  143   16.42
200822387887 12182  143   16.42
200822388114 1 182  143   16.42
200822388366 12282  143   16.42
200822388374 1 082  143   16.42
200822388407 1 082  143   16.42
200822388700 1 082  143   16.42
200822388728 1 082  143   16.42
200822388987 1 182  143   16.42
200822389481 1 082  143   16.42
200822389529 1 182  143   16.42
200822389542 1 182  143   16.42
200822389730 1 082  143   16.42
200822389755 1 482  143   16.42
200822389762 1 082  143   16.42
200822389791 1 182  143   16.42
200822390038 12182  143   16.42
200822390070 1 182  143   16.42
200822390083 1 182  143   16.42
200822390302 1 082  143   16.42
200822390865 1 082  143   16.42
200822390897 1 082  143   16.42
200822391116 1 082  143   16.42
200822391156 1 082  143   16.42
200822391339 1 182  144  257.18
200822391399 1 182  143   16.42
200822391696 1 182  143   16.42
200822391971 1 182  143   16.42
200822391993 1 182  143   16.42
200822392243 1 082  143   16.42
200822392260 1 182  143   16.42
200822392267 1 082  143   16.42
200822392277 1 182  143   16.42
200822392526 1 182  143   16.42
200822392549 1 082  143   16.42
200822392807 1 082  143   16.42
200822393118 1 082  143   16.42
200822393423 1 082  143   16.42
200822393460 1 182  143   16.42
200822393658 1 082  143   16.42
200822393661 1 182  143   16.42
200822393700 1 082  143   16.42
200822393724 12182  143   16.42
200822393957 1 082  143   16.42
200822394347 1 082  143   16.42
200822394901 1 082  143   16.42
200822394942 1 182  143   16.42
200822395072 1 082  143   16.42
200822395100 1 082  143   16.42
200822396362 1 182  143   16.42
200823900134 1 050 1033   38.20
200823900812 1 050  333   13.81
200823902318 1 050  233   13.81
200823902398 1 050  233   13.81
200823903381 1 150  733   13.68
200823903385 1 050  733   13.68
200823903506 1 150  133   13.81
200823904196 19950  333   13.81
200823904628 1 050  733   13.68
200823904826 12150  233   13.81
200823905086 1 050  333   13.81
200823905163 12150  533   13.81
200823905756 1 050  233   13.81
200823905922 1 050  533   13.81
200823906522 1 050  433   13.81
200823907214 1 150  433   13.81
200823907893 1 150  233   13.81
200823908002 1 050  432    4.60
200823908115 1 150  533   13.81
200823908598 1 050  533   13.81
200823909363 1 050  333   13.81
200823909570 1 150  233   13.81
200823910602 1 050  733   13.68
200823910634 1 050  233   13.81
200827608034 1 0 9  133   14.39
200827913131 1 0 9  633   14.39
200829932011 121 1  113   33.89
200829932642 1 0 1  213   33.89
200829932765 1 0 1  113   33.89
200829932768 121 1  413   33.89
200829933056 1 0 1 1314  271.10
200829933336 1 0 1  413   33.89
200829933339 1 0 1  113   33.89
200829933789 121 1  813   33.89
200829933884 1 0 1  114  271.10
200830019256 1 1 7  113   18.79
200830019910 1 0 7  113   18.79
200830019936 121 7  513   19.32
200830019957 1 0 7 1016  104.07
200830019974 1 0 7  513   19.32
200830020007 121 7  313   18.79
200830020023 1 0 7 1614  230.20
200830020047 1 0 7 1013   52.04
200830020324 1 0 7  214  263.11
200830020506 121 7 1013   52.04
200830020551 1 0 7  313   18.79
200830253410 1 023  113   21.38
200830253747 1 023  113   21.38
200830253972 1 123  113   21.38
200830253982 12123  113   21.38
200830254079 1 023  213   14.97
200830254183 1 123  113   21.38
200830254804 1 023  113   21.38
200830254901 12123  113   21.38
200830255049 1 123  113   21.38
200830255076 12123  113   21.38
200830255437 1 123  413   14.97
200830255469 1 023  113   21.38
200830255972 1 023  113   21.38
200830256317 12123  114  256.57
200830256462 1 023  113   21.38
200830256730 1 023  113   21.38
200830256754 1 123  113   21.38
200830256794 1 023  913   10.71
200830256804 1 023  913   10.71
200830256973 12123  113   21.38
200830257103 1 123  113   21.38
200830257482 1 023  113   21.38
200830257591 1 023  114  256.57
200830258398 1 123  113   21.38
200830258451 1 123  113   21.38
200830258591 1 123  113   21.38
200830351798 19925 1414  214.19
200830351942 1 025  113   12.07
200830352484 1 124 1214  239.84
200830353363 1 125  113   12.07
200830353395 1 025  713   45.17
200830353592 1 025  213   12.07
200830353611 1 125  713   45.17
200830353856 1 125  213   12.07
200830354254 1 125  613   40.61
200830354622 1 125  313   12.07
200830354886 12124  113   16.72
200830354989 12124  514  256.53
200830355228 1 025 1413  107.09
200830355434 1 124  514  256.53
200830355534 1 124  214  266.74
200830355563 1 124  713   17.39
200830355684 12124  113   16.72
200830355821 1 024  213   16.67
200830355858 1 025  314  253.47
200830355993 1 124  913   28.45
200830356097 1 124 1213   39.97
200830356402 1 025  113   12.07
200830356580 1 025  113   12.07
200830356581 1 025  113   12.07
200830356767 19924  913   28.45
200830357031 1 124 1213   39.97
200830357090 1 125  313   12.07
200830357356 1 125  213   12.07
200830357805 1 125  713   45.17
200830412788 1 032  123   20.94
200830418974 1 010 1523   13.60
200830419007 1 010 2423   27.10
200830420411 1 010  123   16.20
200830421394 1 110  523   15.08
200830421787 1 033  123   13.85
200830422104 19932  123   20.94
200830422195 12132  123   20.94
200830422654 1 010  523   15.08
200830422839 1 010  323   16.20
200830423634 1 033 1223   11.14
200830424323 1 133  823   12.51
200830424323 12833  823   12.51
200830424440 1 033 1623   22.77
200830424441 1 033 1623   22.77
200830424441 2 033 1623   22.77
200830424716 1 032  124  251.23
200830424991 1 110 1523   13.60
200830425000 1 010 1523   13.60
200830425198 1 010  123   16.20
200830425576 19810  223   16.20
200830426126 1 033  623   18.75
200830426133 1 033  623   18.75
200830426635 12110 1523   13.60
200830427089 1 133  223   13.85
200830427194 1 033 1223   11.14
200830427587 1 010  323   16.20
200830427682 1 010 1523   13.60
200830428717 1 133 1223   11.14
200830429460 1 010 1523   13.60
200830429493 1 010 1523   13.60
200830429740 1 032  123   20.94
200830429842 1 032  123   20.94
200830430019 1 110  523   15.08
200830431801 1 410 1524  258.34
200830433737 1 133 1623   22.77
200830434258 1 110 2423   27.10
200830437591 12110 1723   17.01
200830887536 12191  923   15.90
200830887916 1 091 4623   14.80
200830887927 1 091 4623   14.80
200830888481 1 191  423   16.49
200830888727 1 091  923   15.90
200830889690 1 191  923   15.90
200830889849 1 091 1923   13.59
200830890203 1 091 4623   14.80
200830890226 1 091 4623   14.80
200830890543 12191  723   16.98
200830890943 1 091 1923   13.59
200830890997 1 091 5523   16.07
200830891208 1 091 4623   14.80
200830891450 1 191 1423   11.76
200830891777 1 191 1923   13.59
200830891963 19991 1523   15.50
200830892042 1 091 6723   21.53
200830892146 1 09111323   30.41
200830892427 1 191 4623   14.80
200830892439 1 091 3223   10.36
200830892480 1 091 3223   10.36
200830892664 1 091 1523   15.50
200830893028 1 091  923   15.90
200830893356 12191  923   15.90
200830893670 1 191 1423   11.76
200830894011 1 091 3223   10.36
200830894031 1 091 3223   10.36
200830894104 1 091 5523   16.07
200830894126 1 091 5523   16.07
200830894824 1 191  723   16.98
200831100169 1 122  113   29.32
200831100340 1 122  214  263.86
200831100351 1 022  113   29.32
200831120053 1 022  113   29.32
200831120159 1 022  113   29.32
200831120337 1 022  813   88.51
200831120428 1 022  113   29.32
200831120436 1 022  813   88.51
200831120592 1 022  114  263.86
200831251467 1 126  913   12.51
200831253892 1 026  713   15.80
200831254213 1 026  713   15.80
200831254267 1 126 1313   33.33
200831254323 1 126  113   16.98
200831254495 1 126  113   16.98
200831254511 1 026 1313   33.33
200831255109 1 126  113   16.98
200831255249 1 026  713   15.80
200831255498 1 026  114  258.88
200831255965 1 026  213   16.98
200831256133 1 026  914  262.68
200831407969 1 028  334  323.24
200831407979 1 028  133  161.62
200831408045 1 028  133  161.62
200831589571 1 130  123   11.32
200831589651 1 030  123   11.32
200831589680 12130  123   11.32
200831589993 1 030  223   13.60
200831590169 1 030  123   11.32
200831590743 1 130  123   11.32
200831591399 1 030  123   11.32
200831591523 1 130  123   11.32
200831591721 1 129  123   17.18
200831591746 1 030  123   11.32
200831592178 1 130  123   11.32
200831592479 1 030  123   11.32
200831592689 1 030  123   11.32
200831592970 12130  123   11.32
200831593195 1 130  123   11.32
200831593195 2 130  123   11.32
200831593231 1 130  123   11.32
200831593244 1 030  123   11.32
200831593276 1 030  123   11.32
200831593591 1 030  123   11.32
200831593857 1 030  123   11.32
200831593902 1 029  123   17.18
200831593987 1 030  224  258.34
200831594051 1 130  123   11.32
200831594152 1 030  123   11.32
200831594307 1 130  123   11.32
200831594340 1 130  123   11.32
200831594832 1 030  123   11.32
200831595822 1 130  123   11.32
200831595887 1 030  223   13.60
200831596209 1 030  123   11.32
200831596733 1 030  123   11.32
200831597980 1 030  124  260.35
200831727055 12144  334  270.56
200831727073 1 044  433   45.09
200831727073 2 044  433   45.09
200831727246 1 044  633   85.16
200831727461 1 044  133   45.09
200831837186 1 046  533   22.46
200831837720 1 046  133   22.46
200831837962 1 046  433   22.46
200831838317 1 046  333   22.46
200831838695 1 046  134  269.57
200831839253 1 046  333   22.46
200831839536 1 046  533   22.46
200831840719 1 046  334  269.57
200832026966 1 461  233   34.72
200832027042 14261  533   34.72
200832027067 14061  233   34.72
200832027134 1 061  533   34.72
200832027148 1 061  233   34.72
200832027163 1 061  133   34.72
200832027303 1 061  233   34.72
200832027306 1 061  233   34.72
200832027317 1 061  133   34.72
200832027363 1 161  133   34.72
200832027372 1 061  133   34.72
200832027391 1 161  133   34.72
200832027506 12161  233   34.72
200832027554 1 061  133   34.72
200832027623 1 061  133   34.72
200832027625 1 061  133   34.72
200832027670 1 061  133   34.72
200832027704 14061  133   34.72
200832027704 14261  133   34.72
200832027750 1 061  134  243.00
200832027768 1 061  133   34.72
200832027789 1 061  433   34.72
200832027809 1 161  233   34.72
200832027821 1 061  233   34.72
200832027826 1 161  234  243.00
200832027841 1 161  234  243.00
200832027847 1 061  233   34.72
200832027861 1 061  333   34.72
200832027874 1 161  134  243.00
200832027955 1 061  233   34.72
200832027989 1 161  133   34.72
200832027998 14061  133   34.72
200832027998 24061  133   34.72
200832028024 1 161  233   34.72
200832028029 1 061  234  243.00
200832028054 1 061  133   34.72
200832028081 1 061  133   34.72
200832028126 1 161  133   34.72
200832028195 1 061  133   34.72
200832028200 1 061  533   34.72
200832028215 1 061  233   34.72
200832028252 14061  133   34.72
200832028258 1 061  133   34.72
200832028275 1 061  134  243.00
200832028312 1 061  133   34.72
200832028354 1 161  233   34.72
200832028377 1 061  233   34.72
200832028379 1 061  433   34.72
200832028402 1 061  133   34.72
200832028436 1 161  533   34.72
200832028478 1 061  233   34.72
200832028487 1 061  333   34.72
200832028498 1 061  133   34.72
200832028506 1 161  133   34.72
200832028579 1 161  133   34.72
200832028581 1 061  133   34.72
200832028650 1 161  134  243.00
200832028658 1 161  333   34.72
200832028663 1 161  533   34.72
200832028747 1 161  233   34.72
200832028766 1 061  133   34.72
200832028771 14061  133   34.72
200832028780 1 061  333   34.72
200832028794 1 161  233   34.72
200832028812 1 061  433   34.72
200832028821 1 061  433   34.72
200832028836 1 061  133   34.72
200832028889 1 061  433   34.72
200832028912 1 061  133   34.72
200832028962 1 161  333   34.72
200832029034 1 161  233   34.72
200832029050 1 061  133   34.72
200832029078 1 061  233   34.72
200832029192 1 161  233   34.72
200832029218 1 061  133   34.72
200832029239 1 061  633   34.72
200832029248 1 161  133   34.72
200832029298 1 061  233   34.72
200832029341 14061  133   34.72
200832029385 1 061  433   34.72
200832029537 1 061  133   34.72
200832029550 14061  533   34.72
200832029565 1 061  233   34.72
200832029573 1 061  233   34.72
200832029598 1 161  133   34.72
200832029690 1 061  233   34.72
200832029692 1 061  233   34.72
200832029748 1 061  233   34.72
200832029776 1 061  133   34.72
200832029802 1 161  133   34.72
200832029812 1 061  133   34.72
200832029826 1 161  533   34.72
200832029840 1 061  233   34.72
200832029860 1 161  133   34.72
200832029897 1 061  433   34.72
200832029913 12261  133   34.72
200832029927 1 061  133   34.72
200832030010 14061  136  104.14
200832030023 1 061  233   34.72
200832030059 1 161  133   34.72
200832030222 1 061  333   34.72
200832030226 1 061  533   34.72
200832030382 1 061  433   34.72
200832159775 1 062  333   24.55
200832161015 1 062  233   24.55
200832161389 12163  133   13.96
200832161661 1 163  133   13.96
200832162309 1 062  233   24.55
200832162418 1 163  133   13.96
200832162731 1 163  133   13.96
200832162997 1 063  133   13.96
200832163854 12162  233   24.55
200832164246 1 062  233   24.55
200832165790 1 062  834  283.39
200832166116 12163  133   13.96
200832166327 1 063  133   13.96
200832166473 1 063  133   13.96
200832166879 1 162  233   24.55
200832167137 1 062  233   24.55
200832167360 1 063  133   13.96
200832167405 1 163  133   13.96
200832167410 1 163  133   13.96
200832167468 19963  133   13.96
200832167597 1 063  133   13.96
200832168211 1 063  133   13.96
200832168244 1 063  133   13.96
200832168245 1 063  133   13.96
200832168246 1 063  133   13.96
200832168246 2 063  133   13.96
200832168308 1 062  433   24.55
200832168323 1 162  433   24.55
200832168455 1 163  133   13.96
200832168494 1 063  133   13.96
200832169690 1 063  133   13.96
200832264978 12164  133   18.88
200832265555 12164  133   18.88
200832267947 1 064  133   18.88
200832268869 12164  133   18.88
200832269646 1 064  133   18.88
200832269646 2 064  133   18.88
200832270181 12264  133   18.88
200832338028 1 071  223   12.35
200832338243 1 071  323   12.35
200832338650 1 071  323   12.35
200832338724 1 071  223   12.35
200832338942 12171 1024  243.39
200832339219 1 071  223   12.35
200832339381 1 071  323   12.35
200832339392 1 071  522   12.35
200832339588 1 071  223   12.35
200832339591 1 171  223   12.35
200832339621 1 071 1023   81.13
200832339694 1 071  123   12.35
200832339773 1 071  723   40.21
200832339778 1 071  123   12.35
200832339818 1 071  423   12.35
200832339959 1 171  223   12.35
200832339982 12171  323   12.35
200832339990 1 071  423   12.35
200832340263 1 071 1023   81.13
200832340425 1 071  423   12.35
200832340650 1 071  123   12.35
200832340861 1 171  223   12.35
200832400050 1 077  143   14.64
200832400050 2 077  143   14.64
200832400124 1 077  143   14.64
200832400225 1 077  143   14.64
200832400231 1 077  143   14.64
200832488786 1 077  243   14.64
200832489108 1 077  143   14.64
200832490045 1 077  143   14.64
200832490061 1 177  143   14.64
200832490328 1 077  343   14.64
200832490412 1 477  143   14.64
200832490610 1 177  143   14.64
200832490706 1 077  143   14.64
200832490721 1 077  143   14.64
200832491584 1 077  143   14.64
200832491839 1 077  143   14.64
200832492116 1 177  643   14.64
200832492443 1 177  143   14.64
200832492549 1 177  143   14.64
200832492696 1 077  243   14.64
200832492793 1 077  143   14.64
200832492866 1 077  143   14.64
200832493518 1 077  142    7.32
200832493686 1 077  143   14.64
200832494552 1 177  143   14.64
200832494568 1 177  143   14.64
200832495316 1 077  143   14.64
200832495882 1 177  143   14.64
200832495930 1 077  143   14.64
200832496048 1 077  143   14.64
200832496727 1 177  143   14.64
200832496778 1 177  143   14.64
200832496885 1 077  143   14.64
200832496910 1 177  143   14.64
200832496979 1 077  143   14.64
200832497084 12177  443   14.64
200832497321 1 077  143   14.64
200832498002 1 177  143   14.64
200832498049 1 177  143   14.64
200832498320 12177  243   14.64
200832498945 1 077  143   14.64
200832559421 1 080  343   13.13
200832560107 1 080  143   13.13
200832560613 1 180  143   13.13
200832560716 1 080  343   13.13
200832561189 1 080  543   12.53
200832561213 1 080 1743   82.03
200832561820 1 080  243   13.13
200832561845 1 180  843   13.63
200832561960 12180  143   13.13
200832562248 1 180  143   13.13
200832562390 1 080 1143   27.77
200832562702 1 080  343   13.13
200832562846 1 180  343   13.13
200832563025 1 080  543   12.53
200832563077 1 180  243   13.13
200832563212 1 080  543   12.53
200832563371 1 080  143   13.13
200832563379 1 080  143   13.13
200832563435 1 080 1143   27.77
200832563689 1 080  143   13.13
200832563769 1 180  343   13.13
200832563793 1 180  343   13.13
200832563810 1 080  443   13.13
200832563822 1 080  543   12.53
200832563887 1 080 1144  249.88
200832564025 1 080  143   13.13
200832564100 1 180  543   12.53
200832564150 1 180  443   13.13
200832564258 1 080  543   12.53
200832564274 1 080  543   12.53
200832564275 1 080  543   12.53
200832564334 12180  143   13.13
200832564694 1 080  143   13.13
200832564746 1 080  543   12.53
200832564761 1 080  543   12.53
200832564769 1 080  343   13.13
200832564896 1 180  543   12.53
200832564910 1 080  543   12.53
200832565093 1 180  543   12.53
200832565237 19980  343   13.13
200832565261 1 080  543   12.53
200832565393 1 180  543   12.53
200832565417 1 080 1143   27.77
200832565532 1 080  543   12.53
200832565710 1 080  443   13.13
200832565729 12180  243   13.13
200832565802 12180 1143   27.77
200832566153 1 080  443   13.13
200832566175 1 180  144  255.94
200832566358 19980  243   13.13
200832566943 1 180  543   12.53
200832567108 1 080  543   12.53
200832567148 1 080 1743   82.03
200832567621 1 080  443   13.13
200832567743 1 080  143   13.13
200832567783 1 080 1143   27.77
200832567873 1 080  243   13.13
200832610023 1 092  423   13.43
200832610706 1 192 4123   46.50
200832611869 12192 4123   46.50
200832612221 1 092  123   13.43
200832612678 1 092 1123   10.30
200832613698 1 092 1123   10.30
200832614197 1 092  323   13.43
200832615084 1 092  323   13.43
200832615161 1 192 1523   16.06
200832615643 1 092 1123   10.30
200832616195 1 092  223   13.43
200832616576 1 092  123   13.43
200832617523 1 092 1623   19.12
200832619072 1 092 3823   46.92
200832873187 1 095  143   12.13
200832874491 1 095  143   12.13
200832874688 12195  143   12.13
200832875367 12195  743   12.07
200832875605 1 095  143   12.13
200832875754 1 095  143   12.13
200832876053 1 095  143   12.13
200832876829 1 095  143   12.13
200832878123 1 195  443   15.16
200832878348 1 195  143   12.13
200832878686 1 095  243   15.16
200832879027 1 195  143   12.13
200832879037 1 095  143   12.13
200832879154 1 095  143   12.13
200832879499 1 195  143   12.13
200832879662 1 095  143   12.13
200832879698 1 195  143   12.13
200832879787 1 095  443   15.16
200832880015 1 095  143   12.13
200832880161 1 195  143   12.13
200832880611 1 195  143   12.13
200832880618 1 195  143   12.13
200832880690 1 095  143   12.13
200832881031 1 095  143   12.13
200832881171 1 095  143   12.13
200832881204 1 095  143   12.13
200832881619 1 095  143   12.13
200832881637 1 095  143   12.13
200832881772 1 195  143   12.13
200832882915 1 095  243   15.16
200844003235 19975  344  258.41
200851800644 12175  343   16.15
200851800684 19975  343   16.15
200859652154 1 094  143   15.76
200859652169 19994  143   15.76
200859652430 19994  143   15.76
200859652544 19994  343   15.76
200859652677 19994  143   15.76
200859652683 19994  143   15.76
200859652698 1 194  143   15.76
200859652907 1 094  143   15.76
200859652912 1 094  143   15.76
200859653117 1 094  143   15.76
200859653154 1 194  143   15.76
200859653306 19994  143   15.76
200859653366 19994  243   15.76
200859653380 1 094  343   15.76
200859653437 1 094  343   15.76
200859653537 1 094  143   15.76
200859653647 15194  443   15.76
200859653671 1 194  443   15.76
200859653692 19994  544  249.74
200859653706 19994  543   31.22
200859653743 1 194  146  110.31
200859653784 19994  143   15.76
200859653821 19994  243   15.76
200859654060 19994  544  249.74
200859654148 1 094  143   15.76
200859654161 1 194  143   15.76
200859654225 19994  143   15.76
200859654233 1 894  143   15.76
200859654234 12194  143   15.76
200859654265 1 094  143   15.76
200859654270 1 194  143   15.76
200859654347 19994  343   15.76
200859654408 19994  343   15.76
200859654444 19994  243   15.76
200859654524 19994  143   15.76
200859654553 1 094  143   15.76
200859654671 19994  443   15.76
200859654697 1 194  544  249.74
200859654769 1 094  143   15.76
200859654784 1 094  143   15.76
200859654794 19994  143   15.76
200859654797 1 094  143   15.76
200859654825 1 094  343   15.76
200859654863 19994  344  252.15
200859654870 1 094  343   15.76
200859654889 1 194  344  252.15
200859654922 1 194  343   15.76
200859654929 12194  242   15.76
200859654966 1 194  143   15.76
200859654975 1 194  143   15.76
200859655024 1 094  143   15.76
200859655026 1 194  143   15.76
200859655027 1 194  143   15.76
200859655032 19994  143   15.76
200859655049 1 894  143   15.76
200859655051 19994  144  252.15
200859655140 1 194  543   31.22
200859655174 1 194  243   15.76
200859655205 19994  143   15.76
200859655230 1 194  143   15.76
200859655242 19994  143   15.76
200859655245 19994  143   15.76
200859655247 19994  143   15.76
200859655258 19994  143   15.76
200859655434 19994  243   15.76
200859655446 1 194  143   15.76
200859655447 19994  143   15.76
200859655454 1 194  143   15.76
200859655486 1 194  143   15.76
200859655513 19994  143   15.76
200859655526 19994  143   15.76
200859655651 19994  543   31.22
200859655676 19994  143   15.76
200859655700 19994  143   15.76
200859655710 19994  146  110.31
200859655712 1 094  143   15.76
200859655744 19994  243   15.76
200859655764 19994  243   15.76
200859655970 19994  143   15.76
200859655974 1 094  143   15.76
200859656071 19794  443   15.76
200859656157 1 094  243   15.76
200859656203 1 194  144  252.15
200859656208 19994  143   15.76
200859656218 1 094  143   15.76
200859656236 1 494  143   15.76
200859656238 19894  143   15.76
200859656244 19994  143   15.76
200859656260 1 194  143   15.76
200859656261 1 094  143   15.76
200859656265 19994  143   15.76
200859656266 1 094  143   15.76
200859656287 1 194  143   15.76
200859656289 1 194  143   15.76
200859656294 19994  143   15.76
200859656373 1 094  343   15.76
200859656399 19994  343   15.76
200859656424 1 194  343   15.76
200859656470 1 094  243   15.76
200859656553 19994  143   15.76
200859656564 19994  143   15.76
200859656574 19994  143   15.76
200859656586 1 194  143   15.76
200859656593 19994  143   15.76
200859656603 19994  143   15.76
200859656617 19994  143   15.76
200859656628 19994  143   15.76
200859656639 1 194  143   15.76
200859656667 19994  243   15.76
200859656768 19994  343   15.76
200859656785 19994  343   15.76
200859656827 1 194  143   15.76
200859656853 1 494  143   15.76
200859656951 1 094  443   15.76
200859656990 1 194  543   31.22
200859657050 1 194  143   15.76
200859657063 19994  143   15.76
200859657084 19994  143   15.76
200859657093 19994  143   15.76
200859657100 19994  144  252.15
200859657103 19994  143   15.76
200859657107 19994  143   15.76
200859657122 1 194  143   15.76
200859657149 1 894  143   15.76
200859657208 19994  143   15.76
200859657218 19994  143   15.76
200859657235 1 194  143   15.76
200859657500 1 194  143   15.76
200859657503 1 094  143   15.76
200859657505 19994  143   15.76
200859657509 1 194  143   15.76
200859657542 1 094  143   15.76
200859657678 1 194  143   15.76
200859657835 19994  343   15.76
200859657957 19994  343   15.76
200859658270 1 194  146  110.31
200859658316 19994  443   15.76
200859658334 19994  444  252.15
200862405518 1 079  143   11.09
200862405522 1 179  143   11.09
200862405551 1 079  144  255.16
200862405657 1 079  143   11.09
200864300277 1 079  143   11.09
200864300299 1 079  143   11.09
200864300406 1 079  143   11.09
200864300468 1 179  143   11.09
200864300556 1 179  143   11.09
200864300667 1 179  143   11.09
200864600942 1 011  123   19.05
200864601034 1 011  123   19.05
200864601174 1 011  123   19.05
200864601308 1 011  123   19.05
200864601415 1 011  123   19.05
200864601464 1 011  123   19.05
200864601571 1 011  123   19.05
200864601599 1 011  123   19.05
200865501626 19943  233   12.22
200865501849 1 043  134  256.65
200865502579 1 043  133   12.22
200865503354 1 043  133   12.22
200865503514 1 143  134  256.65
200865503861 1 043  233   12.22
200865504005 1 043  233   12.22
200865505446 1 043  133   12.22
200865600210 19975  343   16.15
200865600229 1 075  343   16.15
200865600271 19975  343   16.15
200865600373 19975  343   16.15
200865600436 19975  343   16.15
200865600502 1 075  443   16.15
200865900189 1 079  743   11.09
200865900313 1 179  143   11.09
200865900346 1 079  143   11.09
200865900350 1 079  143   11.09
200865900365 1 079  143   11.09
200865900436 1 079  143   11.09
200865900578 12179  143   11.09
200865900708 1 079  143   11.09
200865900829 1 079  143   11.09
200865900869 1 079  143   11.09
200865900931 1 079  144  255.16
200865900932 1 079  143   11.09
200865900951 1 179  143   11.09
200865901010 1 079  143   11.09
200865901034 1 079  143   11.09
200865901052 1 179  143   11.09
200865901128 1 079  143   11.09
200865901168 12179  143   11.09
200865901168 22179  143   11.09
200865901180 1 079  743   11.09
200865901270 1 079  143   11.09
200865901356 1 179  143   11.09
200865901415 1 179  143   11.09
200868501019 1 043  133   12.22
200868501083 1 143  133   12.22
200868502251 1 043  133   12.22
200868502419 1 443  133   12.22
200868502419 12143  133   12.22
200868502494 1 043  133   12.22
200868502569 12143  133   12.22
200868600129 1 143  133   12.22
200868600368 12143  133   12.22
200868600751 1 043  133   12.22
200868700675 1 111  324  266.71
200868700698 1 011  323   19.05
200868700723 1 011  323   19.05
200868700904 1 011  323   19.05
200868700981 12111  323   19.05
200868700984 1 111  323   19.05
200868700997 1 111  323   19.05
200868701000 1 011  323   19.05
200868701017 1 011  323   19.05
200868701065 1 111  323   19.05
200868701076 1 011  323   19.05
200868701103 12111  323   19.05
200868701207 1 011  323   19.05
200868701218 1 011  323   19.05
200868701280 1 111  323   19.05
200868701373 1 011  323   19.05
200868701380 1 111  323   19.05
200868701388 1 011  323   19.05
200868701390 1 111  323   19.05
200868701390 19811  323   19.05
200868701429 1 011  323   19.05
200868701435 1 011  323   19.05
200868701467 1 011  323   19.05
200868701468 1 011  323   19.05
200868701476 1 011  323   19.05
200868701502 1 111  324  266.71
200868701563 1 111  323   19.05
200868701583 1 011  323   19.05
200868701664 1 011  323   19.05
200868701680 1 011  323   19.05
200868701751 1 011  323   19.05
200868701813 1 011  323   19.05
200868701816 12111  324  266.71
200868701859 1 011  323   19.05
200868701926 1 011  324  266.71
200868801157 1 011  123   19.05
200871009837 1 143  133   12.22
200886102473 121 6 2014  251.94
200886102767 121 6 1113   17.88
200886102939 121 6 2614  263.15
200886103067 1 0 6 2013   14.82
200886103163 1 0 6 1413   11.62
200886103359 121 6 1413   11.62
200886103409 1 0 6  713   16.46
200886103409 2 0 6  713   16.46
200886103413 1 0 6 2013   14.82
200886103491 1 0 6 2013   14.82
200886103565 1 1 6 2013   14.82
200886103836 1 0 6  513   16.36
200886103856 1 0 6 2013   14.82
200886103858 199 6 2013   14.82
200886103878 1 0 6 1413   11.62
200886104039 1 0 6 1413   11.62
200886104075 199 6 2613   20.24
200886104106 121 6 2013   14.82
200886104106 221 6 2013   14.82
200886104108 1 0 6 2013   14.82
200886104151 1 0 6  213   13.81
200886104187 1 0 6  513   16.36
200886104221 121 6 1414  255.66
200886104222 1 0 6 1413   11.62
200886104294 121 6  713   16.46
200886104305 1 1 6 2013   14.82
200886104324 1 0 6  113   13.81
200886104360 1 1 6  214  259.68
200886104394 199 6 1413   11.62
200886104661 1 0 6 1413   11.62
200886104664 1 0 6 2613   20.24
200886104738 121 6  713   16.46
200886104741 1 1 6 2013   14.82
200886104801 1 0 6 2613   20.24
200886104825 121 6  713   16.46
200886104876 1 0 6  213   13.81
200886104879 1 1 6  413   17.24
200886104893 1 1 6  513   16.36
200886104924 121 6 1413   11.62
200886104975 121 6 2613   20.24
200886104983 1 0 6  713   16.46
200886104993 1 0 6 2013   14.82
200886104996 121 6 2013   14.82
200886105087 1 1 6 1413   11.62
200886105113 199 6 1113   17.88
200886105141 1 0 6 2613   20.24
200886105147 1 1 6  513   16.36
200886105241 1 1 6 2613   20.24
200886105243 121 6 2613   20.24
200886105328 1 0 6  513   16.36
200886105351 1 0 6 2013   14.82
200886105382 1 1 6 1113   17.88
200886105493 1 1 6 2612   20.24
200886105494 121 6 2614  263.15
200886105592 1 0 6 2613   20.24
200886105593 121 6 2613   20.24
200886105597 121 6 2613   20.24
200886105619 1 1 6 2013   14.82
200886105627 1 0 6 1413   11.62
200886105647 121 6 1113   17.88
200886105723 1 0 6 2613   20.24
200886105758 121 6 2013   14.82
200886105764 199 6 1413   11.62
200886106139 1 0 6  413   17.24
200886300236 1 079  143   11.09
200886300282 1 179  143   11.09
200886300296 1 079  143   11.09
200886300471 1 179  143   11.09
200886300472 12179  143   11.09
200886300486 1 079  143   11.09
200886300613 1 079  143   11.09
200886300635 1 079  143   11.09
200886300643 19979  143   11.09
200886300780 1 079  143   11.09
200886300850 1 079  143   11.09
200886300882 1 079  143   11.09
200886300915 1 079  143   11.09
200888000668 1 027  132    9.08
200888001093 12127  133   18.16
200888002101 1 127  133   18.16
200888002191 1 127  133   18.16
200888002354 1 027  133   18.16
200888003720 1 027  233   18.16
200888003749 1 027  233   18.16
200888004055 1 027  133   18.16
200888004060 1 027  133   18.16
200888004832 12127  133   18.16
200888004856 1 027  133   18.16
200888004903 1 027  133   18.16
200888005024 12127  133   18.16
200888005123 1 127  133   18.16
200888005219 1 027  233   18.16
200888005327 1 027  233   18.16
200888005566 1 027  233   18.16
200888005671 1 027  233   18.16
200888005950 1 127  133   18.16
200888006013 1 027  133   18.16
200888006420 1 027  233   18.16
200888006442 1 027  233   18.16
200888006446 1 027  233   18.16
200888006525 1 027  233   18.16
200888006670 1 127  133   18.16
200888006774 1 027  133   18.16
200888006877 1 127  233   18.16
200888007273 1 127  133   18.16
200888007358 12127  133   18.16
200888007514 1 027  233   18.16
200888007562 1 027  233   18.16
200888007834 1 127  133   18.16
200888008065 1 127  133   18.16
200888008350 1 127  233   18.16
200888008375 1 027  233   18.16
200888008493 12127  233   18.16
200888008539 1 127  233   18.16
200888008643 1 127  133   18.16
200888008721 1 127  133   18.16
200888008727 1 027  133   18.16
200888009313 1 027  133   18.16
200888009377 1 027  133   18.16
200888009942 1 027  233   18.16
200888010384 1 027  133   18.16
200888010648 19927  133   18.16
200888011781 1 027  233   18.16
200893534100 1 121  213   13.92
200893534847 1 021 4013   41.90
200893536932 1 021  216  109.07
200893678056 1 031  223   61.52
200893678231 1 029 1023  121.61
200893678389 1 129  523   43.97
200893678478 1 029 1023  121.61
200893678566 1 131  323   61.52
200893678625 1 029  423   38.98
200893678769 1 031  323   61.52
200893678788 1 031  323   61.52
200893678925 1 029  523   43.97
200893679641 1 031  323   61.52
