BTRAFCON	REGION	STRATUM	CASENUM	WEIGHT	PERNO	PJ	PSU
21	1	3	201010426855	89.853	1	10	2
0	1	3	201010427040	49.28	1	6	2
0	1	3	201010427175	53.887	1	4	2
0	1	3	201010427684	89.853	1	10	2
0	1	3	201010427766	49.28	1	6	2
3	1	3	201010427981	53.887	1	4	2
3	1	4	201010429022	269.56	1	10	2
3	1	3	201010787440	15.62	1	16	3
3	1	3	201010788202	17.436	1	1	3
0	1	3	201010789670	19.133	1	10	3
3	1	4	201010789972	296.785	1	16	3
3	1	3	201010792500	19.864	1	8	3
0	1	3	201010792748	14.573	1	21	3
0	1	3	201010793054	15.62	1	16	3
97	1	3	201010793072	15.62	1	16	3
3	1	3	201010793546	14.573	1	21	3
21	1	3	201010793700	20.315	1	3	3
0	1	3	201010793817	15.62	1	16	3
0	1	4	201010793823	295.16	1	13	3
0	1	3	201010793846	19.898	1	4	3
0	1	3	201010793914	20.315	1	3	3
0	1	3	201010793971	14.573	1	21	3
0	1	3	201010794146	15.62	1	16	3
3	1	2	201010794298	5.079	1	3	3
3	1	3	201010794630	15.62	1	16	3
0	1	3	201010795096	20.315	1	3	3
0	1	3	201010795363	20.315	1	3	3
0	1	3	201010795650	19.864	1	8	3
3	1	4	201010795672	296.564	1	10	3
97	1	3	201010795730	14.573	1	21	3
3	1	3	201010795790	20.315	1	3	3
3	1	4	201010795871	292.99	1	8	3
3	1	3	201010796008	15.62	1	16	3
1	1	3	201010796242	14.573	1	21	3
0	1	2	201010796283	5.056	1	7	3
97	1	3	201010796544	19.864	1	8	3
0	1	3	201010796642	20.315	1	3	3
0	1	2	201010796788	2.491	1	1	3
3	1	3	201010797130	14.758	1	13	3
3	1	2	201010797505	4.974	1	4	3
3	1	4	201010797628	292.99	1	8	3
0	1	3	201010797732	20.315	1	3	3
0	1	4	201010797757	291.467	1	21	3
3	1	3	201010798330	14.573	1	21	3
0	1	4	201010798489	291.467	1	21	3
0	1	3	201010799481	15.62	1	16	3
0	1	3	201011169992	13.047	1	2	4
0	1	3	201011170499	13.047	1	2	4
0	1	3	201011170531	13.047	1	3	4
0	1	3	201011171104	13.047	1	1	4
3	1	3	201011171264	13.047	1	2	4
0	1	3	201011171273	13.047	1	2	4
21	1	3	201011171426	13.047	1	1	4
0	1	3	201011171849	13.047	1	2	4
21	1	3	201011172000	33.921	1	7	4
3	1	3	201011172697	13.047	1	2	4
0	1	3	201011172851	13.047	1	3	4
0	1	3	201011172851	13.047	2	3	4
0	1	3	201011173218	13.047	1	3	4
0	1	3	201011173411	121.593	1	17	4
0	1	3	201011173561	33.921	1	7	4
3	1	3	201011173871	13.047	1	3	4
3	1	3	201011173891	13.047	1	3	4
0	1	3	201011173934	13.047	1	3	4
0	1	3	201011173957	13.047	1	2	4
21	1	3	201011174350	27.137	1	6	4
21	1	3	201011174805	13.047	1	3	4
0	1	3	201011174969	13.047	1	2	4
3	1	3	201011175069	13.047	1	1	4
0	1	3	201011175284	13.047	1	3	4
3	1	3	201011175361	27.137	1	6	4
0	1	3	201011175737	13.047	1	2	4
0	1	3	201011175851	13.047	1	2	4
0	1	3	201011175876	13.047	1	2	4
0	1	3	201011175881	13.047	1	2	4
0	1	3	201011175931	13.047	1	3	4
3	1	3	201011176043	13.047	1	3	4
3	1	3	201011176839	13.047	1	2	4
3	1	3	201011176873	13.047	1	3	4
0	1	4	201011177234	300.07	1	1	4
0	1	3	201011177480	13.047	1	2	4
21	1	3	201011178019	13.047	1	2	4
21	1	3	201011178165	59.362	1	11	4
3	1	3	201011178603	59.362	1	11	4
0	1	3	201011178613	13.047	1	3	4
3	1	3	201011518583	21.098	1	11	5
3	1	3	201011518659	16.569	1	1	5
21	1	3	201011518813	16.569	1	1	5
21	1	3	201011518950	16.459	1	8	5
3	1	3	201011519024	16.459	1	8	5
0	1	3	201011519245	16.459	1	8	5
97	1	3	201011519670	16.459	1	8	5
21	1	3	201011519858	16.569	1	2	5
97	1	6	201011520047	134.54	1	16	5
21	1	3	201011520270	16.569	1	2	5
21	1	4	201012003206	303.637	1	26	6
3	1	3	201012003212	20.242	1	26	6
97	1	3	201012003280	16.363	1	5	6
3	1	2	201012003292	14.82	1	20	6
3	1	3	201012003368	20.242	1	26	6
3	1	6	201012003596	133.38	1	20	6
0	1	3	201012415071	44.206	1	28	8
0	1	4	201012415161	307.737	1	51	8
0	1	4	201012415306	296.566	1	118	8
97	1	3	201012415389	28.382	1	15	8
0	1	3	201012415483	44.206	1	28	8
0	1	3	201012415527	98.855	1	118	8
0	1	3	201012415732	58.586	1	47	8
0	1	3	201012415746	61.547	1	51	8
0	1	4	201012416068	292.929	1	47	8
3	2	3	201012800877	19.051	1	2	11
0	2	3	201012800925	19.051	1	2	11
21	2	3	201012801024	19.051	1	2	11
97	3	3	201013036556	19.19	1	7	9
0	3	1	201013040667	4.798	1	4	9
0	2	3	201013535465	19.051	1	6	11
0	2	3	201013535654	19.051	1	1	11
0	2	3	201013535989	19.051	1	1	11
0	2	3	201013536142	19.051	1	1	11
0	2	3	201013536313	19.051	1	1	11
0	2	3	201013536545	19.051	1	1	11
0	2	3	201013536565	19.051	1	5	11
0	2	3	201013537199	19.051	1	1	11
0	2	3	201013537243	19.051	1	1	11
3	2	3	201013537357	48.988	1	7	11
3	2	3	201013537357	48.988	2	7	11
0	2	4	201013537471	285.76	1	6	11
0	2	3	201013537852	19.051	1	3	11
3	2	3	201013537906	48.988	1	7	11
0	2	3	201013538005	19.051	1	5	11
0	2	3	201013538036	19.051	1	1	11
0	2	3	201013538043	19.051	1	1	11
0	2	3	201013538059	19.051	1	1	11
0	2	3	201013538275	19.051	1	1	11
0	2	3	201013538275	19.051	2	1	11
0	2	3	201013538693	19.051	1	5	11
3	2	3	201013539611	19.051	1	3	11
0	2	3	201014067708	18.908	1	2	12
0	2	3	201014069348	18.908	1	3	12
3	2	4	201014069878	296.222	1	1	12
0	2	3	201014070756	18.908	1	1	12
0	2	4	201014070994	296.222	1	1	12
0	2	3	201014072465	12.211	1	5	12
0	2	3	201014072712	20.788	1	9	12
97	2	3	201014101394	16.703	1	1	74
0	2	3	201014102811	16.703	1	9	74
21	2	3	201014102967	16.703	1	1	74
3	2	3	201014103527	16.703	1	9	74
3	2	3	201014103819	16.703	1	1	74
0	2	3	201014104238	16.703	1	9	74
3	2	3	201014104298	16.703	1	1	74
0	2	3	201014104878	16.703	1	9	74
2	2	3	201014104993	16.703	1	1	74
3	2	3	201014105625	16.703	1	1	74
0	2	3	201014105751	16.703	1	9	74
3	2	3	201014738491	38.967	1	1	13
0	2	3	201014739166	38.967	1	1	13
0	2	4	201014739259	311.734	1	3	13
0	2	3	201014739454	38.967	1	5	13
3	2	4	201014739596	311.734	1	1	13
0	2	3	201014739603	38.967	1	1	13
3	2	3	201014740035	38.967	1	6	13
21	2	3	201014740119	38.967	1	1	13
0	2	3	201014740480	38.967	1	1	13
0	2	3	201014740580	38.967	1	1	13
3	2	3	201014740616	38.967	1	5	13
0	2	3	201014740635	38.967	1	1	13
0	2	3	201014740641	38.967	1	2	13
0	2	4	201014740680	311.734	1	4	13
3	2	3	201014740705	38.967	1	2	13
0	2	3	201014740823	38.967	1	1	13
0	2	3	201014740824	38.967	1	4	13
0	2	3	201014740851	38.967	1	1	13
3	2	4	201014741257	311.734	1	5	13
0	2	3	201014741626	38.967	1	1	13
0	2	3	201014741926	38.967	1	5	13
0	2	3	201014967901	18.905	1	1	10
3	2	3	201014968014	18.905	1	2	10
0	2	3	201014968629	18.746	1	6	33
3	2	3	201014968727	22.27	1	12	33
0	2	3	201014968987	18.905	1	1	10
3	2	3	201014969049	18.905	1	1	10
3	2	3	201014969122	18.905	1	2	10
21	2	3	201014969477	17.006	1	17	10
3	2	3	201014969507	17.006	1	17	10
3	2	3	201014969507	17.006	2	17	10
3	2	3	201014969885	15.077	1	5	10
0	2	3	201014970702	13.597	1	15	10
0	2	3	201014971261	18.466	1	1	33
0	2	2	201014971354	9.373	1	6	33
0	2	3	201014971813	18.905	1	1	10
0	2	3	201014972193	13.597	1	15	10
0	2	3	201014972286	17.006	1	17	10
0	2	3	201014972445	18.905	1	4	10
4	2	3	201014972815	18.466	1	2	33
3	2	3	201014972904	18.746	1	6	33
0	2	3	201014973685	17.006	1	17	10
3	2	1	201014974181	2.701	1	1	10
3	2	1	201014974181	2.701	2	1	10
3	2	1	201014974181	2.701	3	1	10
3	2	1	201014974181	2.701	4	1	10
3	2	1	201014974181	2.701	5	1	10
2	2	3	201014974251	18.905	1	1	10
99	2	3	201014974654	15.077	1	5	10
0	3	3	201014975484	22.464	1	1	46
0	2	3	201014975592	22.772	1	16	33
21	2	3	201014976182	15.077	1	5	10
21	2	3	201014976296	17.006	1	17	10
0	2	3	201014977670	18.905	1	2	10
0	2	3	201014978957	13.597	1	15	10
3	3	3	201015446323	20.054	1	1	41
0	3	3	201015446473	20.054	1	1	41
0	3	3	201015446563	20.054	1	1	41
0	3	3	201015446563	20.054	2	1	41
0	3	3	201015446787	20.054	1	1	41
21	3	3	201015446896	20.054	1	1	41
3	3	3	201015447062	20.054	1	1	41
21	3	3	201015447111	20.054	1	2	41
0	3	4	201015447115	290.777	1	2	41
0	3	3	201015447141	20.054	1	1	41
0	3	4	201015447221	290.777	1	1	41
3	3	3	201015447976	20.054	1	1	41
0	3	3	201015448094	20.054	1	2	41
0	3	3	201015448183	20.054	1	1	41
97	3	3	201015448461	20.054	1	1	41
97	3	3	201015448461	20.054	2	1	41
28	3	3	201015448482	20.054	1	1	41
0	3	3	201015448496	20.054	1	1	41
21	3	3	201015448516	20.054	1	2	41
0	3	3	201015448583	20.054	1	1	41
3	3	3	201015448595	20.054	1	1	41
0	3	3	201015449112	20.054	1	1	41
0	3	3	201015449124	20.054	1	1	41
0	3	4	201015449387	290.777	1	2	41
21	3	3	201015449424	20.054	1	2	41
21	3	3	201015449481	20.054	1	1	41
0	3	3	201015449506	20.054	1	1	41
0	3	3	201015449551	20.054	1	1	41
0	3	3	201015449573	20.054	1	1	41
21	3	3	201015449662	20.054	1	1	41
3	3	3	201015449912	20.054	1	1	41
0	3	3	201015450055	20.054	1	1	41
3	3	3	201015450147	20.054	1	2	41
3	3	3	201015450178	20.054	1	2	41
0	3	3	201015450255	20.054	1	1	41
3	3	2	201015450381	10.027	1	1	41
3	3	3	201015450409	20.054	1	1	41
0	3	3	201015450468	20.054	1	2	41
0	3	3	201015450600	20.054	1	2	41
3	3	4	201015450680	290.777	1	1	41
3	3	3	201015450769	20.054	1	2	41
3	3	3	201015450812	20.054	1	1	41
0	3	3	201015450905	20.054	1	1	41
21	3	3	201015450921	20.054	1	1	41
0	3	3	201015450946	20.054	1	1	41
0	3	3	201015451018	20.054	1	2	41
0	3	3	201015451023	20.054	1	2	41
97	3	3	201015451170	20.054	1	1	41
0	3	3	201015451235	20.054	1	1	41
0	3	3	201015451258	20.054	1	2	41
0	3	3	201015451402	20.054	1	1	41
0	3	3	201015451497	20.054	1	1	41
3	3	3	201015451653	20.054	1	1	41
3	3	3	201015451703	20.054	1	2	41
0	3	3	201015451821	20.054	1	1	41
3	3	3	201015452043	20.054	1	1	41
3	3	3	201015452141	20.054	1	1	41
0	3	3	201015452255	20.054	1	1	41
0	3	3	201016141717	12.222	1	3	43
0	3	3	201016142483	12.222	1	3	43
0	3	3	201016142604	12.222	1	3	43
21	3	3	201016142637	12.222	1	1	43
0	3	3	201016142982	12.222	1	1	43
0	3	3	201016143006	12.222	1	3	43
3	3	3	201016144211	12.222	1	1	43
0	3	3	201016144415	12.222	1	1	43
0	3	3	201016144501	12.222	1	1	43
99	3	3	201016145143	12.222	1	3	43
0	3	3	201016146201	12.222	1	1	43
0	3	3	201016146603	12.222	1	2	43
0	3	3	201016146607	12.222	1	2	43
0	3	3	201016147744	12.222	1	2	43
21	3	3	201016147859	12.222	1	1	43
0	3	3	201016148137	12.222	1	3	43
21	3	3	201016148312	12.222	1	1	43
0	3	3	201016148389	12.222	1	2	43
0	3	3	201016149410	12.222	1	3	43
0	3	3	201016150539	12.222	1	1	43
0	3	3	201016151564	12.222	1	3	43
0	3	3	201016151670	12.222	1	1	43
0	3	3	201016152986	12.222	1	2	43
21	3	3	201016154307	12.222	1	1	43
0	3	3	201016556311	20.212	1	2	45
0	3	3	201016557063	20.212	1	1	45
0	3	3	201016558003	20.212	1	1	45
0	3	3	201016559295	20.212	1	1	45
0	3	3	201016559649	20.212	1	1	45
21	3	3	201016559702	20.212	1	1	45
0	3	3	201016560711	20.212	1	1	45
0	3	3	201016562939	20.212	1	1	45
21	3	4	201016563924	293.08	1	1	45
21	3	4	201016565049	293.08	1	1	45
1	3	3	201016566166	20.212	1	1	45
2	3	3	201016567173	20.212	1	1	45
0	3	3	201016567706	20.212	1	1	45
2	3	3	201017261093	51.964	1	4	48
2	3	3	201017261094	51.964	1	4	48
21	3	3	201017262192	51.964	1	1	48
0	3	3	201017262573	51.964	1	1	48
0	3	3	201017262664	51.964	1	1	48
21	3	6	201017263027	155.892	1	4	48
0	3	3	201017263830	51.964	1	1	48
3	3	3	201017264408	51.964	1	1	48
2	3	3	201017265716	51.964	1	4	48
3	3	3	201017266272	51.964	1	4	48
97	1	3	201017502591	20.242	1	26	6
3	1	3	201017502691	20.242	1	26	6
3	1	3	201017503046	17.883	1	11	6
0	1	3	201017503053	20.242	1	26	6
0	1	3	201017503075	23.242	1	14	6
3	1	4	201017503129	303.637	1	26	6
21	1	3	201017503143	16.363	1	5	6
97	1	3	201017503173	14.82	1	20	6
97	1	3	201017503212	17.883	1	11	6
0	1	3	201017503214	17.883	1	11	6
0	1	2	201017503280	5.746	1	4	6
3	1	3	201017503301	16.463	1	7	6
21	1	3	201017503385	20.242	1	26	6
0	1	3	201017503403	23.242	1	14	6
3	1	3	201017503419	17.883	1	11	6
3	1	3	201017503473	14.82	1	20	6
0	1	3	201017503485	17.883	1	11	6
0	1	3	201017503519	20.242	1	26	6
3	1	3	201017503576	17.883	1	11	6
0	1	3	201017503628	19.337	1	1	6
0	1	3	201017503663	14.82	1	20	6
3	1	3	201017503664	14.82	1	20	6
21	1	3	201017503702	20.242	1	26	6
0	1	3	201017503706	20.242	1	26	6
3	1	3	201017503762	17.238	1	4	6
3	1	3	201017503779	20.242	1	26	6
0	1	3	201017503808	16.463	1	7	6
0	1	3	201017503816	14.82	1	20	6
21	1	3	201017503903	14.82	1	20	6
3	1	3	201017503904	14.82	1	20	6
3	1	3	201017503996	14.82	1	20	6
97	1	3	201017504000	19.337	1	1	6
0	1	3	201017504038	14.82	1	20	6
21	1	3	201017504059	17.238	1	4	6
0	1	3	201017504153	16.363	1	5	6
3	1	3	201017504155	20.242	1	26	6
0	1	3	201017504156	20.242	1	26	6
3	1	3	201017504165	20.242	1	26	6
0	1	3	201017504168	20.242	1	26	6
3	1	3	201017504178	20.242	1	26	6
0	1	3	201017504229	23.242	1	14	6
3	1	4	201017504315	290.519	1	14	6
0	1	3	201017504316	23.242	1	14	6
0	1	3	201017504332	16.363	1	5	6
3	1	3	201017504373	17.883	1	11	6
0	1	3	201017504390	14.82	1	20	6
21	1	3	201017504391	14.82	1	20	6
21	1	3	201017504397	14.82	1	20	6
3	1	3	201017504416	20.242	1	26	6
3	1	3	201017504496	20.242	1	26	6
3	1	3	201017504522	16.463	1	7	6
3	1	3	201017504552	19.337	1	2	6
97	1	3	201017504585	20.242	1	26	6
3	1	3	201017504628	14.82	1	20	6
0	1	3	201017504779	17.883	1	11	6
4	1	3	201017504878	20.242	1	26	6
1	1	2	201017504886	5.454	1	5	6
21	1	3	201017504950	20.242	1	26	6
97	1	3	201017505119	20.242	1	26	6
0	1	3	201017505121	20.242	1	26	6
0	1	4	201017505125	303.637	1	26	6
21	1	3	201017505138	19.337	1	2	6
21	1	3	201017505512	20.242	1	26	6
21	3	2	201017639867	5.214	1	1	49
0	3	3	201017642119	15.641	1	1	49
0	3	3	201017643366	15.641	1	1	49
0	3	3	201017643366	15.641	2	1	49
4	3	3	201017643378	15.641	1	1	49
3	3	3	201017643769	15.641	1	1	49
3	3	3	201017644281	15.641	1	1	49
0	3	3	201017644324	15.641	1	1	49
2	3	3	201017645161	15.641	1	1	49
3	3	3	201017645430	15.641	1	1	49
0	3	3	201017645991	15.641	1	1	49
3	3	3	201017646474	15.641	1	1	49
0	3	3	201017646528	15.641	1	1	49
0	3	2	201017646864	5.214	1	1	49
3	3	3	201017647163	15.641	1	1	49
0	3	3	201017647973	15.641	1	1	49
0	3	3	201017649250	15.641	1	1	49
0	3	3	201017650738	15.641	1	1	49
2	3	3	201017650811	15.641	1	1	49
0	3	3	201017652156	15.641	1	1	49
0	2	3	201018459406	20	1	1	72
2	2	3	201018459731	20	1	3	72
3	2	3	201018459900	20	1	4	72
0	2	3	201018460011	20	1	1	72
3	2	2	201018460202	5	1	4	72
0	2	3	201018460464	20	1	4	72
0	2	3	201018460677	20	1	6	72
0	2	3	201018460924	20	1	2	72
0	2	3	201018461075	20	1	1	72
0	2	3	201018461222	20	1	6	72
0	2	3	201018461499	20	1	3	72
0	2	3	201018462175	20	1	4	72
0	2	3	201018462411	20	1	6	72
97	2	3	201018463034	20	1	2	72
3	2	3	201018463192	20	1	4	72
3	2	3	201018463208	20	1	3	72
3	2	2	201018464614	2	1	7	72
0	2	3	201018465758	20	1	6	72
0	2	3	201018465888	20	1	4	72
0	2	2	201018466463	5	1	3	72
0	2	3	201018467289	20	1	1	72
0	2	3	201018467438	20	1	4	72
0	2	3	201018467693	20	1	3	72
3	2	3	201018467709	20	1	4	72
0	2	3	201018468204	20	1	4	72
3	2	3	201018468846	20	1	1	72
3	2	2	201018469158	5	1	1	72
3	2	3	201018469210	20	1	6	72
0	2	3	201018469976	20	1	4	72
3	2	3	201018472608	20	1	3	72
0	2	3	201018979312	16.471	1	3	73
3	2	3	201018979775	16.471	1	2	73
21	2	3	201018980147	31.925	1	10	73
0	2	3	201018981648	16.471	1	3	73
21	2	3	201018981724	21.643	1	9	73
0	2	3	201018981884	16.471	1	1	73
21	2	3	201018982233	16.471	1	2	73
3	2	3	201018982297	31.925	1	10	73
3	2	3	201018982451	21.643	1	9	73
0	2	3	201018982954	21.643	1	9	73
0	2	3	201018982962	21.643	1	9	73
0	2	3	201018983506	31.925	1	10	73
0	2	3	201018983618	16.471	1	2	73
0	2	3	201018984464	21.643	1	9	73
3	2	3	201018984544	20.252	1	5	73
0	2	3	201018985563	16.471	1	2	73
0	2	3	201018985863	16.471	1	2	73
0	2	3	201018986201	31.925	1	10	73
2	2	3	201018986575	16.471	1	2	73
0	2	3	201018987481	16.471	1	1	73
3	2	3	201018987593	16.471	1	2	73
98	2	3	201019388308	16.703	1	9	74
97	4	3	201020183234	16.15	1	1	75
2	4	3	201020183528	16.15	1	4	75
97	4	4	201020185237	298.782	1	2	75
21	4	3	201020185337	16.15	1	1	75
97	4	3	201020185440	16.15	1	2	75
97	4	3	201020185757	16.15	1	2	75
0	4	3	201020186171	16.15	1	2	75
2	4	3	201020186239	14.067	1	5	75
97	4	3	201020186278	16.15	1	1	75
3	4	3	201020186359	16.15	1	2	75
97	4	3	201020186514	16.15	1	2	75
97	4	4	201020186877	298.782	1	2	75
97	4	3	201020187388	16.15	1	2	75
0	4	3	201020187484	16.15	1	2	75
97	4	3	201020188487	16.15	1	1	75
97	4	3	201020189447	16.15	1	2	75
97	4	3	201020189643	16.15	1	2	75
0	4	3	201020515195	300.83	1	7	76
0	4	3	201020515317	105.291	1	4	76
0	4	3	201020515505	105.291	1	3	76
0	4	3	201020515772	105.291	1	3	76
3	4	3	201020515775	105.291	1	3	76
0	4	3	201020516000	105.291	1	3	76
0	4	3	201020516215	105.291	1	4	76
0	4	3	201020516347	105.291	1	3	76
21	4	3	201020919203	55.318	1	1	78
0	4	4	201020919213	276.589	1	1	78
21	4	3	201020919722	55.318	1	1	78
0	4	3	201020919889	55.318	1	1	78
0	4	3	201020920171	55.318	1	1	78
0	4	3	201020920380	55.318	1	2	78
0	4	3	201020920491	55.318	1	1	78
21	4	3	201020920721	55.318	1	1	78
0	4	4	201020920797	276.589	1	1	78
0	4	3	201020921046	55.318	1	1	78
0	4	3	201020921257	55.318	1	1	78
0	4	3	201020921396	55.318	1	1	78
0	4	3	201020921460	55.318	1	2	78
0	4	3	201020921482	55.318	1	1	78
0	4	3	201020921717	55.318	1	1	78
0	4	3	201020922207	55.318	1	1	78
2	4	3	201020922218	55.318	1	1	78
3	4	3	201020922263	55.318	1	1	78
2	4	3	201020922339	55.318	1	1	78
3	4	3	201020922352	55.318	1	1	78
0	4	3	201020922422	55.318	1	1	78
0	4	3	201020922454	55.318	1	1	78
0	4	3	201020922627	55.318	1	1	78
21	4	3	201020922853	55.318	1	1	78
0	4	3	201020922858	55.318	1	1	78
0	4	3	201020922860	55.318	1	1	78
0	4	3	201020923145	55.318	1	1	78
0	4	3	201020923205	55.318	1	1	78
0	4	3	201020923226	55.318	1	1	78
21	4	3	201020923235	55.318	1	1	78
3	4	3	201020923375	55.318	1	1	78
0	4	3	201022090466	21.314	1	11	81
2	4	3	201022091658	16.827	1	4	81
0	4	3	201022091734	19.23	1	1	81
0	4	3	201022093563	15.561	1	7	81
0	4	3	201022093883	12.019	1	10	81
0	4	3	201022094515	19.23	1	1	81
0	4	3	201022094697	15.561	1	7	81
3	4	3	201022094895	19.23	1	1	81
0	4	3	201022095154	12.019	1	10	81
21	4	3	201022095298	12.019	1	10	81
0	4	3	201022095496	12.019	1	10	81
0	4	3	201022095624	16.827	1	4	81
0	4	3	201022097005	19.23	1	1	81
0	4	3	201022097085	16.827	1	4	81
0	4	3	201022097085	16.827	2	4	81
2	4	3	201022098189	16.827	1	4	81
0	4	3	201022098304	19.23	1	1	81
0	4	2	201022098972	2.404	1	3	81
0	4	2	201022099059	5.187	1	7	81
0	4	2	201022099712	4.808	1	1	81
3	4	3	201022310079	16.416	1	1	82
0	4	3	201022310367	16.416	1	1	82
3	4	3	201022310819	16.416	1	1	82
0	4	3	201022311056	16.416	1	1	82
0	4	3	201022311789	16.416	1	1	82
0	4	3	201022311970	16.416	1	1	82
0	4	3	201022312240	16.416	1	1	82
0	4	3	201022312262	16.416	1	1	82
0	4	3	201022312695	16.416	1	1	82
21	4	3	201022312874	16.416	1	1	82
3	4	3	201022313123	16.416	1	1	82
0	4	2	201022313302	5.472	1	1	82
0	4	4	201022313367	295.488	1	1	82
0	4	3	201022313882	16.416	1	1	82
0	4	3	201022314098	16.416	1	1	82
0	4	3	201022314389	16.416	1	1	82
3	4	3	201022314436	16.416	1	1	82
0	4	4	201022314499	295.488	1	1	82
0	4	4	201022314499	295.488	2	1	82
0	4	3	201022314943	16.416	1	1	82
3	4	3	201022314963	16.416	1	1	82
0	4	3	201022315181	16.416	1	1	82
0	4	3	201022315241	16.416	1	1	82
3	4	3	201022315446	16.416	1	1	82
2	4	3	201022315480	16.416	1	1	82
0	4	4	201022315619	295.488	1	1	82
0	4	3	201022315917	16.416	1	1	82
3	4	3	201022315924	16.416	1	1	82
2	4	3	201022316217	16.416	1	1	82
0	4	3	201022316243	16.416	1	1	82
0	4	3	201022316482	16.416	1	1	82
3	4	2	201022316489	5.472	1	1	82
0	4	3	201022316503	16.416	1	1	82
2	4	3	201022316510	16.416	1	1	82
0	4	3	201022316989	16.416	1	1	82
3	4	3	201022317024	16.416	1	1	82
2	4	3	201022317261	16.416	1	1	82
0	4	3	201022317575	16.416	2	1	82
3	4	3	201022317612	16.416	1	1	82
0	4	3	201022317623	16.416	1	1	82
0	4	3	201022318078	16.416	1	1	82
0	4	3	201022318368	16.416	1	1	82
3	4	3	201022318402	16.416	1	1	82
0	4	3	201022318599	16.416	1	1	82
0	4	3	201022318649	16.416	1	1	82
3	4	3	201022318872	16.416	1	1	82
0	4	3	201022319168	16.416	1	1	82
51	4	3	201022319178	16.416	1	1	82
0	4	3	201022319186	16.416	1	1	82
0	4	3	201022319402	16.416	1	1	82
3	4	3	201022319734	16.416	1	1	82
0	4	3	201022319942	16.416	1	1	82
0	4	3	201022319955	16.416	1	1	82
0	4	3	201022320224	16.416	1	1	82
3	4	3	201022320549	16.416	1	1	82
0	4	3	201022320611	16.416	1	1	82
0	4	3	201022321118	16.416	1	1	82
3	4	4	201022321364	295.488	1	1	82
0	4	3	201022321396	16.416	1	1	82
0	4	3	201022321414	16.416	1	1	82
0	4	3	201022322038	16.416	1	1	82
2	4	3	201022322326	16.416	1	1	82
0	4	3	201022322389	16.416	1	1	82
0	4	3	201022322399	16.416	1	1	82
0	4	3	201022322788	16.416	1	1	82
3	4	3	201024801898	16.15	1	4	75
97	4	3	201024802037	16.15	1	2	75
97	4	3	201024802134	16.15	1	4	75
97	4	3	201024802338	16.15	1	3	75
3	4	3	201024902032	16.15	1	2	75
2	4	3	201024902514	16.15	1	1	75
97	4	3	201024902606	16.15	1	3	75
97	4	3	201024902638	16.15	1	2	75
97	4	3	201025000173	14.067	1	5	75
4	4	3	201025109986	22.188	1	7	79
28	4	3	201025111164	22.188	1	7	79
3	4	3	201025111917	22.188	1	7	79
0	4	3	201025112775	22.188	1	7	79
0	4	3	201025113732	22.188	1	7	79
0	4	3	201025113768	22.188	1	7	79
0	4	3	201025113981	22.188	1	7	79
0	4	3	201025114105	22.188	1	7	79
0	4	3	201025114320	22.188	1	7	79
2	4	3	201025114692	22.188	1	7	79
2	4	3	201025114876	22.188	1	7	79
0	4	3	201025115087	22.188	1	7	79
0	4	3	201025115143	22.188	1	7	79
3	4	3	201025115517	22.188	1	7	79
0	4	3	201025115536	22.188	1	7	79
0	4	6	201025115681	133.128	2	7	79
0	4	3	201025116084	22.188	1	1	79
0	4	3	201025116114	22.188	1	7	79
2	4	3	201025116133	22.188	1	7	79
97	4	3	201025116138	22.188	1	7	79
0	4	3	201025116300	22.188	1	1	79
3	4	3	201025116341	22.188	1	1	79
3	4	3	201025116361	22.188	1	7	79
2	4	3	201025116581	22.188	1	7	79
3	4	3	201025116803	22.188	1	7	79
0	4	3	201025117078	22.188	2	7	79
21	4	3	201025117583	22.188	1	7	79
0	4	3	201025118108	22.188	1	7	79
0	4	3	201025118416	22.188	1	7	79
21	4	3	201025118866	22.188	1	7	79
0	4	3	201025119601	22.188	1	7	79
0	1	3	201026600411	33.887	1	4	1
0	1	3	201026600640	33.887	1	4	1
0	1	3	201026600640	33.887	2	4	1
0	1	3	201026601451	33.887	1	8	1
0	1	3	201026601495	33.887	1	1	1
21	1	3	201026601501	33.887	1	1	1
0	1	4	201026601520	304.982	1	2	1
0	1	3	201026601756	33.887	1	1	1
0	1	3	201026602708	33.887	1	8	1
0	1	3	201026602708	33.887	2	8	1
0	1	3	201026602710	33.887	1	8	1
0	1	3	201026602746	33.887	1	8	1
0	1	3	201026602810	33.887	1	4	1
97	1	3	201026700796	18.793	1	1	7
3	1	3	201026700862	52.036	1	10	7
3	1	3	201026700984	19.319	1	5	7
3	1	3	201026701433	34.574	1	8	7
3	1	4	201026701534	289.782	1	5	7
21	1	3	201026701581	18.793	1	2	7
0	1	3	201026702271	19.319	1	5	7
0	1	4	201026702406	291.298	1	3	7
0	1	3	201026801077	18.566	1	2	21
0	1	3	201026900965	18.566	1	5	21
3	1	4	201026900980	294.729	1	5	21
0	1	3	201026901326	18.566	1	5	21
0	1	3	201026901503	18.566	1	5	21
0	1	3	201026901935	17.536	1	6	21
3	1	3	201026902107	18.566	1	5	21
0	1	3	201026902516	18.566	1	5	21
0	1	3	201026903188	14.341	1	16	21
0	1	3	201026904276	18.566	1	5	21
0	1	4	201027000813	265.53	1	8	22
0	1	3	201027001035	29.317	1	2	22
21	1	3	201027001171	53.815	1	4	22
0	1	1	201027001293	29.317	1	1	22
0	1	3	201027001482	29.317	1	1	22
0	1	3	201027001567	29.317	1	1	22
21	1	3	201027001804	53.815	1	4	22
0	1	3	201027002189	29.317	1	1	22
0	1	3	201027002245	29.317	1	1	22
21	1	4	201027101282	299.334	1	1	23
0	1	3	201027101533	21.381	1	1	23
21	1	3	201027101770	21.381	1	1	23
3	1	3	201027101864	21.381	1	1	23
0	1	3	201027101947	17.105	1	2	23
0	1	4	201027101978	299.334	1	1	23
0	1	3	201027103084	21.381	1	1	23
0	1	3	201027103504	21.381	1	1	23
0	1	3	201027103776	21.381	1	1	23
3	1	3	201027103915	21.381	1	1	23
21	1	3	201027104127	21.381	1	1	23
3	1	3	201027104164	21.381	1	1	23
3	1	3	201027104171	21.381	1	1	23
0	1	4	201027104491	299.334	1	1	23
0	1	3	201027104494	21.416	1	9	23
21	1	4	201027104829	299.334	1	1	23
3	1	3	201027105896	21.381	1	1	23
0	1	3	201027106474	17.105	2	4	23
0	1	3	201027200479	39.973	1	12	24
3	1	4	201027200518	316.207	1	7	25
3	1	2	201027201095	17.389	1	7	24
0	1	4	201027201399	289.685	1	3	25
3	1	3	201027201599	17.389	1	7	24
3	1	3	201027202084	12.07	1	3	25
0	1	3	201027202122	12.07	1	1	25
3	1	4	201027202382	321.278	1	14	25
0	1	3	201027202759	17.389	1	7	24
3	1	3	201027202831	12.07	1	2	25
3	1	3	201027202995	28.446	1	9	24
3	1	3	201027203025	28.446	1	9	24
0	1	3	201027203109	39.973	1	12	24
3	1	4	201027203322	321.278	1	14	25
0	1	3	201027203414	16.671	1	2	24
0	1	3	201027203415	16.671	1	2	24
3	1	3	201027203489	39.973	1	12	24
3	1	3	201027203637	45.172	1	7	25
0	1	3	201027203811	39.973	1	12	24
3	1	4	201027203863	316.207	1	7	25
3	1	4	201027203992	279.812	1	12	24
0	1	4	201027204002	279.812	1	12	24
3	1	3	201027204113	17.389	1	7	24
0	1	3	201027204149	12.07	1	2	25
3	1	3	201027204162	12.07	1	3	25
3	1	3	201027204305	12.07	1	2	25
3	1	3	201027204540	17.102	1	5	24
3	1	3	201027204658	40.614	1	6	25
0	1	3	201027204779	39.973	1	12	24
3	1	3	201027204961	16.671	1	2	24
3	1	3	201027205026	12.07	1	2	25
0	1	4	201027205108	279.812	1	12	24
3	1	3	201027205334	12.07	1	1	25
0	1	4	201027205541	290.735	1	5	24
21	1	3	201027205543	17.102	1	5	24
0	1	2	201027205575	39.973	1	12	24
3	1	3	201027205700	107.093	1	14	25
99	1	3	201027205727	16.721	1	1	24
99	1	3	201027205727	16.721	2	1	24
3	1	3	201027206049	12.07	1	2	25
0	1	3	201027206152	39.973	1	12	24
0	1	4	201027206284	284.295	1	6	25
3	1	3	201027206347	40.614	1	6	25
0	1	3	201027206476	12.07	1	2	25
3	1	3	201027206685	17.389	2	7	24
3	1	3	201027206721	17.102	1	5	24
3	1	3	201027206990	12.07	1	3	25
0	1	3	201027300545	33.327	1	13	26
3	1	3	201027302894	15.802	1	7	26
3	1	3	201027302894	15.802	2	7	26
3	1	3	201027302894	15.802	3	7	26
3	1	3	201027303024	16.661	1	3	26
0	1	3	201027303312	15.802	1	7	26
0	1	3	201027303312	15.802	2	7	26
0	1	3	201027303312	15.802	3	7	26
3	1	3	201027303532	16.976	1	1	26
0	1	3	201027303651	16.661	1	3	26
0	1	3	201027303699	33.327	1	13	26
0	1	3	201027303700	33.327	1	13	26
0	1	3	201027303826	15.802	1	7	26
22	1	3	201027304040	16.661	1	3	26
0	1	3	201027304136	16.976	1	1	26
0	1	3	201027304287	33.327	1	13	26
0	1	3	201027304428	15.802	1	7	26
0	1	4	201027304440	291.571	1	3	26
0	1	3	201027305077	15.802	1	7	26
3	3	3	201027402583	18.158	1	1	27
0	3	3	201027402736	18.158	1	1	27
0	3	3	201027402857	18.158	1	1	27
0	3	3	201027403494	18.158	1	1	27
3	3	3	201027403525	18.158	1	1	27
3	3	3	201027403732	18.158	1	1	27
0	3	3	201027403876	18.158	1	1	27
0	3	3	201027403905	18.158	1	1	27
0	3	3	201027404193	18.158	1	2	27
3	3	3	201027404384	18.158	1	1	27
21	3	3	201027404447	18.158	1	1	27
0	3	3	201027404466	18.158	1	1	27
2	3	3	201027404531	18.158	1	1	27
0	3	3	201027404816	18.158	1	2	27
0	3	3	201027405943	18.158	1	2	27
0	3	3	201027405957	18.158	1	1	27
3	3	3	201027406785	18.158	1	1	27
21	3	3	201027406822	18.158	1	1	27
97	3	3	201027406916	18.158	1	1	27
21	3	3	201027407432	18.158	1	1	27
3	3	3	201027407532	18.158	1	1	27
0	3	3	201027407571	18.158	1	1	27
3	3	3	201027407625	18.158	1	1	27
0	3	3	201027407728	18.158	1	1	27
0	3	3	201027407873	18.158	1	2	27
97	3	3	201027407905	18.158	1	2	27
0	3	3	201027408697	18.158	1	2	27
21	3	3	201027408774	18.158	1	2	27
0	3	3	201027409436	18.158	1	1	27
3	3	3	201027410059	18.158	1	2	27
0	3	3	201027501163	45.093	1	4	44
0	3	3	201027501776	45.093	1	3	44
0	3	3	201027501865	45.093	1	2	44
0	3	3	201027502866	45.093	1	1	44
0	3	3	201027503090	45.093	1	2	44
0	3	3	201027600858	22.464	1	3	46
21	3	3	201027601170	52.01	1	7	46
0	3	3	201027601791	22.464	1	2	46
21	3	4	201027602527	312.063	1	7	46
0	3	3	201027602792	22.464	1	4	46
97	3	3	201027602987	52.01	1	7	46
0	3	3	201027603049	22.464	1	3	46
0	3	3	201027603202	22.464	1	5	46
0	3	4	201027700457	277.718	1	2	61
0	3	3	201027700461	34.715	1	2	61
0	3	3	201027700482	34.715	1	2	61
0	3	4	201027700484	277.718	1	2	61
0	3	3	201027700542	34.715	1	2	61
3	3	3	201027700549	34.715	1	2	61
21	3	3	201027700557	34.715	1	5	61
21	3	3	201027700563	34.715	1	4	61
3	3	4	201027700583	277.718	1	2	61
0	3	3	201027700596	34.715	1	5	61
0	3	3	201027700641	34.715	1	5	61
3	3	3	201027700647	34.715	1	2	61
0	3	3	201027700678	34.715	1	4	61
0	3	3	201027700716	34.715	1	2	61
0	3	4	201027700746	277.718	1	2	61
3	3	3	201027700870	34.715	1	2	61
2	3	3	201027700872	34.715	1	2	61
0	3	3	201027700905	34.715	1	2	61
0	3	3	201027700952	34.715	1	6	61
21	3	3	201027700953	34.715	1	6	61
0	3	3	201027701071	34.715	1	5	61
3	3	3	201027701081	34.715	1	2	61
3	3	3	201027701202	34.715	1	3	61
0	3	3	201027701212	34.715	1	5	61
3	3	4	201027701242	277.718	1	2	61
0	3	3	201027701244	34.715	1	2	61
0	3	3	201027701365	34.715	1	2	61
0	3	3	201027701481	34.715	1	4	61
0	3	3	201027701484	34.715	1	3	61
0	3	3	201027701558	34.715	1	3	61
0	3	3	201027701585	34.715	1	2	61
21	3	3	201027701617	34.715	1	2	61
28	3	3	201027701649	34.715	1	2	61
0	3	3	201027701651	34.715	1	2	61
3	3	3	201027701691	34.715	1	2	61
21	3	3	201027701710	34.715	1	2	61
0	3	4	201027701749	277.718	1	2	61
0	3	3	201027701777	34.715	1	5	61
21	3	3	201027701780	34.715	1	5	61
0	3	3	201027701795	34.715	1	4	61
3	3	3	201027701927	34.715	1	2	61
97	3	3	201027701955	34.715	1	5	61
0	3	3	201027702127	34.715	1	2	61
3	3	3	201027702136	34.715	1	2	61
0	2	3	201027802710	27.098	1	24	10
0	2	3	201027802879	27.098	1	24	10
0	2	3	201027804467	19.256	1	8	10
21	2	3	201027804484	20.936	1	1	32
21	2	3	201027804484	20.936	2	1	32
0	2	3	201027805384	19.256	1	8	10
0	2	3	201027805480	20.936	1	1	32
0	2	4	201027805495	293.104	1	1	32
3	2	3	201027805824	20.936	1	1	32
3	2	3	201027805824	20.936	2	1	32
3	2	3	201027805829	20.936	1	1	32
2	3	3	201027900391	34.715	1	1	61
28	3	3	201027900694	34.715	1	1	61
0	3	3	201027900727	34.715	1	1	61
21	3	3	201027901078	16.665	1	4	42
3	3	3	201027901163	16.665	1	1	42
0	3	3	201027901198	16.665	1	1	42
0	3	3	201027901555	16.665	1	3	42
0	3	3	201027901682	34.715	1	1	61
21	3	3	201027901893	16.665	1	1	42
0	3	3	201027902044	34.715	1	1	61
2	3	3	201027902051	34.715	1	1	61
0	3	3	201027903007	34.715	1	1	61
0	3	3	201027903239	34.715	1	1	61
97	3	4	201027903583	295.8	1	4	42
28	3	3	201027903635	34.715	1	1	61
28	3	3	201027903681	16.665	1	2	42
0	3	4	201027903772	295.8	1	1	42
0	3	3	201027903811	16.665	1	1	42
0	3	3	201027903923	16.665	1	3	42
0	3	3	201027903957	34.715	1	1	61
0	3	3	201027904683	34.715	1	1	61
0	3	3	201027905045	34.715	1	1	61
21	3	3	201027905620	23.804	1	11	42
0	3	3	201027905840	34.715	1	1	61
3	3	2	201027906008	4.166	1	3	42
0	3	3	201027906304	16.665	1	1	42
0	3	3	201027906400	34.715	1	1	61
21	3	3	201027906414	34.715	1	1	61
0	3	3	201027906594	16.665	1	3	42
3	3	3	201027906952	34.715	1	1	61
0	3	3	201027908122	23.804	1	11	42
3	3	3	201027908665	16.665	1	4	42
0	3	3	201027908882	16.665	1	1	42
0	3	3	201027909857	16.665	1	1	42
0	3	3	201027909962	34.715	1	1	61
0	3	3	201027910443	16.665	1	4	42
0	3	3	201027911361	34.715	1	1	61
0	3	3	201027911393	34.715	1	1	61
28	3	3	201027911395	34.715	1	1	61
0	3	3	201027911824	34.715	1	1	61
3	3	3	201027911890	16.665	1	2	42
3	3	3	201027912181	23.804	1	11	42
0	3	3	201027912932	34.715	1	1	61
0	3	3	201027912937	34.715	1	1	61
0	3	3	201027913581	16.665	1	1	42
0	3	3	201027913709	34.715	1	1	61
0	3	3	201027913718	34.715	1	1	61
3	3	3	201027913720	34.715	1	1	61
28	3	3	201027914204	34.715	1	1	61
0	3	3	201027914293	16.665	1	1	42
3	3	3	201027914789	34.715	1	1	61
21	3	3	201027915348	16.665	1	1	42
0	3	3	201027917054	16.665	1	4	42
0	3	3	201027920496	34.715	1	1	61
0	3	3	201027920529	34.715	1	1	61
0	3	3	201027920586	34.715	1	1	61
0	3	3	201027920588	34.715	1	1	61
0	3	3	201027920595	34.715	1	1	61
0	3	3	201027920626	34.715	1	1	61
3	3	3	201027921034	16.665	1	2	42
0	2	3	201028100961	61.524	1	3	31
0	2	3	201028101196	61.524	1	3	31
3	2	3	201028101402	61.524	1	3	31
21	2	3	201028101419	38.981	1	4	29
0	2	4	201028101500	243.213	1	10	29
0	2	3	201028101578	61.524	1	3	31
97	2	3	201028101584	61.524	1	3	31
0	2	3	201028101613	43.973	1	5	29
2	2	3	201028101986	61.524	1	3	31
21	2	3	201028102070	43.973	1	5	29
0	2	3	201028102100	121.606	1	10	29
0	2	4	201028102332	243.213	1	10	29
0	2	4	201028102350	243.213	1	10	29
0	2	3	201028202882	17.183	1	2	29
0	2	3	201028203403	17.183	1	1	29
0	2	3	201028205133	22.639	1	1	30
2	2	3	201028205965	22.639	1	1	30
0	2	4	201028206145	294.303	1	1	30
0	2	3	201028206275	22.639	1	1	30
0	2	3	201028206749	22.639	1	1	30
3	2	3	201028206818	22.639	1	1	30
3	2	3	201028206906	22.639	1	1	30
21	2	3	201028207386	22.639	1	1	30
0	2	3	201028207666	22.639	1	1	30
3	2	3	201028207791	22.639	1	1	30
0	2	3	201028208276	22.639	1	1	30
3	2	6	201028208440	124.513	1	1	30
3	2	3	201028208498	22.639	1	1	30
3	2	3	201028208636	22.639	1	1	30
21	2	3	201028209558	22.639	1	1	30
3	2	3	201028209630	22.639	1	1	30
2	2	3	201028209745	22.639	1	1	30
3	2	3	201028209797	22.639	1	1	30
0	3	3	201028301616	79.655	1	1	51
0	3	3	201028301757	79.655	1	1	51
4	3	3	201028302202	79.655	1	1	51
0	3	3	201028302240	79.655	1	1	51
3	3	3	201028302242	79.655	1	1	51
0	3	3	201028302257	79.655	1	1	51
0	3	3	201028302622	79.655	1	1	51
21	3	3	201028302670	79.655	1	1	51
0	3	3	201028400496	24.553	1	3	62
97	3	4	201028400550	294.636	1	2	62
3	3	3	201028401563	24.553	1	3	62
0	3	3	201028401730	24.553	1	3	62
0	3	3	201028402061	13.962	1	1	63
21	3	3	201028402115	24.553	1	3	62
3	3	3	201028402403	40.029	1	6	62
0	3	3	201028403238	13.962	1	1	63
0	3	3	201028404123	13.962	1	1	63
97	3	3	201028405008	13.962	1	1	63
0	3	3	201028405740	13.962	1	1	63
0	3	3	201028405839	13.962	1	1	63
0	3	3	201028406455	13.962	1	1	63
0	3	3	201028406491	13.962	1	1	63
0	3	3	201028407049	24.553	1	3	62
0	3	3	201028407081	13.962	1	1	63
0	3	3	201028407105	13.962	1	1	63
21	3	3	201028407422	13.962	1	1	63
0	3	3	201028408608	13.962	1	1	63
0	3	3	201028408789	24.553	1	4	62
21	3	3	201028409033	13.962	1	1	63
3	3	3	201028410000	13.962	1	1	63
0	3	3	201028410108	13.962	1	1	63
0	3	3	201028500747	18.881	1	1	64
0	3	3	201028503110	18.881	1	1	64
21	3	4	201028505201	292.652	1	1	64
3	3	3	201028505976	18.881	1	1	64
51	3	3	201028505990	18.881	1	1	64
0	3	3	201028506184	18.881	1	1	64
0	3	3	201028507924	18.881	1	1	64
0	3	3	201028508272	18.881	1	1	64
0	3	3	201028508782	18.881	1	1	64
0	3	3	201028509207	18.881	1	1	64
0	3	3	201028509343	18.881	1	1	64
0	3	3	201028509632	18.881	1	1	64
2	2	3	201028701563	12.347	1	3	71
0	2	3	201028701571	12.347	1	5	71
22	2	4	201028701728	324.523	1	10	71
0	2	3	201028701825	12.347	1	1	71
3	2	3	201028701956	12.347	1	2	71
0	2	3	201028701957	12.347	1	2	71
3	2	3	201028702238	12.347	1	5	71
3	2	3	201028702548	12.347	1	3	71
21	2	3	201028702749	12.347	1	3	71
0	2	3	201028702877	12.347	1	1	71
3	2	3	201028702965	12.347	1	2	71
0	2	3	201028703009	12.347	1	4	71
0	2	3	201028703067	12.347	1	4	71
0	2	3	201028703154	12.347	1	2	71
0	2	3	201028703224	12.347	1	5	71
3	2	3	201028703231	12.347	1	5	71
21	2	3	201028703266	81.131	1	10	71
0	2	3	201028703285	81.131	1	10	71
0	2	3	201028703452	12.347	1	3	71
3	2	3	201028703780	12.347	1	4	71
0	2	3	201028703791	81.131	1	10	71
3	2	3	201028703915	12.347	1	5	71
3	2	3	201028704562	81.131	1	10	71
0	4	3	201028800478	18.305	1	5	77
0	4	2	201028800673	3.661	1	2	77
0	4	3	201028800866	18.305	1	2	77
0	4	3	201028800982	14.644	1	1	77
0	4	3	201028801132	14.644	1	1	77
0	4	3	201028801176	14.644	1	1	77
0	4	3	201028801371	14.644	1	1	77
3	4	3	201028801380	14.644	1	1	77
0	4	3	201028801417	14.644	1	1	77
21	4	3	201028801463	14.644	1	1	77
0	4	3	201028802068	14.644	1	1	77
0	4	3	201028802111	14.644	1	1	77
0	4	3	201028802154	14.644	1	1	77
0	4	3	201028802209	14.644	1	1	77
0	4	3	201028802215	14.644	1	1	77
3	4	3	201028802340	18.305	1	5	77
0	4	3	201028802684	18.305	1	2	77
0	4	3	201028803004	14.644	1	1	77
0	4	3	201028803631	14.644	1	1	77
3	4	3	201028803645	14.644	1	1	77
51	4	3	201028803710	14.644	1	1	77
0	4	3	201028803828	14.644	1	1	77
3	4	2	201028803946	7.322	1	1	77
3	4	3	201028803953	14.644	1	1	77
0	4	3	201028804014	14.644	1	1	77
3	4	3	201028804127	14.644	1	1	77
3	4	3	201028804410	14.644	1	1	77
0	4	2	201028804448	7.322	1	1	77
3	4	3	201028804636	14.644	1	1	77
3	4	3	201028804824	14.644	1	1	77
0	4	3	201028805106	18.305	1	2	77
0	4	3	201028805157	14.644	1	1	77
0	4	3	201028805386	18.305	1	2	77
0	4	3	201028805453	18.305	1	2	77
0	4	3	201028805918	14.644	1	1	77
3	4	3	201028806618	14.644	1	1	77
0	4	3	201028807168	14.644	1	1	77
0	4	3	201028807211	14.644	1	1	77
0	4	3	201028807606	14.644	1	1	77
0	4	3	201028807649	14.644	1	1	77
0	4	3	201028807664	14.644	1	1	77
21	4	3	201028807868	14.644	1	1	77
21	4	3	201028808024	14.644	1	1	77
0	4	3	201028808067	14.644	1	1	77
0	4	3	201028808511	14.644	1	1	77
3	4	3	201028808532	14.644	1	1	77
0	4	3	201028808538	14.644	1	1	77
0	4	3	201028808586	14.644	1	1	77
3	4	3	201028809266	14.644	1	1	77
0	4	3	201028810082	14.644	1	1	77
0	4	3	201028810144	14.644	1	1	77
0	4	3	201028810169	14.644	1	1	77
21	4	3	201028900803	19.688	1	2	80
2	4	3	201028901053	19.688	1	3	80
0	4	3	201028901177	19.688	1	3	80
0	4	3	201028901193	12.53	1	5	80
2	4	3	201028901331	19.688	1	2	80
0	4	3	201028901484	12.53	1	5	80
0	4	3	201028901581	19.688	1	1	80
0	4	3	201028902007	12.53	1	5	80
2	4	3	201028902015	12.53	1	5	80
21	4	3	201028902872	19.688	1	4	80
0	4	4	201028903204	300.732	1	5	80
0	4	3	201028903221	12.53	1	5	80
2	4	3	201028903579	12.53	1	5	80
0	4	3	201028903598	19.688	1	1	80
3	4	3	201028903659	12.53	1	5	80
0	4	3	201028903663	12.53	1	5	80
0	4	3	201028903953	19.688	1	4	80
2	4	3	201028903983	19.688	1	3	80
3	4	3	201028904422	12.53	1	5	80
0	4	3	201028904547	82.032	1	17	80
0	4	3	201028904650	19.688	1	3	80
0	4	3	201028904673	19.688	1	4	80
2	4	3	201028904701	12.53	1	5	80
0	4	3	201028904703	12.53	1	5	80
2	4	3	201028904710	12.53	1	5	80
21	4	3	201028904920	12.53	1	5	80
0	4	3	201028905202	27.765	1	11	80
0	4	3	201028905593	12.53	1	5	80
0	4	3	201028905593	12.53	2	5	80
0	4	3	201028905607	27.765	1	11	80
3	4	3	201028905718	19.688	1	2	80
3	4	3	201028905881	19.688	1	4	80
0	4	3	201028905893	12.53	1	5	80
2	4	3	201028906072	19.688	1	3	80
21	4	3	201028906135	12.53	1	5	80
97	4	3	201028906892	19.688	1	2	80
0	4	3	201028907051	12.53	1	5	80
21	4	3	201028907074	27.765	1	11	80
97	4	4	201028907095	328.13	1	17	80
0	2	3	201029004971	16.793	1	1	92
0	2	3	201029004971	16.793	2	1	92
0	2	3	201029005502	20.602	1	11	92
51	2	3	201029006053	16.793	1	3	92
0	2	3	201029006348	19.124	1	16	92
0	2	3	201029007463	16.057	1	15	92
0	2	3	201029007798	16.793	1	3	92
0	2	1	201029007953	6.435	1	5	92
0	2	3	201029010864	16.793	1	2	92
0	2	3	201029011086	16.793	1	1	92
0	2	3	201029012153	46.916	1	38	92
0	2	3	201029012355	16.793	1	4	92
0	2	3	201029012625	16.793	1	1	92
0	2	3	201029013008	18.472	1	23	92
3	2	3	201029014788	16.057	1	15	92
0	2	3	201029101035	463.464	1	12	93
2	4	3	201029202503	18.189	1	1	95
3	4	3	201029202525	18.189	1	1	95
0	4	3	201029202699	18.189	1	4	95
2	4	3	201029203510	18.189	1	1	95
0	4	3	201029204853	18.189	1	1	95
0	4	3	201029205104	18.189	1	1	95
21	4	3	201029205253	18.189	1	1	95
0	4	3	201029205575	18.189	1	1	95
21	4	3	201029205941	18.189	1	1	95
21	4	3	201029206090	18.189	1	2	95
0	4	3	201029206324	18.189	1	1	95
0	4	3	201029206599	18.189	1	4	95
0	4	3	201029207387	18.189	1	1	95
3	4	3	201029208146	18.189	1	1	95
0	4	3	201029208613	18.189	1	1	95
3	4	3	201029208775	18.189	1	1	95
0	4	2	201029209819	6.063	1	1	95
0	3	3	201029401278	18.408	1	1	50
3	3	3	201029402420	18.408	1	2	50
0	3	3	201029402672	18.408	1	3	50
0	3	3	201029402794	18.408	1	1	50
21	3	3	201029403150	18.408	1	5	50
0	3	3	201029403494	18.408	1	3	50
0	3	3	201029403590	18.408	1	2	50
0	3	3	201029403964	18.408	1	2	50
0	3	3	201029404481	18.408	1	4	50
0	3	3	201029404703	18.408	1	1	50
2	3	3	201029404843	18.408	1	2	50
0	3	3	201029404932	18.408	1	4	50
0	3	3	201029404932	18.408	2	4	50
0	3	3	201029404998	18.408	1	2	50
3	3	3	201029405209	13.677	1	7	50
0	3	3	201029405329	18.408	1	4	50
0	3	3	201029405542	18.408	1	3	50
3	3	3	201029406158	18.408	1	1	50
3	3	3	201029407441	18.408	1	1	50
3	3	3	201029408394	18.408	1	4	50
0	3	3	201029408504	13.677	1	7	50
0	3	3	201029409599	18.408	1	2	50
0	2	3	201029502549	20.726	1	32	91
21	2	3	201029503235	16.488	1	4	91
3	2	3	201029503389	23.519	1	14	91
21	2	3	201029503818	19.879	1	9	91
0	2	3	201029504216	14.797	1	46	91
0	2	3	201029504801	16.072	1	55	91
0	2	3	201029505555	16.756	1	1	91
0	2	3	201029507006	16.979	1	7	91
21	2	3	201029507164	20.391	1	19	91
3	2	3	201029507582	14.797	1	46	91
0	2	3	201029507596	14.797	1	46	91
0	2	3	201029507598	14.797	1	46	91
0	2	3	201029507778	16.979	1	7	91
2	2	3	201029507953	23.519	1	14	91
0	2	3	201029509004	16.979	1	7	91
3	2	3	201029509468	20.391	1	19	91
0	2	3	201029509560	15.502	1	15	91
3	2	3	201029511653	30.412	1	112	91
3	2	3	201029511660	30.412	1	112	91
97	4	3	201029600540	15.759	1	1	94
97	4	3	201029600723	15.759	1	2	94
97	4	3	201029600764	15.759	1	4	94
97	4	3	201029600961	15.759	1	3	94
97	4	3	201029601360	15.759	1	1	94
97	4	3	201029601377	15.759	1	1	94
97	4	3	201029601393	15.759	1	1	94
97	4	3	201029601404	15.759	1	1	94
97	4	3	201029601419	15.759	1	1	94
2	4	3	201029601487	15.759	1	3	94
97	4	3	201029601534	15.759	1	3	94
2	4	3	201029601581	15.759	1	3	94
0	4	3	201029601629	15.759	1	1	94
2	4	3	201029601632	15.759	1	1	94
97	4	3	201029601650	15.759	1	1	94
97	4	3	201029601653	15.759	1	1	94
21	4	3	201029601795	15.759	1	4	94
97	4	3	201029601915	15.759	1	1	94
0	4	3	201029601950	15.759	1	1	94
97	4	3	201029601957	15.759	1	2	94
97	4	3	201029601991	15.759	1	3	94
97	4	3	201029602010	15.759	1	3	94
0	4	3	201029602083	15.759	1	1	94
0	4	3	201029602111	15.759	1	1	94
97	4	3	201029602287	15.759	1	2	94
0	4	3	201029602480	15.759	1	1	94
0	4	3	201029602508	15.759	1	1	94
97	4	3	201029602518	15.759	1	1	94
97	4	3	201029602520	15.759	1	1	94
3	4	3	201029602528	15.759	1	1	94
2	4	3	201029602529	15.759	1	1	94
3	4	3	201029602560	15.759	1	1	94
0	4	3	201029602622	15.759	1	1	94
97	4	4	201029602687	299.423	1	1	94
3	4	3	201029602699	15.759	1	1	94
97	4	3	201029602740	15.759	1	4	94
97	4	3	201029602866	15.759	1	1	94
97	4	3	201029602873	15.759	1	1	94
3	4	3	201029602948	15.759	1	3	94
0	4	3	201029602986	15.759	1	3	94
0	4	3	201029602990	15.759	1	3	94
97	4	3	201029603078	15.759	1	1	94
97	4	3	201029603084	15.759	1	1	94
97	4	4	201029603123	299.423	1	1	94
2	4	3	201029603317	15.759	1	1	94
97	4	3	201029603340	15.759	1	1	94
97	4	3	201029603346	15.759	1	1	94
97	4	3	201029603356	15.759	1	1	94
97	4	3	201029603392	15.759	1	1	94
0	4	3	201029603452	15.759	1	3	94
2	4	3	201029603463	15.759	1	3	94
3	4	3	201029603579	15.759	1	3	94
97	4	3	201029603622	15.759	1	2	94
97	4	3	201029603655	15.759	1	1	94
97	4	3	201029603679	15.759	1	1	94
97	4	3	201029603701	15.759	1	1	94
97	4	3	201029603781	31.217	1	5	94
97	4	3	201029603786	31.217	1	5	94
97	4	3	201029603807	15.759	1	4	94
21	4	3	201029603839	15.759	1	4	94
97	4	3	201029603861	15.759	1	4	94
97	4	3	201029603870	15.759	1	4	94
2	4	3	201029603929	15.759	1	1	94
2	4	3	201029603945	15.759	1	1	94
21	4	3	201029604008	15.759	1	3	94
0	4	3	201029604009	15.759	1	3	94
3	4	4	201029604020	299.423	1	3	94
97	4	3	201029604050	15.759	1	3	94
97	4	3	201029604138	15.759	1	2	94
97	4	3	201029604142	15.759	1	2	94
97	4	3	201029604142	15.759	2	2	94
97	4	3	201029604204	15.759	1	1	94
0	4	3	201029604224	15.759	1	1	94
97	4	4	201029604233	299.423	1	1	94
0	4	3	201029604234	15.759	1	1	94
97	4	3	201029604250	15.759	1	1	94
0	4	3	201029604270	15.759	1	1	94
97	4	3	201029604290	15.759	1	1	94
97	4	3	201029604295	15.759	1	1	94
97	4	3	201029604306	15.759	1	1	94
2	4	3	201029604310	15.759	1	1	94
21	4	3	201029604319	15.759	1	1	94
97	4	3	201029604462	31.217	1	5	94
3	4	3	201029604532	15.759	1	1	94
97	4	3	201029604571	15.759	1	1	94
3	4	3	201029604605	15.759	1	1	94
0	4	3	201029604639	15.759	1	3	94
21	4	3	201029604653	15.759	1	3	94
22	4	3	201029604676	15.759	1	3	94
97	4	3	201029604694	15.759	1	3	94
97	4	3	201029604725	15.759	1	3	94
0	4	3	201029604839	15.759	1	4	94
3	4	3	201029604976	15.759	1	1	94
97	4	3	201029604993	15.759	1	1	94
97	4	3	201029605055	15.759	1	1	94
3	4	3	201029605075	15.759	1	1	94
2	4	4	201029605135	299.423	1	1	94
2	4	3	201029605163	15.759	1	1	94
97	4	3	201029605235	15.759	1	3	94
97	4	3	201029605251	15.759	1	3	94
21	4	4	201029605270	299.423	1	3	94
3	4	3	201029605356	15.759	1	1	94
2	4	3	201029605371	15.759	1	1	94
2	4	3	201029605372	15.759	1	1	94
3	4	3	201029605396	15.759	1	1	94
97	4	4	201029605438	299.423	1	2	94
97	4	3	201029605640	15.759	1	1	94
2	4	4	201029605643	299.423	1	1	94
2	4	3	201029605648	15.759	1	1	94
3	4	3	201029605653	15.759	1	1	94
3	4	3	201029605810	15.759	1	3	94
2	4	3	201029605922	15.759	1	3	94
3	4	3	201029606003	15.759	1	1	94
21	4	3	201029606058	15.759	1	1	94
3	4	3	201029606165	15.759	1	1	94
97	4	3	201029606372	15.759	1	4	94
3	4	3	201029606650	15.759	1	1	94
21	4	3	201029702345	18.355	1	20	96
0	4	3	201029702387	18.355	1	20	96
0	4	3	201029702741	15.951	1	43	96
2	4	4	201029702947	293.676	1	20	96
21	4	4	201029703504	293.176	1	18	96
3	4	3	201029704185	13.337	1	2	97
3	4	4	201029704223	293.418	1	2	97
3	4	3	201029704257	13.337	1	2	97
2	4	3	201029705041	13.337	1	1	97
3	4	3	201029706423	18.355	1	20	96
3	4	3	201029706751	13.337	1	2	97
0	4	3	201029707698	13.337	1	1	97
2	4	3	201029711172	20.539	1	5	97
0	4	3	201029712569	15.507	1	8	96
3	4	3	201064301926	22.188	1	1	79
3	4	3	201064301977	22.188	1	1	79
0	4	4	201064302073	299.538	1	1	79
0	4	3	201064302218	22.188	1	1	79
3	4	3	201064302316	22.188	1	1	79
0	4	3	201064302332	22.188	1	1	79
0	4	3	201064302468	22.188	1	1	79
0	4	3	201064302636	22.188	1	1	79
3	4	3	201064302654	22.188	1	1	79
0	4	3	201064302828	22.188	1	1	79
0	4	3	201064302884	22.188	1	1	79
0	4	3	201064302957	22.188	1	1	79
0	3	3	201065512895	12.222	1	2	43
0	3	3	201065512957	12.222	1	1	43
3	3	3	201065513077	12.222	1	2	43
21	3	3	201065514001	12.222	1	2	43
3	3	3	201065514003	12.222	1	2	43
0	3	3	201065514149	12.222	1	2	43
97	4	3	201065602260	16.15	1	3	75
3	4	3	201065602300	16.15	1	4	75
3	4	3	201065602373	16.15	1	4	75
97	4	3	201065602402	16.15	1	3	75
2	4	3	201065602593	16.15	1	3	75
0	4	3	201065904880	22.188	1	1	79
3	4	2	201065904908	11.094	1	1	79
3	4	3	201065904965	22.188	1	7	79
3	4	4	201065905067	299.538	1	1	79
2	4	3	201065905094	22.188	1	1	79
2	4	3	201065905286	22.188	1	1	79
97	4	3	201065905361	22.188	1	1	79
0	4	3	201065905529	22.188	1	1	79
0	4	3	201065905543	22.188	1	1	79
0	4	3	201065905582	22.188	1	1	79
0	4	3	201065905604	22.188	1	7	79
0	4	3	201065905661	22.188	1	1	79
0	4	3	201065905672	22.188	1	1	79
0	4	3	201065905676	22.188	1	1	79
97	4	3	201065905786	22.188	1	1	79
0	4	2	201065905792	11.094	1	1	79
0	4	3	201065905957	22.188	1	1	79
0	4	3	201065905976	22.188	1	1	79
97	4	4	201065906020	299.538	1	1	79
3	4	3	201065906076	22.188	1	1	79
0	4	4	201065906224	299.538	1	1	79
0	4	4	201065906260	299.538	1	7	79
0	4	6	201065906643	133.128	1	7	79
0	3	3	201068601142	12.222	1	1	43
3	2	4	201068704825	285.76	1	3	11
21	2	3	201068704953	19.051	1	3	11
0	2	4	201068705051	285.76	1	3	11
21	2	3	201068705104	19.051	1	3	11
21	2	3	201068705104	19.051	2	3	11
21	2	3	201068705151	19.051	1	3	11
0	2	3	201068705220	19.051	1	3	11
0	2	3	201068705543	19.051	1	3	11
3	2	4	201068705574	285.76	1	3	11
3	2	3	201068705765	19.051	1	3	11
3	2	3	201068705794	19.051	1	3	11
3	2	3	201068705820	19.051	1	3	11
0	2	3	201068706016	19.051	1	3	11
3	2	3	201068706021	19.051	1	3	11
3	2	3	201068706165	19.051	1	3	11
0	2	3	201068706170	19.051	1	3	11
3	2	3	201068706405	19.051	1	3	11
0	2	3	201068706422	19.051	1	3	11
3	2	3	201068805325	19.051	1	4	11
21	2	3	201068805330	19.051	1	4	11
3	2	3	201068805553	19.051	1	3	11
0	2	3	201068805837	19.051	1	4	11
21	1	3	201069500685	20.242	1	26	6
0	1	3	201069600567	14.82	1	20	6
21	1	3	201069600568	14.82	1	20	6
0	1	3	201069600583	20.242	1	26	6
0	1	3	201069600587	20.242	1	26	6
0	3	3	201091500406	22.464	1	1	46
0	3	3	201091501044	22.464	1	1	46
0	3	4	201091501073	292.032	1	2	46
