REGION	STRATUM	CASENUM	WEIGHT	EVENTNUM	PGAD	PVEHNO	PJ	PSU
1	4	201010426145	298.606	1	27	1	3	2
1	2	201010426272	49.28	1	26	1	6	2
1	4	201010426367	269.56	1	29	1	10	2
1	4	201010426381	295.682	1	99	1	6	2
1	4	201010426691	319.935	1	29	1	16	2
1	4	201010426711	269.434	1	26	1	4	2
1	4	201010426840	298.606	1	29	1	2	2
1	3	201010427239	53.887	5	29	1	4	2
1	3	201010427610	57.524	2	30	1	9	2
1	4	201010427619	295.682	1	27	1	6	2
1	4	201010427881	298.606	1	25	1	1	2
1	3	201010427950	27.146	2	32	1	2	2
1	4	201010428142	269.56	1	26	1	10	2
1	6	201010428164	115.047	2	27	1	9	2
1	6	201010428164	115.047	3	27	2	9	2
1	6	201010428164	115.047	4	27	3	9	2
1	4	201010428498	295.682	2	29	1	6	2
1	6	201010428971	107.773	2	26	1	4	2
1	4	201010700007	291.467	2	26	1	21	3
1	2	201010700084	4.966	2	31	1	8	3
1	4	201010700221	294.566	2	31	1	3	3
1	4	201010700221	294.566	3	97	2	3	3
1	4	201010700282	296.785	1	26	1	16	3
1	6	201010787259	129.522	1	32	1	1	3
1	6	201010787259	129.522	2	32	2	1	3
1	4	201010787450	293.494	1	27	1	4	3
1	6	201010788066	132.047	2	26	1	3	3
1	4	201010788079	294.566	1	32	1	3	3
1	4	201010788140	291.467	2	32	1	21	3
1	4	201010788214	293.914	1	27	1	1	3
1	4	201010788266	296.785	2	27	1	16	3
1	4	201010788541	292.99	1	32	1	8	3
1	4	201010788665	291.467	1	29	1	21	3
1	2	201010788667	5.056	2	26	1	7	3
1	2	201010788667	5.056	3	26	2	7	3
1	4	201010789402	296.564	1	29	1	10	3
1	4	201010789466	293.914	1	31	1	1	3
1	2	201010789600	5.079	1	28	1	3	3
1	4	201010789634	294.566	1	26	1	3	3
1	3	201010789823	14.573	1	32	1	21	3
1	4	201010789833	291.467	1	32	1	21	3
1	2	201010789881	7.379	1	26	1	13	3
1	2	201010789881	7.379	2	26	2	13	3
1	3	201010789922	14.573	1	23	1	21	3
1	6	201010789956	129.114	1	27	1	8	3
1	4	201010790138	292.99	3	99	1	8	3
1	4	201010790189	293.494	1	29	1	4	3
1	3	201010790231	14.758	1	23	1	13	3
1	4	201010790390	294.566	1	31	1	3	3
1	4	201010790896	292.99	1	25	1	8	3
1	4	201010791402	291.467	2	26	1	21	3
1	4	201010791402	291.467	3	26	2	21	3
1	4	201010791434	294.566	1	32	1	3	3
1	3	201010791462	20.315	1	30	1	3	3
1	1	201010791700	4.783	1	26	1	10	3
1	4	201010792116	291.467	1	23	1	21	3
1	4	201010792130	296.785	2	26	1	16	3
1	4	201010792300	293.914	1	26	1	1	3
1	6	201010792482	132.047	1	27	1	3	3
1	4	201010792693	293.494	1	23	1	4	3
1	4	201010792976	293.219	1	32	1	7	3
1	4	201010793230	293.494	1	32	1	4	3
1	4	201010793614	292.99	1	26	1	8	3
1	6	201010793730	129.522	2	27	1	1	3
1	3	201010793884	19.864	2	29	1	8	3
1	4	201010793984	291.467	1	32	1	21	3
1	4	201010794049	292.99	1	29	1	8	3
1	4	201010794156	296.785	1	32	1	16	3
1	4	201010794283	294.566	1	25	1	3	3
1	4	201010794342	295.16	1	31	1	13	3
1	2	201010794361	4.974	2	32	1	4	3
1	2	201010794361	4.974	6	29	2	4	3
1	2	201010794361	4.974	9	26	3	4	3
1	3	201010794538	19.864	2	26	1	8	3
1	6	201010794599	131.443	1	27	1	7	3
1	3	201010794743	14.573	3	26	1	21	3
1	3	201010794743	14.573	5	29	2	21	3
1	4	201010795195	293.494	5	27	1	4	3
1	4	201010795195	293.494	6	29	2	4	3
1	4	201010795221	295.16	1	30	1	13	3
1	6	201010795253	132.822	1	27	1	13	3
1	5	201010795305	57.288	2	32	1	1	3
1	2	201010795407	5.056	3	27	1	7	3
1	2	201010795407	5.056	4	26	2	7	3
1	2	201010795407	5.056	5	27	3	7	3
1	4	201010795462	295.16	1	32	1	13	3
1	3	201010795517	14.573	2	33	1	21	3
1	5	201010795528	58.293	3	26	1	21	3
1	5	201010795528	58.293	4	26	2	21	3
1	4	201010795884	293.219	1	97	1	7	3
1	4	201010796476	293.914	1	30	1	1	3
1	4	201010796835	294.566	2	62	1	3	3
1	4	201010796926	293.494	1	29	1	4	3
1	5	201010796968	55.611	2	26	1	7	3
1	5	201010796968	55.611	3	26	2	7	3
1	4	201010797135	293.219	1	32	1	7	3
1	4	201010797317	295.16	1	30	1	13	3
1	6	201010797425	131.443	3	26	1	7	3
1	6	201010797425	131.443	4	26	2	7	3
1	2	201010797512	4.974	1	26	1	4	3
1	1	201010797804	7.379	4	26	1	13	3
1	4	201010797930	293.494	1	26	1	4	3
1	4	201010798072	293.219	1	32	1	7	3
1	2	201010798162	2.491	2	27	1	1	3
1	2	201010798162	2.491	3	26	2	1	3
1	5	201010798625	55.611	3	27	1	7	3
1	5	201010798625	55.611	4	23	2	7	3
1	6	201010798667	129.114	2	31	1	8	3
1	6	201010798667	129.114	3	26	2	8	3
1	4	201010798757	296.564	1	32	1	10	3
1	4	201010798854	292.99	1	29	1	8	3
1	5	201010799023	59.591	2	26	1	8	3
1	4	201010799072	293.494	1	26	1	4	3
1	4	201010799242	295.16	1	30	1	13	3
1	4	201010799474	296.785	2	25	1	16	3
1	4	201010799540	294.566	2	26	1	3	3
1	4	201010799676	291.467	1	32	1	21	3
1	4	201011170274	298.504	1	26	1	6	4
1	5	201011170296	54.273	1	27	1	6	4
1	4	201011170338	243.187	2	26	1	17	4
1	4	201011170435	300.07	1	27	1	2	4
1	4	201011170571	305.288	1	26	1	7	4
1	5	201011170782	54.273	1	61	1	6	4
1	4	201011171332	300.07	1	25	1	3	4
1	6	201011171438	118.723	1	29	1	11	4
1	1	201011171503	27.137	6	24	1	6	4
1	4	201011171612	298.504	1	22	1	6	4
1	4	201011171858	300.07	1	30	1	1	4
1	2	201011172177	13.047	1	26	1	1	4
1	6	201011172266	121.593	1	31	1	17	4
1	4	201011172268	243.187	1	29	1	17	4
1	5	201011172288	54.273	1	26	1	6	4
1	4	201011172589	300.07	1	29	1	3	4
1	5	201011173036	59.362	1	26	1	11	4
1	5	201011173163	52.186	1	32	1	2	4
1	6	201011173250	118.723	3	26	1	11	4
1	5	201011173283	52.186	6	32	1	1	4
1	5	201011173283	52.186	7	26	2	1	4
1	5	201011173481	54.273	2	32	1	6	4
1	4	201011173514	300.07	1	26	1	2	4
1	4	201011173539	296.808	1	62	1	11	4
1	4	201011173558	305.288	3	30	1	7	4
1	4	201011173558	305.288	4	23	2	7	4
1	4	201011173908	296.808	1	32	1	11	4
1	4	201011174156	300.07	2	26	1	1	4
1	4	201011174274	243.187	1	61	1	17	4
1	4	201011174365	298.504	1	30	1	6	4
1	4	201011174385	298.504	1	31	1	6	4
1	4	201011174419	243.187	1	62	1	17	4
1	6	201011174481	130.465	1	31	1	3	4
1	2	201011175001	13.047	1	26	1	3	4
1	2	201011175001	13.047	3	26	2	3	4
1	4	201011175100	298.504	1	29	1	6	4
1	6	201011175253	130.465	1	26	1	1	4
1	6	201011175291	135.684	1	28	1	7	4
1	4	201011175557	298.504	1	29	1	6	4
1	4	201011176069	300.07	1	26	1	1	4
1	4	201011176186	296.808	1	27	1	11	4
1	5	201011176600	52.186	1	28	1	3	4
1	4	201011176739	300.07	1	27	1	4	4
1	4	201011176765	305.288	1	28	1	7	4
1	4	201011177108	298.504	1	27	1	6	4
1	3	201011177588	33.921	2	25	1	7	4
1	4	201011177688	296.808	1	63	1	11	4
1	5	201011177752	52.186	3	63	1	3	4
1	5	201011177752	52.186	4	63	2	3	4
1	5	201011177883	52.186	1	63	1	1	4
1	4	201011178115	300.07	1	30	1	1	4
1	4	201011178322	300.07	1	30	1	2	4
1	6	201011178333	130.465	6	26	1	2	4
1	4	201011178586	296.808	2	27	1	11	4
1	5	201011179503	59.362	2	26	1	11	4
1	6	201011179515	118.723	2	32	1	11	4
1	6	201011179515	118.723	3	26	2	11	4
1	3	201011517637	16.459	3	32	1	8	5
1	6	201011518264	132.552	2	27	1	3	5
1	5	201011518376	60.753	2	31	1	3	5
1	5	201011518376	60.753	3	32	2	3	5
1	3	201011518484	16.569	2	29	1	3	5
1	3	201011518484	16.569	4	28	2	3	5
1	6	201011518615	132.552	2	26	1	1	5
1	6	201011518858	131.668	2	26	1	8	5
1	6	201011518858	131.668	3	29	2	8	5
1	6	201011518912	132.552	1	27	1	3	5
1	6	201011518912	132.552	2	97	2	3	5
1	4	201011519027	296.254	1	32	1	8	5
1	2	201011519462	5.523	3	26	1	1	5
1	6	201011519535	132.552	1	26	1	3	5
1	3	201011520154	16.459	2	26	1	8	5
1	3	201011520154	16.459	3	26	2	8	5
1	3	201011520154	16.459	4	26	3	8	5
1	6	201011520412	132.552	2	32	1	3	5
1	1	201012003126	5.488	2	26	1	7	6
1	1	201012003126	5.488	3	26	2	7	6
1	5	201012003339	57.46	3	29	1	4	6
1	6	201012003596	133.38	2	26	1	20	6
1	6	201012003614	134.12	4	34	1	11	6
1	1	201012003646	2.763	5	29	1	1	6
1	1	201012003646	2.763	6	32	2	1	6
1	1	201012003646	2.763	7	29	2	1	6
1	5	201012414679	56.764	2	27	1	15	8
1	6	201012414731	99.48	2	26	1	69	8
1	6	201012414731	99.48	5	25	2	69	8
1	6	201012414731	99.48	6	21	3	69	8
1	6	201012414731	99.48	7	32	4	69	8
1	6	201012414813	98.855	2	28	1	118	8
1	5	201012414948	56.764	3	32	1	15	8
1	5	201012415044	56.764	3	30	1	15	8
1	5	201012415044	56.764	4	27	2	15	8
1	5	201012415044	56.764	5	26	3	15	8
1	3	201012415178	12.435	2	27	1	4	8
1	3	201012415178	12.435	3	26	2	4	8
1	3	201012415178	12.435	5	26	3	4	8
1	6	201012415388	141.911	2	21	1	15	8
1	6	201012415679	141.911	4	27	1	15	8
1	6	201012415679	141.911	5	97	2	15	8
1	3	201012415695	17.303	2	22	1	5	8
1	5	201012415968	44.206	2	31	1	28	8
1	5	201012416002	98.855	2	29	1	119	8
1	5	201012416002	98.855	3	26	2	119	8
1	5	201012416002	98.855	4	21	3	119	8
1	6	201012416046	117.172	2	27	1	47	8
1	6	201012416214	123.095	2	26	1	51	8
1	6	201012416230	124.35	3	29	1	4	8
1	1	201012416301	12.847	4	31	1	2	8
1	5	201012416413	45.154	3	31	1	33	8
1	1	201012416525	17.303	3	32	1	5	8
2	4	201012800782	285.76	2	29	1	2	11
2	1	201012800788	19.051	4	97	1	2	11
2	1	201012800788	19.051	5	97	2	2	11
2	4	201012800860	285.76	1	26	1	2	11
3	6	201013035334	129.532	2	26	1	5	9
3	4	201013035641	292.647	3	62	1	5	9
3	4	201013035671	291.442	1	26	1	8	9
3	2	201013035750	4.798	1	26	1	5	9
3	2	201013035750	4.798	2	26	1	5	9
3	2	201013036052	4.798	2	26	1	5	9
3	6	201013036399	121.475	1	26	1	13	9
3	5	201013036604	48.59	2	26	1	13	9
3	5	201013036637	57.57	2	26	1	3	9
3	3	201013037509	19.19	2	26	1	2	9
3	1	201013037820	4.798	3	63	1	2	9
3	4	201013039193	292.647	2	31	1	5	9
3	4	201013039193	292.647	3	27	2	5	9
3	4	201013040525	292.647	2	28	1	4	9
3	6	201013040610	129.532	2	26	1	3	9
3	3	201013040767	19.19	2	63	1	5	9
3	3	201013040767	19.19	3	26	2	5	9
3	2	201013040816	4.798	1	63	1	5	9
3	5	201013041023	57.57	2	26	1	2	9
3	2	201013041042	4.798	4	63	1	5	9
3	2	201013041042	4.798	7	63	1	5	9
3	2	201013041282	4.798	1	62	1	4	9
3	1	201013041373	4.798	2	26	1	2	9
3	4	201013041393	292.647	2	32	1	2	9
3	6	201013041433	129.532	1	63	1	3	9
3	2	201013041881	4.798	2	26	1	1	9
3	6	201013042371	121.475	1	62	1	13	9
3	3	201013042794	19.19	2	27	1	3	9
3	3	201013042794	19.19	3	27	2	3	9
3	1	201013043205	4.798	2	63	1	2	9
3	4	201013043470	291.442	1	26	1	8	9
3	1	201013043801	4.798	2	26	1	2	9
3	1	201013043801	4.798	3	26	2	2	9
3	1	201013043811	4.798	2	26	1	2	9
2	6	201013533911	133.355	2	26	1	4	11
2	4	201013534693	285.76	1	29	1	2	11
2	4	201013534730	285.76	1	29	1	1	11
2	6	201013535058	133.355	2	32	1	5	11
2	3	201013535744	48.988	4	23	1	7	11
2	6	201013535849	133.355	2	32	1	1	11
2	4	201013535909	285.76	1	61	1	1	11
2	3	201013535913	19.051	1	27	1	1	11
2	4	201013536140	285.76	1	32	1	1	11
2	4	201013536145	285.76	1	27	1	5	11
2	4	201013536341	285.76	1	63	1	2	11
2	3	201013536868	19.051	2	26	1	1	11
2	4	201013537361	285.76	1	28	1	1	11
2	6	201013537917	133.355	2	31	1	1	11
2	4	201013538120	293.925	1	61	1	7	11
2	5	201013538339	57.152	3	63	1	1	11
2	5	201013538339	57.152	4	63	2	1	11
2	4	201013538688	285.76	1	32	1	1	11
2	4	201013539156	285.76	1	29	1	4	11
2	3	201013539906	19.051	2	31	1	1	11
2	4	201013540063	285.76	1	29	1	1	11
2	2	201013540169	19.051	2	32	1	5	11
2	4	201013540223	285.76	1	63	1	1	11
2	4	201013540252	285.76	1	29	1	3	11
2	4	201014066664	296.222	2	63	1	1	12
2	6	201014066975	132.355	2	27	1	1	12
2	4	201014067582	296.222	2	31	1	1	12
2	4	201014068077	296.222	2	29	1	1	12
2	3	201014068520	20.788	1	26	1	9	12
2	2	201014068692	6.303	1	26	1	3	12
2	4	201014068707	296.222	2	31	1	1	12
2	4	201014069066	291.026	2	29	1	9	12
2	6	201014069758	124.725	4	26	1	9	12
2	6	201014070814	132.355	2	26	1	4	12
2	2	201014070937	6.303	2	26	1	1	12
2	4	201014071106	296.222	1	31	1	1	12
2	3	201014071486	18.908	1	32	1	1	12
2	6	201014071578	124.725	4	81	1	9	12
2	4	201014071759	296.222	4	32	1	1	12
2	1	201014071774	6.303	3	32	1	1	12
2	1	201014071774	6.303	4	32	2	1	12
2	1	201014071774	6.303	5	22	3	1	12
2	4	201014071919	296.222	1	24	1	3	12
2	4	201014072597	296.222	1	26	1	1	12
2	4	201014073719	334.739	1	29	1	14	12
2	1	201014101276	4.176	2	26	1	9	74
2	4	201014101828	296.482	2	26	1	9	74
2	4	201014102350	296.482	2	26	1	9	74
2	2	201014102361	4.176	1	26	1	1	74
2	4	201014102532	296.482	2	61	1	9	74
2	4	201014102700	296.482	2	26	1	9	74
2	4	201014102700	296.482	3	26	2	9	74
2	4	201014102700	296.482	5	26	3	9	74
2	4	201014102888	296.482	1	63	1	1	74
2	6	201014102921	129.45	2	83	1	1	74
2	1	201014102984	4.176	3	31	1	9	74
2	4	201014103872	296.482	2	29	1	1	74
2	1	201014103894	4.176	3	26	1	9	74
2	1	201014103894	4.176	4	97	2	9	74
2	3	201014104174	16.703	4	61	1	9	74
2	6	201014104526	129.45	3	26	1	9	74
2	1	201014104615	4.176	2	32	1	1	74
2	1	201014104615	4.176	4	32	2	1	74
2	3	201014104631	16.703	5	62	1	1	74
2	3	201014104631	16.703	6	62	2	1	74
2	4	201014105195	296.482	1	32	1	1	74
2	1	201014105274	4.176	2	26	1	1	74
2	1	201014106247	4.176	6	23	1	1	74
2	4	201014106325	296.482	1	28	1	2	74
2	6	201014106351	129.45	2	26	1	1	74
2	6	201014106351	129.45	6	23	2	1	74
2	4	201014106883	296.482	1	29	1	9	74
2	4	201014738920	311.734	1	29	1	1	13
2	5	201014739037	38.967	2	26	1	1	13
2	4	201014739170	311.734	1	29	1	1	13
2	4	201014739338	311.734	1	29	1	1	13
2	6	201014739796	116.9	2	32	1	1	13
2	4	201014739834	311.734	1	63	1	1	13
2	4	201014739980	311.734	3	62	1	1	13
2	6	201014739991	116.9	1	26	1	1	13
2	3	201014739999	38.967	2	62	1	1	13
2	3	201014740026	38.967	1	29	1	1	13
2	4	201014740105	311.734	1	61	1	6	13
2	4	201014740171	311.734	1	29	1	1	13
2	4	201014740326	311.734	1	63	1	1	13
2	6	201014740421	116.9	3	31	1	4	13
2	3	201014740559	38.967	1	26	1	1	13
2	5	201014740561	38.967	2	29	1	3	13
2	3	201014740746	38.967	2	32	1	4	13
2	3	201014740746	38.967	3	23	2	4	13
2	6	201014740880	116.9	2	27	1	1	13
2	6	201014740880	116.9	3	28	2	1	13
2	4	201014740956	311.734	1	26	1	6	13
2	4	201014741247	311.734	1	29	1	1	13
2	4	201014741328	311.734	1	26	1	1	13
2	6	201014741349	116.9	1	27	1	1	13
2	4	201014741417	311.734	1	32	1	1	13
2	4	201014741491	311.734	1	62	1	1	13
2	4	201014741852	311.734	1	30	1	5	13
2	4	201014742057	311.734	1	29	1	1	13
2	4	201014742083	311.734	1	31	1	1	13
2	4	201014742266	311.734	3	29	1	5	13
2	4	201014742805	311.734	1	30	1	1	13
2	4	201014963893	296.031	1	32	1	16	33
2	4	201014964421	294.376	2	32	1	1	10
2	4	201014965862	294.376	2	27	1	2	10
2	3	201014966192	13.597	1	26	1	15	10
2	4	201014966375	295.462	1	63	1	1	33
2	3	201014966562	18.766	2	26	1	8	33
2	1	201014966843	2.701	2	26	1	1	10
2	6	201014967978	129.634	1	26	1	2	10
2	4	201014968294	289.106	1	31	1	17	10
2	4	201014968972	294.376	1	29	1	1	10
2	4	201014969421	299.126	1	31	1	15	10
2	3	201014969424	13.597	1	32	1	15	10
2	3	201014969865	15.077	1	32	1	5	10
2	4	201014970363	290.564	2	27	1	6	33
2	4	201014971211	295.462	1	61	1	1	33
2	4	201014972347	294.376	1	29	1	4	10
2	6	201014972435	129.634	3	27	1	4	10
2	4	201014972950	289.51	1	30	1	12	33
2	3	201014972959	22.27	1	32	1	12	33
2	5	201014972990	68.315	2	27	1	16	33
2	5	201014972990	68.315	3	31	1	16	33
2	4	201014973054	294.376	1	61	1	1	10
2	3	201014973810	18.466	2	31	1	1	33
2	4	201014974129	294.376	1	31	1	1	10
2	3	201014974353	18.905	3	26	1	2	10
2	4	201014975914	294.376	1	31	1	2	10
2	4	201014976243	299.126	1	61	1	15	10
2	4	201014976269	299.126	1	29	1	15	10
3	4	201014976487	292.032	2	27	1	1	46
2	4	201014977127	293.993	1	29	1	8	33
2	5	201014977448	56.715	4	24	1	1	10
2	4	201014977780	294.376	1	29	1	3	10
2	1	201014977987	2.701	2	32	1	4	10
2	2	201014978117	7.538	1	32	1	5	10
2	3	201014978120	15.077	8	99	1	5	10
2	3	201014978120	15.077	10	99	2	5	10
2	3	201014978120	15.077	11	99	3	5	10
2	4	201014978187	299.126	1	29	1	15	10
2	1	201014978467	2.701	2	31	1	1	10
2	1	201014978467	2.701	3	27	2	1	10
2	4	201014978960	299.126	1	29	1	15	10
2	4	201014979200	294	1	32	1	5	10
2	2	201014979545	2.701	3	34	1	3	10
2	4	201014980118	294.376	1	26	1	1	10
2	4	201014980361	296.031	7	22	1	16	33
3	4	201015446460	290.777	2	62	1	1	41
3	4	201015446547	290.777	2	61	1	3	41
3	6	201015447528	130.348	2	26	1	2	41
3	6	201015448298	130.348	3	61	1	1	41
3	4	201015448379	290.777	1	27	1	2	41
3	5	201015448554	60.161	4	26	1	1	41
3	5	201015448554	60.161	6	26	1	1	41
3	6	201015449063	130.348	3	61	1	2	41
3	4	201015449092	290.777	2	32	1	2	41
3	6	201015449393	130.348	2	32	1	2	41
3	4	201015449426	290.777	1	63	1	1	41
3	6	201015450278	130.348	3	32	1	2	41
3	6	201015450349	130.348	4	25	1	2	41
3	3	201015451422	20.054	1	62	1	1	41
3	1	201015451933	10.027	2	26	1	3	41
3	5	201015452279	60.161	3	63	1	1	41
3	5	201015452279	60.161	4	83	2	1	41
3	1	201015452422	10.027	4	61	1	1	41
3	4	201016139775	293.316	2	26	1	1	43
3	4	201016139775	293.316	3	61	2	1	43
3	4	201016141294	293.316	3	32	1	2	43
3	5	201016141809	61.108	1	26	1	1	43
3	6	201016142445	124.252	1	82	1	6	43
3	4	201016142543	293.316	1	61	1	1	43
3	4	201016142782	293.316	1	61	1	1	43
3	4	201016143992	293.316	1	61	1	1	43
3	4	201016144135	289.921	1	62	1	6	43
3	3	201016144276	12.222	1	61	1	3	43
3	4	201016144372	293.316	1	62	1	1	43
3	4	201016144533	293.316	1	31	1	1	43
3	2	201016146015	12.222	2	61	1	2	43
3	4	201016146274	293.316	1	81	1	1	43
3	3	201016146643	12.222	3	26	1	3	43
3	1	201016147289	12.222	5	26	1	2	43
3	3	201016147588	12.222	3	26	1	1	43
3	3	201016147588	12.222	4	26	2	1	43
3	3	201016147588	12.222	5	26	3	1	43
3	3	201016148584	12.222	1	26	1	1	43
3	2	201016148902	12.222	3	26	1	1	43
3	1	201016149149	41.417	4	61	1	6	43
3	4	201016149470	293.316	1	61	1	1	43
3	4	201016151605	293.316	1	81	1	3	43
3	5	201016152635	61.108	13	61	1	2	43
3	2	201016154141	12.222	1	26	1	1	43
3	4	201016154411	293.316	1	26	1	3	43
3	4	201016154411	293.316	2	26	2	3	43
3	1	201016556269	10.106	3	26	1	1	45
3	1	201016556709	10.106	2	26	1	1	45
3	4	201016556731	293.08	1	32	1	1	45
3	1	201016556981	10.106	6	26	1	2	45
3	3	201016557272	20.212	4	83	1	1	45
3	1	201016557321	10.106	4	32	1	3	45
3	4	201016557911	293.08	2	25	1	2	45
3	2	201016558716	10.106	4	23	1	3	45
3	2	201016558716	10.106	5	23	2	3	45
3	3	201016558834	20.212	4	62	1	1	45
3	6	201016558948	131.381	2	63	1	1	45
3	4	201016559605	293.08	1	83	1	1	45
3	4	201016559652	293.08	1	23	1	1	45
3	4	201016559695	293.08	2	26	1	1	45
3	4	201016560059	293.08	2	21	1	1	45
3	1	201016560164	10.106	6	26	1	1	45
3	1	201016560425	10.106	3	26	1	1	45
3	4	201016560796	293.08	2	26	1	1	45
3	4	201016561127	293.08	2	32	1	1	45
3	3	201016561353	20.212	4	32	1	1	45
3	3	201016561353	20.212	5	32	2	1	45
3	3	201016561353	20.212	6	26	3	1	45
3	3	201016561353	20.212	7	32	4	1	45
3	2	201016563213	10.106	1	26	1	1	45
3	5	201016563373	60.637	3	62	1	1	45
3	1	201016563844	10.106	2	61	1	2	45
3	5	201016564576	60.637	2	99	1	1	45
3	1	201016564695	10.106	4	81	1	3	45
3	1	201016564695	10.106	5	63	2	3	45
3	5	201016565225	60.637	2	61	1	1	45
3	4	201016565273	293.08	2	26	1	2	45
3	3	201016565537	20.212	2	23	1	1	45
3	6	201016565632	131.381	2	26	1	1	45
3	2	201016567490	10.106	2	29	1	1	45
3	4	201016567642	293.08	2	25	1	1	45
3	5	201016568400	60.637	4	32	1	2	45
3	1	201016569259	10.106	3	32	1	1	45
3	6	201017261477	155.892	2	63	1	1	48
3	6	201017261477	155.892	6	81	2	1	48
3	6	201017261477	155.892	7	81	3	1	48
3	4	201017261813	311.784	1	27	1	1	48
3	4	201017261911	311.784	1	28	1	3	48
3	4	201017262082	311.784	2	27	1	4	48
3	4	201017262082	311.784	3	27	2	4	48
3	4	201017262098	311.784	1	32	1	3	48
3	5	201017262312	51.964	2	32	1	3	48
3	4	201017262464	311.784	1	32	1	4	48
3	4	201017262499	311.784	2	26	1	1	48
3	4	201017262766	311.784	1	31	1	4	48
3	4	201017262798	311.784	2	27	1	1	48
3	4	201017262870	311.784	1	24	1	3	48
3	4	201017263163	311.784	1	22	1	1	48
3	5	201017263291	51.964	2	97	1	1	48
3	4	201017263337	311.784	1	26	1	1	48
3	3	201017263651	51.964	2	26	1	1	48
3	4	201017264462	311.784	3	26	1	1	48
3	4	201017264462	311.784	4	24	2	1	48
3	4	201017264873	311.784	2	26	1	1	48
3	3	201017265450	51.964	2	24	1	1	48
3	4	201017265976	311.784	2	32	1	1	48
3	6	201017266744	155.892	2	27	1	1	48
3	4	201017266792	311.784	2	28	1	1	48
3	5	201017266865	51.964	3	27	1	1	48
3	5	201017266865	51.964	4	27	2	1	48
3	4	201017267161	311.784	1	32	1	1	48
3	1	201017267304	51.964	2	26	1	1	48
3	4	201017267444	311.784	2	28	1	1	48
1	5	201017502604	58.104	3	30	1	14	6
1	4	201017502636	294.542	1	29	1	5	6
1	2	201017502905	11.621	1	32	1	14	6
1	2	201017502955	2.763	3	26	1	1	6
1	3	201017503396	14.82	2	29	1	20	6
1	6	201017503479	127.828	2	97	1	14	6
1	1	201017503493	5.746	2	23	1	4	6
1	1	201017503493	5.746	3	26	2	4	6
1	3	201017503519	20.242	2	99	1	26	6
1	5	201017503553	58.104	3	29	1	14	6
1	3	201017503657	23.242	2	97	1	14	6
1	1	201017503686	5.454	1	29	1	5	6
1	6	201017503699	121.455	1	27	1	26	6
1	6	201017503699	121.455	3	63	2	26	6
1	3	201017504074	23.242	3	32	1	14	6
1	3	201017504074	23.242	4	32	2	14	6
1	3	201017504219	14.82	2	83	1	20	6
1	5	201017504344	60.727	2	23	1	26	6
1	5	201017504344	60.727	3	83	2	26	6
1	2	201017504346	20.242	2	26	1	26	6
1	3	201017504414	20.242	2	26	1	26	6
1	5	201017504419	60.727	2	26	1	26	6
1	5	201017504419	60.727	5	26	2	26	6
1	5	201017504435	59.999	2	26	1	5	6
1	5	201017504435	59.999	3	32	2	5	6
1	6	201017504454	127.828	2	26	1	14	6
1	6	201017504454	127.828	3	26	2	14	6
1	2	201017504748	2.763	2	99	1	1	6
1	2	201017504748	2.763	3	99	2	1	6
1	6	201017504900	127.828	2	31	1	14	6
1	4	201017504946	303.637	2	25	1	26	6
1	3	201017504987	14.82	1	97	1	20	6
1	3	201017505044	17.238	1	22	1	4	6
1	3	201017505044	17.238	3	26	2	4	6
1	3	201017505094	16.463	2	21	1	7	6
1	6	201017505117	121.455	3	27	1	26	6
1	2	201017505413	11.621	3	27	1	14	6
1	1	201017505458	2.763	4	26	1	2	6
1	5	201017505519	57.46	2	29	1	4	6
1	5	201017505519	57.46	5	29	2	4	6
1	5	201017505519	57.46	6	97	3	4	6
3	3	201017638593	15.641	2	23	1	1	49
3	6	201017638618	130.345	3	26	1	1	49
3	6	201017638942	130.345	2	32	1	1	49
3	2	201017639149	5.214	2	26	1	1	49
3	1	201017639366	5.214	6	81	1	1	49
3	6	201017640858	130.345	2	32	1	1	49
3	6	201017640858	130.345	3	32	2	1	49
3	2	201017640954	5.214	2	26	1	1	49
3	3	201017641182	15.641	2	83	1	1	49
3	3	201017641182	15.641	5	63	2	1	49
3	4	201017641822	297.187	3	83	1	1	49
3	6	201017642478	130.345	2	63	1	1	49
3	2	201017642992	5.214	1	26	1	1	49
3	1	201017643161	5.214	2	63	1	1	49
3	3	201017643216	15.641	2	32	1	1	49
3	4	201017643540	297.187	2	61	1	1	49
3	2	201017643749	2.607	2	26	1	3	49
3	1	201017644430	5.214	7	23	1	1	49
3	6	201017645376	130.345	2	62	1	1	49
3	1	201017645614	5.214	2	34	1	1	49
3	4	201017646220	297.187	2	63	1	1	49
3	5	201017646406	57.352	2	32	1	1	49
3	4	201017646512	297.187	1	26	1	1	49
3	2	201017646652	2.607	1	26	1	3	49
3	1	201017646745	5.214	3	26	1	1	49
3	5	201017646789	57.352	3	26	1	3	49
3	6	201017647011	130.345	2	26	1	3	49
3	2	201017647593	2.607	2	26	1	3	49
3	1	201017647753	5.214	2	29	2	1	49
3	1	201017647753	5.214	5	26	1	1	49
3	2	201017648189	2.607	2	26	1	3	49
3	4	201017648344	297.187	2	26	1	1	49
3	1	201017648500	5.214	2	26	1	1	49
3	4	201017648553	297.187	2	29	1	1	49
3	4	201017648553	297.187	4	26	2	1	49
3	5	201017648732	57.352	2	26	1	1	49
3	5	201017648732	57.352	5	63	2	1	49
3	2	201017649099	2.607	2	26	1	3	49
3	2	201017649668	5.214	1	26	1	1	49
3	2	201017649687	5.214	1	26	1	1	49
3	4	201017650319	297.187	2	61	1	1	49
3	1	201017650463	5.214	2	32	1	1	49
3	1	201017650463	5.214	3	32	2	1	49
3	1	201017650463	5.214	4	83	3	1	49
3	6	201017650796	130.345	2	27	1	1	49
3	2	201017651149	2.607	3	26	1	3	49
3	4	201017651313	297.187	2	29	1	1	49
3	4	201017651829	297.187	1	61	1	1	49
3	2	201017652547	2.607	2	29	1	3	49
3	6	201017652966	130.345	2	29	1	1	49
3	3	201017653157	15.641	2	63	1	1	49
3	2	201018404676	4.798	2	26	1	1	9
3	1	201018404759	4.798	2	26	1	1	9
3	6	201018404760	129.532	2	26	1	1	9
3	6	201018405384	129.532	2	63	1	1	9
2	2	201018453939	2	2	26	1	7	72
2	2	201018453941	2	1	26	1	7	72
2	4	201018455111	295	1	82	1	4	72
2	6	201018455257	130	2	26	1	6	72
2	4	201018455372	295	2	23	1	1	72
2	1	201018455714	5	2	26	1	6	72
2	1	201018455714	5	3	26	2	6	72
2	1	201018455714	5	4	26	3	6	72
2	4	201018455788	295	2	29	1	3	72
2	5	201018456116	60	4	26	1	2	72
2	5	201018456116	60	5	32	2	2	72
2	1	201018456144	5	4	83	1	3	72
2	1	201018456816	2	1	26	1	7	72
2	4	201018456923	295	2	63	1	3	72
2	2	201018457247	5	2	26	1	2	72
2	4	201018457311	295	1	26	1	1	72
2	4	201018457412	295	1	26	1	4	72
2	4	201018457484	295	1	63	1	3	72
2	4	201018458776	295	1	63	1	1	72
2	2	201018458923	5	2	62	1	3	72
2	2	201018458923	5	5	62	2	3	72
2	4	201018459286	295	2	29	1	2	72
2	4	201018459315	295	1	23	1	4	72
2	4	201018459385	295	2	26	1	3	72
2	4	201018459385	295	3	26	2	3	72
2	4	201018459628	295	2	83	1	4	72
2	4	201018460098	295	1	29	1	1	72
2	4	201018460316	295	2	29	1	3	72
2	2	201018460472	5	2	26	1	2	72
2	4	201018461229	295	1	62	1	6	72
2	2	201018461659	5	3	23	1	3	72
2	2	201018461659	5	4	23	2	3	72
2	4	201018461686	295	1	29	1	1	72
2	4	201018461849	295	1	83	1	4	72
2	5	201018461863	60	3	32	1	3	72
2	4	201018462235	295	2	62	1	2	72
2	3	201018462607	20	2	27	1	2	72
2	4	201018462765	295	2	62	1	6	72
2	5	201018463021	60	4	62	1	6	72
2	5	201018463021	60	5	97	1	6	72
2	1	201018463250	5	4	82	1	3	72
2	5	201018463300	60	3	61	1	4	72
2	5	201018463300	60	4	61	2	4	72
2	6	201018463643	130	2	26	1	2	72
2	4	201018463751	295	1	29	1	1	72
2	1	201018463926	5	3	63	2	6	72
2	1	201018463926	5	4	63	3	6	72
2	1	201018463926	5	6	29	1	6	72
2	2	201018464524	2	1	23	1	7	72
2	2	201018465157	5	2	26	1	6	72
2	2	201018465255	5	2	62	1	6	72
2	6	201018465279	130	2	29	1	4	72
2	6	201018465279	130	3	26	2	4	72
2	6	201018465279	130	5	26	3	4	72
2	6	201018465279	130	6	26	4	4	72
2	2	201018465296	5	2	97	1	1	72
2	1	201018465299	2	2	26	1	7	72
2	2	201018465816	5	3	62	1	2	72
2	2	201018465816	5	4	63	2	2	72
2	2	201018465816	5	5	26	3	2	72
2	1	201018466071	5	3	29	1	1	72
2	6	201018466086	130	2	63	1	1	72
2	6	201018466086	130	3	26	2	1	72
2	3	201018466094	20	2	26	1	1	72
2	3	201018466094	20	3	26	2	1	72
2	4	201018466173	295	2	63	1	1	72
2	2	201018466455	5	1	32	1	2	72
2	2	201018466625	5	3	32	1	6	72
2	2	201018466625	5	4	29	2	6	72
2	4	201018467170	295	2	26	1	4	72
2	4	201018467465	295	2	31	1	4	72
2	6	201018467642	130	3	27	1	6	72
2	5	201018468003	60	5	26	1	1	72
2	4	201018468185	295	2	26	1	2	72
2	5	201018469101	60	4	23	1	2	72
2	4	201018469259	295	2	63	1	1	72
2	2	201018469369	5	2	26	1	2	72
2	6	201018469606	130	3	83	1	2	72
2	6	201018469606	130	4	83	1	2	72
2	6	201018469606	130	5	32	2	2	72
2	4	201018469626	295	2	62	1	2	72
2	4	201018469661	295	2	63	1	4	72
2	6	201018469722	130	2	23	1	1	72
2	2	201018469752	5	3	62	1	6	72
2	4	201018470102	295	3	26	1	4	72
2	4	201018470325	295	2	63	1	6	72
2	4	201018470406	295	1	62	1	1	72
2	1	201018470448	5	2	63	1	1	72
2	2	201018470590	5	2	62	1	4	72
2	4	201018471186	295	1	63	1	1	72
2	2	201018471584	5	3	26	1	1	72
2	2	201018472180	5	2	26	1	3	72
2	6	201018472600	130	2	26	1	3	72
2	5	201018473253	60	3	26	1	3	72
2	6	201018473380	130	3	83	1	1	72
2	6	201018473380	130	5	26	2	1	72
2	4	201018473394	295	1	32	1	1	72
3	2	201018501050	4.798	2	30	1	6	9
3	6	201018501163	129.532	2	26	1	6	9
3	4	201018501746	292.647	2	31	1	6	9
3	4	201018502227	292.647	2	27	1	6	9
2	4	201018977577	303.001	2	26	1	9	73
2	2	201018977991	5.49	1	32	1	2	73
2	6	201018978025	129.858	2	26	1	9	73
2	4	201018978034	287.325	2	31	1	10	73
2	2	201018978095	5.49	1	31	1	4	73
2	1	201018978352	5.49	3	63	1	1	73
2	2	201018978542	5.49	2	82	1	4	73
2	2	201018978542	5.49	3	62	2	4	73
2	4	201018978783	296.476	2	32	1	1	73
2	4	201018978831	296.476	2	32	1	2	73
2	4	201018979202	296.476	2	63	1	2	73
2	1	201018979206	5.49	2	32	1	2	73
2	3	201018979337	20.252	2	26	1	5	73
2	5	201018979616	63.85	2	63	1	10	73
2	5	201018979616	63.85	5	63	2	10	73
2	6	201018979747	131.767	2	26	1	1	73
2	4	201018979819	303.001	2	63	1	9	73
2	4	201018979831	287.325	1	63	1	10	73
2	4	201018981138	287.325	2	29	1	10	73
2	4	201018981159	293.649	2	26	1	5	73
2	4	201018981575	287.325	1	63	1	10	73
2	6	201018981758	131.767	2	26	1	1	73
2	6	201018981758	131.767	3	26	2	1	73
2	4	201018981896	296.476	1	29	1	1	73
2	6	201018982006	129.858	2	26	1	9	73
2	4	201018982310	296.476	2	63	1	1	73
2	5	201018982632	60.393	2	63	1	2	73
2	4	201018983235	287.325	1	29	1	10	73
2	6	201018983700	129.858	3	26	1	9	73
2	4	201018984122	296.476	2	26	1	1	73
2	6	201018984190	131.767	2	23	1	4	73
2	6	201018984265	129.858	2	26	1	9	73
2	6	201018984265	129.858	3	26	2	9	73
2	4	201018984378	296.476	1	29	1	1	73
2	6	201018984600	131.767	2	26	1	1	73
2	4	201018984865	296.476	2	26	1	1	73
2	5	201018984964	64.929	3	83	1	9	73
2	4	201018985157	296.476	2	26	1	2	73
2	4	201018985212	287.325	2	63	1	10	73
2	4	201018985698	296.476	2	21	1	2	73
2	2	201018986079	5.49	2	62	1	2	73
2	3	201018986103	16.471	2	83	1	2	73
2	6	201018986129	131.767	2	63	1	2	73
2	1	201018986534	5.49	3	26	1	1	73
2	4	201018986870	287.325	2	27	1	10	73
2	1	201018986881	10.126	2	26	1	5	73
2	6	201018986931	131.767	2	26	1	1	73
2	6	201018987581	131.767	2	23	1	2	73
2	6	201018987581	131.767	3	23	2	2	73
2	6	201018987581	131.767	4	23	3	2	73
2	6	201018987581	131.767	5	83	4	2	73
2	6	201018987581	131.767	6	26	5	2	73
2	6	201018987581	131.767	7	26	6	2	73
2	6	201018987755	127.7	2	63	1	10	73
2	4	201018988196	287.325	2	21	1	10	73
2	1	201018989071	5.49	2	27	1	4	73
2	6	201019384173	129.45	3	29	1	9	74
2	4	201019384869	296.482	2	81	1	2	74
2	6	201019385645	129.45	2	31	1	9	74
2	6	201019385645	129.45	3	61	2	9	74
2	6	201019385645	129.45	4	61	3	9	74
2	6	201019385645	129.45	5	61	4	9	74
2	6	201019385645	129.45	6	61	5	9	74
2	1	201019385840	4.176	2	27	1	9	74
2	1	201019386910	4.176	3	26	1	9	74
2	1	201019386910	4.176	4	26	2	9	74
2	4	201019387477	296.482	2	26	1	9	74
2	1	201019387810	4.176	1	26	1	1	74
2	4	201019388056	296.482	2	61	1	1	74
2	4	201019388305	296.482	1	30	1	9	74
2	2	201019388320	4.176	2	26	1	9	74
2	6	201019388854	129.45	2	26	1	9	74
2	5	201019389026	58.461	2	26	1	9	74
4	6	201020182793	129.203	1	26	1	1	75
4	2	201020183580	8.075	1	63	1	1	75
4	6	201020183623	126.599	2	26	1	5	75
4	4	201020183873	298.782	2	26	1	2	75
4	1	201020184404	8.075	2	26	1	1	75
4	4	201020184432	298.782	3	26	1	1	75
4	6	201020184560	126.599	2	63	1	5	75
4	6	201020184796	126.599	2	27	1	5	75
4	5	201020185723	56.526	2	26	1	2	75
4	6	201020185868	129.203	2	26	1	2	75
4	6	201020187249	126.599	2	61	1	5	75
4	4	201020187942	298.782	1	62	1	2	75
4	4	201020188048	295.397	2	32	1	5	75
4	5	201020188051	56.266	5	83	1	5	75
4	6	201020188912	129.203	2	63	1	1	75
4	6	201020188956	129.203	2	26	1	2	75
4	1	201020188974	8.075	3	62	1	2	75
4	1	201020188974	8.075	4	32	2	2	75
4	5	201020189388	56.526	2	30	1	2	75
4	5	201020189388	56.526	3	27	2	2	75
4	4	201020189590	298.782	2	26	1	1	75
4	4	201020189619	298.782	1	32	1	2	75
4	4	201020514854	315.872	3	81	1	4	76
4	6	201020514888	105.291	2	97	1	2	76
4	6	201020514914	105.291	3	26	1	2	76
4	6	201020514949	105.291	2	32	1	1	76
4	4	201020515125	315.872	2	63	1	1	76
4	4	201020515207	315.872	1	97	1	2	76
4	4	201020515207	315.872	2	81	2	2	76
4	6	201020515213	105.291	2	26	1	4	76
4	5	201020515264	105.291	6	26	1	4	76
4	3	201020515284	105.291	2	26	1	2	76
4	4	201020515310	315.872	2	63	1	4	76
4	4	201020515434	315.872	2	26	1	4	76
4	4	201020515434	315.872	3	26	2	4	76
4	5	201020515570	105.291	3	62	1	5	76
4	4	201020515635	315.872	2	26	1	3	76
4	4	201020515730	315.872	2	97	1	3	76
4	4	201020515742	315.872	1	97	1	2	76
4	6	201020515774	105.291	2	61	1	3	76
4	5	201020515785	105.291	3	32	1	4	76
4	4	201020515902	315.872	2	26	1	1	76
4	5	201020516186	105.291	3	25	1	4	76
4	6	201020516194	300.83	2	32	1	7	76
4	1	201020516455	105.291	5	32	1	4	76
4	4	201020516642	315.872	2	97	1	2	76
4	1	201020919285	55.318	3	32	1	2	78
4	4	201020919487	276.589	2	30	1	2	78
4	5	201020919519	55.318	8	62	1	1	78
4	5	201020919519	55.318	9	62	2	1	78
4	5	201020919519	55.318	12	61	3	1	78
4	4	201020919522	276.589	2	29	1	1	78
4	1	201020919584	55.318	2	26	1	2	78
4	1	201020919584	55.318	3	32	2	2	78
4	6	201020919588	110.635	2	21	1	2	78
4	4	201020919696	276.589	2	29	1	2	78
4	6	201020919706	110.635	5	61	1	1	78
4	6	201020919706	110.635	6	82	2	1	78
4	6	201020919728	110.635	2	26	1	1	78
4	5	201020919796	55.318	2	26	1	1	78
4	5	201020919820	55.318	2	26	1	1	78
4	1	201020919840	55.318	5	97	1	3	78
4	4	201020919961	265.525	2	82	1	5	78
4	3	201020920040	55.318	2	22	1	3	78
4	4	201020920065	276.589	2	83	1	2	78
4	4	201020920226	276.589	2	29	1	1	78
4	6	201020920332	110.635	2	26	1	1	78
4	6	201020920332	110.635	3	26	2	1	78
4	6	201020920422	110.635	2	26	1	1	78
4	6	201020920422	110.635	3	61	2	1	78
4	1	201020920561	55.318	4	26	1	1	78
4	4	201020920565	276.589	2	61	1	1	78
4	4	201020920632	276.589	3	27	1	1	78
4	3	201020920803	55.318	2	27	1	1	78
4	3	201020920803	55.318	3	30	1	1	78
4	4	201020920831	276.589	2	83	1	2	78
4	4	201020920952	276.589	3	29	1	1	78
4	6	201020920958	110.635	2	26	1	1	78
4	5	201020921034	55.318	2	32	1	1	78
4	4	201020921101	276.589	2	61	1	1	78
4	4	201020921240	276.589	1	82	1	2	78
4	4	201020921398	276.589	2	26	1	1	78
4	4	201020921398	276.589	3	26	2	1	78
4	6	201020921617	110.635	2	63	1	1	78
4	4	201020921637	276.589	2	61	1	4	78
4	5	201020921888	55.318	4	21	1	1	78
4	6	201020921907	110.635	2	26	1	1	78
4	6	201020921907	110.635	3	26	2	1	78
4	6	201020921907	110.635	4	26	3	1	78
4	4	201020921925	276.589	2	26	1	1	78
4	5	201020922001	55.318	2	26	1	1	78
4	5	201020922213	55.318	4	97	1	1	78
4	5	201020922213	55.318	5	97	2	1	78
4	5	201020922213	55.318	6	97	3	1	78
4	5	201020922213	55.318	7	97	4	1	78
4	5	201020922496	55.318	3	83	1	2	78
4	4	201020922592	276.589	2	63	1	1	78
4	6	201020922598	110.635	2	26	1	1	78
4	3	201020922661	55.318	2	26	1	1	78
4	2	201020922758	55.318	2	26	1	2	78
4	6	201020922885	110.635	2	63	1	1	78
4	2	201020922933	55.318	4	97	1	2	78
4	5	201020922936	55.318	1	26	1	2	78
4	1	201020922969	55.318	6	97	1	1	78
4	1	201020922969	55.318	8	97	1	1	78
4	6	201020923312	110.635	2	26	1	1	78
4	6	201020923312	110.635	3	26	2	1	78
4	4	201020923344	276.589	2	32	1	1	78
4	6	201020923419	110.635	2	32	1	2	78
4	6	201020923431	110.635	2	26	1	1	78
4	5	201020923432	55.318	2	97	1	1	78
4	5	201020923432	55.318	4	26	2	1	78
4	5	201021316602	55.47	4	26	1	1	79
4	6	201021316742	133.128	2	61	1	7	79
4	6	201021316742	133.128	3	63	2	7	79
4	6	201021316742	133.128	6	63	3	7	79
4	3	201022000089	15.561	2	61	1	7	81
4	5	201022000601	57.058	4	32	1	7	81
4	3	201022003586	15.561	2	26	1	7	81
4	3	201022003586	15.561	3	26	2	7	81
4	3	201022003586	15.561	4	22	3	7	81
4	2	201022089801	4.808	2	32	1	1	81
4	4	201022090200	293.264	1	30	1	1	81
4	4	201022090600	293.264	2	32	1	1	81
4	6	201022091096	129.805	3	32	1	1	81
4	6	201022091096	129.805	4	32	2	1	81
4	1	201022091300	4.808	2	26	1	2	81
4	1	201022091300	4.808	3	26	2	2	81
4	1	201022092152	4.808	2	26	1	2	81
4	4	201022092218	293.264	3	26	1	1	81
4	4	201022094003	293.264	1	62	1	1	81
4	6	201022094287	129.678	3	62	1	7	81
4	3	201022094790	21.314	2	61	1	11	81
4	6	201022094972	129.678	2	63	1	7	81
4	5	201022095295	57.058	3	61	1	7	81
4	4	201022095499	300.475	2	29	1	10	81
4	2	201022097651	4.808	2	26	1	2	81
4	4	201022097804	293.264	3	32	1	1	81
4	3	201022097820	19.23	1	81	1	1	81
4	3	201022097820	19.23	4	32	2	1	81
4	3	201022097820	19.23	5	32	3	1	81
4	3	201022097820	19.23	6	32	4	1	81
4	3	201022097820	19.23	9	63	5	1	81
4	3	201022097820	19.23	10	63	6	1	81
4	3	201022097820	19.23	11	63	7	1	81
4	3	201022097820	19.23	12	63	8	1	81
4	3	201022097820	19.23	13	63	9	1	81
4	3	201022097820	19.23	14	63	10	1	81
4	3	201022097820	19.23	15	63	11	1	81
4	3	201022098847	19.23	2	26	1	1	81
4	2	201022099461	4.808	2	61	1	2	81
4	2	201022099903	4.808	4	83	1	1	81
4	4	201022310032	295.488	2	62	1	1	82
4	4	201022310548	295.488	1	62	1	1	82
4	1	201022311070	5.472	2	61	2	1	82
4	1	201022311070	5.472	3	26	1	1	82
4	6	201022311338	131.328	2	63	1	1	82
4	4	201022311951	295.488	2	30	1	1	82
4	6	201022311982	131.328	2	81	1	1	82
4	4	201022312128	295.488	1	32	1	1	82
4	4	201022312367	295.488	2	63	1	1	82
4	4	201022312423	295.488	2	26	1	1	82
4	4	201022312552	295.488	2	61	1	1	82
4	4	201022312815	295.488	2	26	1	1	82
4	2	201022312868	5.472	2	25	1	1	82
4	1	201022312916	5.472	2	26	1	1	82
4	1	201022312916	5.472	3	26	2	1	82
4	1	201022313127	5.472	2	62	1	1	82
4	1	201022313127	5.472	3	97	2	1	82
4	6	201022313284	131.328	3	83	1	1	82
4	6	201022313284	131.328	4	26	2	1	82
4	4	201022313423	295.488	1	83	1	1	82
4	6	201022313475	131.328	2	61	1	1	82
4	6	201022313513	131.328	2	26	1	1	82
4	4	201022313572	295.488	1	31	1	1	82
4	4	201022313628	295.488	2	63	1	1	82
4	4	201022313831	295.488	2	83	1	1	82
4	1	201022313880	5.472	7	26	1	2	82
4	3	201022313918	16.416	1	26	1	1	82
4	5	201022313922	60.192	2	63	1	1	82
4	5	201022313922	60.192	3	63	2	1	82
4	5	201022313922	60.192	4	63	3	1	82
4	4	201022314041	295.488	2	63	1	1	82
4	4	201022314304	295.488	2	29	1	1	82
4	6	201022314394	131.328	2	26	1	1	82
4	3	201022314667	16.416	3	32	1	1	82
4	4	201022314839	295.488	1	26	1	1	82
4	4	201022314895	295.488	1	32	1	1	82
4	2	201022314986	5.472	4	29	1	1	82
4	4	201022315141	295.488	1	61	1	1	82
4	1	201022315248	5.472	2	26	1	1	82
4	3	201022315466	16.416	2	62	1	1	82
4	5	201022315648	60.192	2	32	1	1	82
4	6	201022315696	131.328	2	26	1	1	82
4	4	201022315844	295.488	1	26	1	1	82
4	2	201022315932	5.472	2	62	1	1	82
4	1	201022315963	5.472	2	26	1	1	82
4	3	201022316252	16.416	2	32	1	1	82
4	3	201022316252	16.416	5	26	2	1	82
4	4	201022316339	295.488	1	83	1	1	82
4	4	201022316394	295.488	2	26	1	1	82
4	2	201022316458	5.472	2	26	1	2	82
4	3	201022316534	16.416	3	32	1	1	82
4	3	201022316534	16.416	4	32	2	1	82
4	4	201022316635	295.488	1	32	1	1	82
4	4	201022317393	295.488	1	62	1	1	82
4	4	201022317472	295.488	1	63	1	1	82
4	3	201022317575	16.416	3	26	1	1	82
4	6	201022317588	131.328	3	62	1	1	82
4	4	201022317752	295.488	1	32	1	1	82
4	4	201022318026	295.488	6	62	1	1	82
4	3	201022318089	16.416	1	83	1	1	82
4	3	201022318089	16.416	3	62	2	1	82
4	3	201022318089	16.416	4	62	3	1	82
4	3	201022318089	16.416	5	62	4	1	82
4	3	201022318089	16.416	6	62	5	1	82
4	5	201022318103	60.192	3	26	1	1	82
4	1	201022318132	5.472	4	26	1	1	82
4	5	201022318334	60.192	3	62	1	1	82
4	5	201022318334	60.192	4	26	2	1	82
4	3	201022318377	16.416	2	63	1	1	82
4	6	201022318405	131.328	2	32	1	1	82
4	6	201022318405	131.328	3	32	2	1	82
4	4	201022318540	295.488	1	26	1	1	82
4	1	201022319199	5.472	2	26	1	1	82
4	1	201022319199	5.472	3	26	2	1	82
4	1	201022319199	5.472	4	26	3	1	82
4	4	201022319363	295.488	2	63	1	1	82
4	2	201022319470	5.472	3	81	1	1	82
4	4	201022319542	295.488	1	32	1	1	82
4	6	201022319712	131.328	2	26	1	1	82
4	4	201022319850	295.488	1	32	1	1	82
4	6	201022319966	131.328	2	62	2	1	82
4	6	201022319966	131.328	3	26	1	1	82
4	4	201022320200	295.488	2	32	1	1	82
4	4	201022320439	295.488	2	63	1	1	82
4	4	201022320439	295.488	3	63	2	1	82
4	1	201022320628	5.472	3	29	1	1	82
4	4	201022320947	295.488	1	24	1	1	82
4	4	201022321280	295.488	1	26	1	1	82
4	4	201022321584	295.488	1	61	1	1	82
4	3	201022321641	16.416	3	25	1	1	82
4	5	201022322057	60.192	3	26	1	1	82
4	1	201022322090	5.472	1	26	1	1	82
4	4	201022322138	295.488	1	21	1	1	82
4	4	201022322241	295.488	1	31	1	1	82
4	2	201022322404	5.472	1	26	1	1	82
4	4	201022322705	295.488	1	23	1	1	82
4	1	201022322813	5.472	3	26	1	1	82
4	1	201022322813	5.472	4	26	2	1	82
4	1	201022322813	5.472	5	26	3	1	82
4	1	201022322813	5.472	6	97	4	1	82
4	1	201022322813	5.472	7	26	5	1	82
4	1	201022322813	5.472	8	26	6	1	82
4	6	201024801293	129.203	1	32	1	3	75
4	5	201024801750	56.526	2	26	1	3	75
4	5	201024801750	56.526	3	26	2	3	75
4	4	201024802448	298.782	2	30	1	3	75
4	4	201024901955	298.782	1	63	1	3	75
4	5	201024902287	56.526	2	26	1	4	75
4	5	201024902599	56.526	2	29	1	3	75
4	4	201025000213	298.782	1	63	1	1	75
4	4	201025000295	298.782	2	62	1	1	75
4	3	201025109434	22.188	2	26	1	7	79
4	1	201025109733	11.094	2	26	1	7	79
4	1	201025109733	11.094	3	26	2	7	79
4	4	201025110406	299.538	2	26	1	7	79
4	4	201025110406	299.538	3	26	2	7	79
4	1	201025110621	11.094	3	26	1	7	79
4	2	201025110903	3.896	1	26	1	4	79
4	6	201025111201	133.128	2	26	1	7	79
4	4	201025111205	299.538	2	62	1	7	79
4	4	201025111205	299.538	3	61	2	7	79
4	4	201025112293	299.538	2	26	1	7	79
4	2	201025113067	11.094	3	61	1	7	79
4	3	201025113284	22.188	3	26	1	7	79
4	3	201025113287	22.188	2	29	1	7	79
4	6	201025113288	133.128	3	63	1	7	79
4	4	201025113289	299.538	2	62	1	7	79
4	5	201025113738	55.47	2	32	1	7	79
4	5	201025113738	55.47	5	26	2	7	79
4	5	201025114111	55.47	2	26	1	7	79
4	4	201025114136	299.538	2	97	1	7	79
4	5	201025114321	55.47	6	25	1	7	79
4	6	201025115099	133.128	2	26	1	7	79
4	5	201025115304	55.47	3	32	1	7	79
4	5	201025115304	55.47	4	32	2	7	79
4	1	201025115314	11.094	3	63	1	7	79
4	6	201025115681	133.128	4	26	1	7	79
4	6	201025115681	133.128	5	26	2	7	79
4	2	201025115880	3.896	2	26	1	4	79
4	2	201025116073	4.835	2	63	1	6	79
4	6	201025116126	133.128	2	27	1	7	79
4	3	201025116392	22.188	3	26	1	7	79
4	6	201025116421	133.128	2	32	1	7	79
4	6	201025117064	133.128	6	33	1	7	79
4	6	201025117325	133.128	2	26	1	7	79
4	5	201025117596	55.47	2	26	1	7	79
4	4	201025117625	299.538	1	29	1	7	79
4	6	201025117957	133.128	2	26	1	7	79
4	6	201025117957	133.128	3	26	2	7	79
4	6	201025117957	133.128	4	26	3	7	79
4	5	201025118445	55.47	2	63	1	7	79
4	4	201025118526	294.546	2	26	1	2	79
4	1	201025118624	11.094	2	26	1	7	79
4	5	201025118845	55.47	3	29	1	7	79
4	6	201025118848	133.128	3	26	1	7	79
4	6	201025118848	133.128	4	26	2	7	79
4	6	201025118848	133.128	5	26	3	7	79
4	6	201025119067	133.128	2	25	1	7	79
4	6	201025119067	133.128	4	23	2	7	79
4	4	201025119076	299.538	2	62	1	7	79
4	4	201025119589	299.538	2	62	1	7	79
4	4	201025119589	299.538	3	63	2	7	79
4	6	201025119612	133.128	2	26	1	7	79
4	6	201025119612	133.128	3	26	2	7	79
4	2	201025119747	1.664	2	26	1	2	79
4	5	201025119878	55.47	3	26	1	7	79
4	6	201025119900	133.128	4	61	1	7	79
4	3	201025119939	22.188	2	26	1	7	79
1	6	201026600467	135.548	1	22	1	1	1
1	2	201026600563	33.887	2	26	1	12	1
1	2	201026600563	33.887	5	31	1	12	1
1	5	201026600591	67.774	1	26	1	1	1
1	4	201026600772	304.982	1	26	1	4	1
1	4	201026600852	304.982	1	31	1	13	1
1	4	201026601041	304.982	1	27	1	8	1
1	4	201026601185	304.982	1	26	1	2	1
1	4	201026601440	304.982	1	30	1	1	1
1	6	201026601455	135.548	2	26	1	8	1
1	4	201026601531	304.982	1	26	1	1	1
1	6	201026601612	135.548	6	32	1	7	1
1	4	201026601759	304.982	2	29	1	1	1
1	2	201026601799	2.138	1	26	1	3	23
1	5	201026602204	57.729	2	27	1	3	23
1	5	201026602300	67.774	3	25	1	2	1
1	6	201026602750	135.548	2	26	1	8	1
1	4	201026603159	304.982	1	29	1	4	1
1	4	201026603285	304.982	1	29	1	4	1
1	3	201026603319	33.887	2	26	1	8	1
1	6	201026603331	135.548	1	32	1	1	1
1	2	201026604692	2.138	2	22	1	3	23
1	2	201026604692	2.138	3	26	2	3	23
1	5	201026700359	56.38	2	29	1	1	7
1	5	201026700359	56.38	3	97	1	1	7
1	5	201026700359	56.38	4	29	2	1	7
1	5	201026700359	56.38	5	26	3	1	7
1	5	201026700359	56.38	6	26	4	1	7
1	5	201026700359	56.38	7	26	5	1	7
1	5	201026700365	76.734	2	32	1	16	7
1	6	201026700368	153.468	2	31	1	16	7
1	6	201026700368	153.468	3	25	2	16	7
1	6	201026700392	135.231	2	31	1	5	7
1	5	201026700479	52.036	2	27	1	10	7
1	1	201026700617	9.397	4	32	1	1	7
1	6	201026700654	121.152	2	24	1	30	7
1	2	201026700657	121.152	6	82	1	30	7
1	6	201026700791	135.231	2	27	1	5	7
1	4	201026700935	291.298	2	22	1	3	7
1	5	201026700952	76.734	4	28	1	16	7
1	5	201026700957	56.38	4	62	1	3	7
1	3	201026700983	19.319	2	26	1	5	7
1	6	201026701129	131.554	2	63	1	2	7
1	6	201026701129	131.554	3	63	2	2	7
1	6	201026701207	104.072	2	32	1	10	7
1	5	201026701352	57.956	1	22	1	5	7
1	2	201026701362	9.397	1	26	1	1	7
1	5	201026701389	56.38	1	26	1	1	7
1	3	201026701483	76.734	3	29	1	16	7
1	6	201026702211	104.072	4	97	1	10	7
1	5	201026702330	76.734	2	26	1	16	7
1	5	201026702330	76.734	3	32	2	16	7
1	5	201026702509	69.148	2	22	1	8	7
1	6	201026702568	135.231	1	63	1	5	7
1	6	201026702610	153.468	2	27	1	16	7
1	6	201026702610	153.468	3	27	2	16	7
1	5	201026801852	58.017	2	62	1	2	21
1	1	201026801950	2.321	2	26	1	3	21
1	2	201026802058	2.321	6	32	1	4	21
1	4	201026900624	294.729	1	62	1	5	21
1	3	201026902731	14.341	1	26	1	16	21
1	6	201026902873	129.959	1	32	1	5	21
1	4	201026903636	294.729	1	32	1	5	21
1	3	201026903865	15.9	2	27	1	9	21
1	2	201026905542	4.384	3	32	1	6	21
1	4	201026906030	294.729	2	61	1	1	21
1	4	201027000376	265.53	2	29	1	8	22
1	2	201027000406	53.815	2	26	1	4	22
1	6	201027000428	88.51	3	27	1	8	22
1	5	201027000469	60.605	2	26	1	6	22
1	5	201027000502	53.815	3	63	1	4	22
1	4	201027000518	293.172	2	26	1	1	22
1	6	201027000522	88.51	2	26	1	8	22
1	6	201027000534	156.776	2	26	1	11	22
1	6	201027000814	88.51	1	34	1	8	22
1	4	201027001022	265.53	2	61	1	8	22
1	4	201027001073	265.53	2	26	1	8	22
1	4	201027001094	265.53	1	26	1	8	22
1	4	201027001094	265.53	2	26	2	8	22
1	4	201027001182	265.53	1	26	1	8	22
1	4	201027001206	265.53	1	29	1	8	22
1	6	201027001208	88.51	3	62	1	8	22
1	2	201027001433	88.51	1	63	1	8	22
1	4	201027001465	265.53	1	32	1	8	22
1	6	201027001528	88.51	1	32	1	8	22
1	4	201027001766	303.023	1	29	1	6	22
1	4	201027001787	293.172	1	31	1	1	22
1	4	201027001828	265.53	1	62	1	8	22
1	6	201027001862	88.51	1	26	1	8	22
1	6	201027001893	88.51	1	81	1	8	22
1	4	201027002063	303.023	1	26	1	6	22
1	2	201027002198	53.815	2	26	1	4	22
1	4	201027002279	265.53	1	27	1	8	22
1	4	201027100469	299.334	1	26	1	1	23
1	4	201027100617	299.334	1	26	1	1	23
1	5	201027100636	64.143	2	97	1	1	23
1	5	201027100659	64.143	2	32	1	1	23
1	1	201027100782	2.138	4	27	1	2	23
1	6	201027101070	128.286	1	27	1	1	23
1	4	201027101074	299.334	1	26	1	1	23
1	4	201027101185	299.334	2	26	1	1	23
1	4	201027101207	299.334	1	26	1	1	23
1	5	201027101243	57.729	1	26	1	4	23
1	5	201027101243	57.729	2	26	2	4	23
1	4	201027101263	299.334	1	27	1	1	23
1	1	201027101273	21.381	5	26	1	1	23
1	4	201027101553	299.334	1	27	1	1	23
1	5	201027101598	64.143	1	27	1	1	23
1	5	201027101598	64.143	2	26	2	1	23
1	1	201027101610	21.381	3	26	1	1	23
1	1	201027101610	21.381	4	26	2	1	23
1	3	201027101730	21.381	1	26	1	1	23
1	3	201027101730	21.381	2	26	2	1	23
1	3	201027101730	21.381	3	26	3	1	23
1	5	201027101766	64.143	3	26	1	1	23
1	4	201027101917	299.822	2	30	1	9	23
1	4	201027102170	299.334	1	27	1	1	23
1	6	201027102336	128.286	1	30	1	1	23
1	4	201027102469	299.334	1	31	1	1	23
1	4	201027102684	299.334	2	22	1	1	23
1	3	201027102689	21.381	3	32	1	1	23
1	3	201027102689	21.381	4	32	2	1	23
1	3	201027103084	21.381	3	30	1	1	23
1	4	201027103215	299.334	1	27	1	1	23
1	6	201027103293	128.286	2	21	1	1	23
1	6	201027103293	128.286	5	21	2	1	23
1	5	201027104198	64.143	2	23	1	1	23
1	1	201027104335	21.381	1	26	1	1	23
1	4	201027104360	299.334	1	22	1	1	23
1	4	201027104621	299.334	3	26	1	1	23
1	1	201027104807	21.381	3	32	1	1	23
1	1	201027104810	21.381	1	26	1	1	23
1	5	201027104868	64.143	5	27	1	1	23
1	4	201027104869	299.334	1	26	1	1	23
1	6	201027104907	128.286	2	32	1	1	23
1	6	201027104907	128.286	3	32	2	1	23
1	1	201027105230	2.138	2	30	1	4	23
1	4	201027105257	299.334	1	27	1	1	23
1	3	201027105600	21.381	3	26	2	1	23
1	3	201027105600	21.381	4	26	1	1	23
1	1	201027105634	2.138	2	26	1	2	23
1	6	201027106026	128.495	2	27	1	9	23
1	4	201027106241	299.334	1	26	1	1	23
1	2	201027106452	2.138	1	32	1	2	23
1	4	201027106778	299.334	1	32	1	1	23
1	4	201027106833	299.334	1	22	1	1	23
1	4	201027106881	299.334	2	25	1	1	23
1	4	201027106881	299.334	3	25	2	1	23
1	4	201027200355	300.079	1	27	1	2	24
1	6	201027200368	133.368	2	27	1	2	24
1	5	201027200411	39.973	2	30	1	12	24
1	5	201027200411	39.973	3	32	2	12	24
1	6	201027200425	136.816	1	23	1	5	24
1	4	201027200556	295.614	1	26	1	7	24
1	4	201027200660	321.278	1	27	1	14	25
1	4	201027200676	316.207	1	32	1	7	25
1	4	201027200763	284.461	1	25	1	9	24
1	5	201027200900	39.973	1	26	1	12	24
1	4	201027200908	279.812	1	29	1	12	24
1	4	201027200915	279.812	2	22	1	12	24
1	4	201027200915	279.812	3	26	2	12	24
1	4	201027201009	284.461	1	26	1	9	24
1	4	201027201021	321.278	1	29	1	14	25
1	4	201027201120	284.461	1	29	1	9	24
1	4	201027201148	284.295	1	22	1	6	25
1	4	201027201322	284.461	1	61	1	9	24
1	4	201027201326	295.614	1	25	1	7	24
1	4	201027201343	295.614	1	26	1	7	24
1	5	201027201344	52.167	1	26	1	7	24
1	4	201027201370	279.812	1	30	1	12	24
1	4	201027201384	321.278	1	22	1	14	25
1	4	201027201387	321.278	1	27	1	14	25
1	4	201027201441	284.295	1	26	1	6	25
1	4	201027201448	284.295	1	26	1	6	25
1	4	201027201456	284.295	1	25	1	6	25
1	4	201027201467	316.207	1	26	1	7	25
1	4	201027201490	316.207	1	22	1	7	25
1	4	201027201574	300.079	1	32	1	2	24
1	4	201027201583	290.735	1	27	1	5	24
1	4	201027201612	279.812	2	31	1	12	24
1	4	201027201683	300.079	2	29	1	2	24
1	4	201027201719	289.685	1	29	1	2	25
1	4	201027201758	321.278	1	29	1	14	25
1	4	201027201761	321.278	1	26	1	14	25
1	1	201027201787	12.07	2	25	1	1	25
1	4	201027201834	300.079	1	26	1	2	24
1	4	201027201873	284.461	2	30	1	9	24
1	4	201027201890	279.812	1	23	1	12	24
1	4	201027201988	289.685	1	26	1	2	25
1	4	201027202004	284.295	1	30	1	6	25
1	4	201027202059	295.614	1	29	1	7	24
1	4	201027202104	321.278	1	32	1	14	25
1	4	201027202173	300.079	1	29	1	2	24
1	6	201027202196	133.766	2	27	1	1	24
1	6	201027202196	133.766	3	27	2	1	24
1	1	201027202264	39.973	3	26	1	12	24
1	1	201027202264	39.973	4	26	2	12	24
1	1	201027202264	39.973	5	26	3	12	24
1	1	201027202264	39.973	6	26	4	12	24
1	4	201027202323	290.735	1	29	1	5	24
1	4	201027202361	321.278	1	32	1	14	25
1	4	201027202388	321.278	1	21	1	14	25
1	4	201027202401	284.295	1	29	1	6	25
1	3	201027202418	12.07	3	99	1	1	25
1	4	201027202711	284.461	1	30	1	9	24
1	5	201027202735	58.523	2	25	1	1	24
1	4	201027202748	295.614	2	26	1	7	24
1	4	201027202766	284.461	1	27	1	9	24
1	4	201027202920	284.295	1	26	1	6	25
1	4	201027203043	300.079	1	32	1	2	24
1	4	201027203063	290.735	1	31	1	5	24
1	5	201027203092	39.973	2	26	1	12	24
1	5	201027203092	39.973	3	26	2	12	24
1	5	201027203103	39.973	2	30	1	12	24
1	5	201027203103	39.973	3	27	2	12	24
1	5	201027203103	39.973	4	26	3	12	24
1	5	201027203110	39.973	2	23	1	12	24
1	5	201027203110	39.973	3	29	2	12	24
1	5	201027203110	39.973	4	27	3	12	24
1	5	201027203110	39.973	5	27	4	12	24
1	3	201027203216	17.389	1	29	1	7	24
1	4	201027203224	321.278	1	23	1	14	25
1	4	201027203227	321.278	2	21	1	14	25
1	4	201027203227	321.278	3	21	2	14	25
1	4	201027203405	300.079	1	32	1	2	24
1	4	201027203438	295.614	1	27	1	7	24
1	4	201027203469	284.461	1	30	1	9	24
1	4	201027203530	284.461	1	32	1	9	24
1	4	201027203530	284.461	2	30	2	9	24
1	4	201027203530	284.461	3	32	3	9	24
1	4	201027203530	284.461	4	32	4	9	24
1	4	201027203530	284.461	5	32	5	9	24
1	4	201027203552	284.461	1	30	1	9	24
1	4	201027203602	284.295	1	32	1	6	25
1	3	201027203614	45.172	1	26	1	7	25
1	5	201027203661	58.523	2	26	1	1	24
1	5	201027203680	39.973	2	32	1	12	24
1	5	201027203680	39.973	3	32	2	12	24
1	4	201027203702	295.614	1	29	1	7	24
1	4	201027203728	284.461	1	26	1	9	24
1	4	201027203764	284.461	1	26	1	9	24
1	4	201027203806	279.812	1	29	1	12	24
1	4	201027203857	321.278	2	30	1	14	25
1	4	201027203887	316.207	1	23	1	7	25
1	4	201027203938	292.614	1	30	1	1	24
1	3	201027203979	39.973	2	27	1	12	24
1	3	201027203979	39.973	3	26	2	12	24
1	4	201027203984	279.812	1	26	1	12	24
1	5	201027203996	39.973	1	27	1	12	24
1	5	201027203996	39.973	2	30	2	12	24
1	5	201027203996	39.973	3	30	3	12	24
1	5	201027203996	39.973	4	27	4	12	24
1	5	201027203996	39.973	5	29	5	12	24
1	5	201027203996	39.973	6	26	6	12	24
1	5	201027203996	39.973	7	26	7	12	24
1	6	201027204004	119.919	1	30	1	12	24
1	6	201027204004	119.919	2	27	2	12	24
1	6	201027204004	119.919	3	32	3	12	24
1	6	201027204004	119.919	4	32	4	12	24
1	6	201027204004	119.919	5	26	5	12	24
1	6	201027204004	119.919	6	26	6	12	24
1	6	201027204004	119.919	7	26	7	12	24
1	4	201027204059	284.461	1	29	1	9	24
1	4	201027204068	300.079	1	26	1	2	24
1	3	201027204186	12.07	1	29	1	1	25
1	4	201027204205	284.295	1	32	1	6	25
1	4	201027204236	290.735	1	32	1	5	24
1	4	201027204269	284.461	1	30	1	9	24
1	5	201027204282	39.973	3	27	1	12	24
1	4	201027204288	289.685	2	29	1	2	25
1	5	201027204520	50.013	2	26	1	2	24
1	5	201027204520	50.013	3	26	2	2	24
1	5	201027204520	50.013	4	26	3	2	24
1	4	201027204549	279.812	2	26	1	12	24
1	4	201027204565	284.461	2	22	1	9	24
1	4	201027204686	321.278	1	62	1	14	25
1	4	201027204840	300.079	1	31	1	2	24
1	4	201027204894	284.461	1	29	1	9	24
1	4	201027204923	295.614	2	22	1	7	24
1	4	201027204988	284.295	1	23	1	6	25
1	4	201027205014	284.295	1	29	1	6	25
1	4	201027205131	284.461	1	32	1	9	24
1	5	201027205151	52.167	3	27	1	7	24
1	5	201027205151	52.167	4	26	2	7	24
1	5	201027205151	52.167	5	26	3	7	24
1	5	201027205151	52.167	6	26	4	7	24
1	4	201027205156	292.614	1	29	1	1	24
1	2	201027205177	16.671	4	26	1	2	24
1	4	201027205200	284.461	1	32	1	9	24
1	5	201027205203	39.973	2	62	1	12	24
1	5	201027205203	39.973	3	63	2	12	24
1	4	201027205239	295.614	1	26	1	7	24
1	4	201027205350	316.207	1	26	1	7	25
1	4	201027205355	321.278	1	30	1	14	25
1	4	201027205370	284.295	1	30	1	6	25
1	4	201027205449	279.812	1	29	1	12	24
1	4	201027205481	284.461	1	30	1	9	24
1	5	201027205578	39.973	3	26	1	12	24
1	4	201027205597	279.812	1	30	1	12	24
1	4	201027205606	279.812	1	27	1	12	24
1	4	201027205613	279.812	1	23	1	12	24
1	3	201027205627	107.093	2	27	1	14	25
1	4	201027205748	292.614	1	32	1	1	24
1	4	201027205928	292.614	2	26	1	1	24
1	6	201027206024	107.093	2	27	1	14	25
1	6	201027206024	107.093	3	26	2	14	25
1	6	201027206024	107.093	4	26	3	14	25
1	4	201027206039	284.295	1	27	1	6	25
1	4	201027206192	292.614	1	26	1	1	24
1	4	201027206291	284.295	1	22	1	6	25
1	4	201027206296	316.207	2	32	1	7	25
1	4	201027206389	290.735	1	25	1	5	24
1	4	201027206408	279.812	2	30	1	12	24
1	2	201027206440	17.389	2	31	1	7	24
1	4	201027206472	289.685	2	30	1	2	25
1	4	201027206526	284.295	2	61	1	6	25
1	4	201027206537	321.278	1	32	1	14	25
1	5	201027206543	107.093	2	29	1	14	25
1	5	201027206543	107.093	3	26	2	14	25
1	4	201027206643	300.079	2	27	1	2	24
1	5	201027206650	50.013	2	26	1	2	24
1	4	201027206678	295.614	2	29	1	7	24
1	4	201027206729	284.461	1	26	1	9	24
1	4	201027206752	279.812	1	26	1	12	24
1	4	201027206778	289.685	1	26	1	2	25
1	4	201027206910	284.461	2	26	1	9	24
1	5	201027207119	56.892	3	27	1	9	24
1	4	201027207134	284.461	1	32	1	9	24
1	4	201027207148	279.812	1	32	1	12	24
1	4	201027207159	279.812	2	26	1	12	24
1	4	201027207323	289.685	2	32	1	1	25
1	4	201027207330	321.278	1	30	1	14	25
1	4	201027207346	284.295	2	22	1	6	25
1	6	201027300982	131.561	2	22	1	2	26
1	6	201027302059	133.307	2	22	1	13	26
1	1	201027302383	4.244	2	97	1	1	26
1	4	201027302741	300.2	2	31	1	9	26
1	5	201027302900	58.314	3	32	1	3	26
1	5	201027303746	58.314	5	30	1	3	26
1	6	201027303834	126.418	2	26	1	7	26
1	4	201027304511	300.2	1	30	1	9	26
1	4	201027304814	297.073	2	26	1	2	26
1	6	201027306773	126.418	2	26	1	7	26
1	6	201027306858	126.418	2	26	1	7	26
1	1	201027307072	8.331	2	27	1	3	26
1	1	201027307072	8.331	3	25	2	3	26
3	3	201027400372	18.158	2	26	1	1	27
3	1	201027400447	9.079	1	27	1	1	27
3	1	201027400447	9.079	2	28	2	1	27
3	1	201027400447	9.079	3	26	3	1	27
3	3	201027400702	18.158	2	25	1	1	27
3	4	201027400893	290.528	3	27	1	2	27
3	4	201027400893	290.528	4	21	2	2	27
3	3	201027401106	18.158	2	26	1	2	27
3	6	201027401841	127.106	2	25	1	1	27
3	6	201027401841	127.106	3	30	2	1	27
3	6	201027401841	127.106	4	27	3	1	27
3	6	201027401947	127.106	1	23	1	1	27
3	6	201027402002	127.106	2	26	1	1	27
3	6	201027402002	127.106	3	26	2	1	27
3	4	201027402015	290.528	1	29	1	1	27
3	1	201027402595	9.079	4	32	1	1	27
3	6	201027402619	127.106	3	27	1	1	27
3	5	201027402732	54.474	2	26	1	1	27
3	5	201027402732	54.474	3	26	2	1	27
3	4	201027403534	290.528	1	27	1	1	27
3	5	201027403550	54.474	2	32	1	1	27
3	5	201027403550	54.474	4	32	2	1	27
3	5	201027403702	54.474	4	29	1	1	27
3	3	201027403885	18.158	2	28	1	1	27
3	3	201027403885	18.158	6	22	2	1	27
3	1	201027403907	9.079	5	30	1	1	27
3	1	201027403907	9.079	6	99	2	1	27
3	6	201027404311	127.106	2	27	1	1	27
3	3	201027404325	18.158	2	25	1	1	27
3	3	201027404325	18.158	3	33	2	1	27
3	3	201027404325	18.158	4	26	3	1	27
3	4	201027404424	290.528	1	27	1	1	27
3	1	201027404568	9.079	1	27	1	1	27
3	1	201027405133	9.079	5	32	1	2	27
3	1	201027405133	9.079	6	29	2	2	27
3	1	201027405240	9.079	2	26	1	2	27
3	5	201027405447	54.474	2	28	1	1	27
3	6	201027405798	127.106	2	27	1	2	27
3	4	201027406605	290.528	2	26	1	2	27
3	3	201027406779	18.158	2	61	1	1	27
3	4	201027406791	290.528	2	30	1	1	27
3	4	201027406791	290.528	3	29	2	1	27
3	6	201027407154	127.106	2	26	1	2	27
3	1	201027407620	9.079	5	23	1	1	27
3	1	201027407620	9.079	6	23	2	1	27
3	4	201027409303	290.528	2	32	1	1	27
3	3	201027409336	18.158	2	29	1	1	27
3	6	201027410503	127.106	2	31	1	2	27
3	6	201027410503	127.106	3	32	2	2	27
3	4	201027410633	290.528	2	31	1	2	27
3	4	201027500374	315.654	2	61	1	5	44
3	6	201027500817	135.28	2	32	1	2	44
3	4	201027500851	315.654	4	26	1	3	44
3	4	201027500880	315.654	1	61	1	4	44
3	6	201027500945	135.28	4	61	1	1	44
3	5	201027501041	85.158	4	26	1	6	44
3	5	201027501203	45.093	6	32	1	3	44
3	1	201027501358	45.093	5	26	1	1	44
3	3	201027501447	45.093	3	32	1	1	44
3	5	201027501985	45.093	7	61	1	2	44
3	5	201027501985	45.093	9	61	2	2	44
3	5	201027502339	45.093	3	82	1	5	44
3	5	201027502339	45.093	4	26	2	5	44
3	5	201027502339	45.093	5	32	3	5	44
3	5	201027502820	45.093	4	33	1	2	44
3	4	201027502849	315.654	1	26	1	5	44
3	6	201027502903	135.28	1	26	1	5	44
3	5	201027503046	45.093	2	26	1	1	44
3	1	201027503088	45.093	8	32	1	2	44
3	5	201027503290	45.093	3	26	1	2	44
3	5	201027503581	45.093	4	26	1	2	44
3	5	201027503581	45.093	6	32	2	2	44
3	4	201027503605	315.654	1	63	1	4	44
3	6	201027503644	135.28	3	26	1	1	44
3	4	201027503816	315.654	3	32	1	2	44
3	4	201027503816	315.654	6	63	1	2	44
3	5	201027503875	85.158	1	83	1	6	44
3	4	201027600521	292.032	1	26	1	1	46
3	6	201027600589	134.784	2	26	1	3	46
3	4	201027600642	292.032	2	26	1	4	46
3	6	201027600898	134.784	2	26	1	3	46
3	4	201027600956	292.032	2	26	1	1	46
3	6	201027600987	134.784	2	26	1	1	46
3	4	201027601200	292.032	2	62	1	3	46
3	6	201027601331	134.784	2	26	1	1	46
3	6	201027601367	134.784	2	26	1	5	46
3	6	201027601439	134.784	3	31	1	1	46
3	6	201027601439	134.784	7	23	2	1	46
3	1	201027601542	22.464	7	82	1	5	46
3	1	201027601542	22.464	8	33	1	5	46
3	1	201027601542	22.464	9	82	2	5	46
3	1	201027601542	22.464	10	33	3	5	46
3	1	201027601542	22.464	11	82	4	5	46
3	1	201027601542	22.464	12	82	5	5	46
3	1	201027601542	22.464	13	82	6	5	46
3	4	201027601705	292.032	2	62	1	4	46
3	4	201027601752	312.063	1	83	1	7	46
3	1	201027601780	22.464	3	83	1	2	46
3	6	201027601933	134.784	2	26	1	3	46
3	6	201027602178	134.784	2	26	1	4	46
3	4	201027602190	292.032	1	26	1	4	46
3	2	201027602212	22.464	1	26	1	4	46
3	4	201027602213	292.032	2	29	1	4	46
3	4	201027602279	292.032	2	29	1	1	46
3	4	201027602877	292.032	2	32	1	4	46
3	4	201027602895	292.032	1	32	1	4	46
3	1	201027603014	22.464	7	26	1	3	46
3	1	201027603014	22.464	8	63	2	3	46
3	1	201027603014	22.464	9	32	3	3	46
3	6	201027603146	134.784	3	63	1	5	46
3	5	201027603196	67.392	2	26	1	4	46
3	4	201027603212	292.032	2	26	1	4	46
3	6	201027603265	134.784	2	32	1	4	46
3	6	201027603537	134.784	2	32	1	5	46
3	4	201027603556	312.063	2	62	1	7	46
3	4	201027700367	277.718	1	61	1	3	61
3	3	201027700445	34.715	1	62	1	4	61
3	6	201027700648	138.859	4	26	1	2	61
3	4	201027700888	277.718	2	21	1	3	61
3	3	201027700901	34.715	2	26	1	2	61
3	4	201027701437	277.718	2	62	1	3	61
3	4	201027701693	277.718	2	62	1	4	61
3	3	201027701707	34.715	1	26	1	2	61
3	6	201027701791	138.859	6	32	1	4	61
3	5	201027701859	69.429	1	26	1	4	61
3	4	201027701861	277.718	1	26	1	4	61
3	4	201027701984	277.718	1	31	1	2	61
3	4	201027702002	277.718	1	61	1	3	61
3	4	201027702037	277.718	1	31	1	2	61
3	2	201027702082	34.715	3	26	1	4	61
3	3	201027702145	34.715	2	26	1	2	61
3	3	201027702169	34.715	2	26	1	2	61
3	5	201027702202	69.429	2	26	1	5	61
2	6	201027800692	128.154	1	26	1	5	10
2	4	201027801600	293.104	1	32	1	1	32
2	4	201027801621	293.104	1	29	1	1	32
2	4	201027801696	294	1	29	1	5	10
2	4	201027802647	293.104	1	26	1	1	32
2	3	201027802707	27.098	1	32	1	24	10
2	3	201027802714	27.098	1	27	1	24	10
2	3	201027802835	20.936	1	63	1	1	32
2	5	201027803511	54.195	1	26	1	24	10
2	4	201027803872	293.104	1	27	1	1	32
2	1	201027803883	20.936	1	29	1	1	32
2	1	201027803883	20.936	3	29	2	1	32
2	4	201027803891	293.104	1	26	1	1	32
2	4	201027803914	293.104	1	31	1	1	32
2	5	201027803926	62.808	1	31	1	1	32
2	5	201027803926	62.808	2	31	2	1	32
2	1	201027803945	2.094	2	26	1	2	32
2	5	201027804428	57.769	1	26	1	8	10
2	6	201027804491	125.616	1	26	1	1	32
2	5	201027804591	58.621	3	26	1	2	32
2	5	201027804591	58.621	4	26	2	2	32
2	4	201027804759	298.075	1	61	1	24	10
2	4	201027805409	293.104	1	27	1	1	32
2	4	201027805470	293.104	1	26	1	1	32
2	4	201027805557	298.075	1	26	1	24	10
2	4	201027805557	298.075	4	31	2	24	10
2	4	201027805802	293.104	1	32	1	1	32
2	4	201027805856	293.104	1	31	1	1	32
2	4	201027805896	298.075	1	61	1	24	10
2	4	201027806859	293.104	1	61	1	1	32
2	6	201027806904	125.616	2	26	1	1	32
2	2	201027807464	2.094	2	26	1	2	32
2	4	201027807531	293.104	1	27	1	1	32
2	6	201027807569	125.616	1	29	1	1	32
2	4	201027807617	298.075	1	31	1	24	10
2	5	201027807619	54.195	1	32	1	24	10
2	3	201027807629	27.098	1	26	1	24	10
2	4	201027807666	298.075	1	32	1	24	10
2	4	201027808254	293.104	2	26	1	1	32
2	6	201027808277	125.616	1	32	1	1	32
3	6	201027900600	129.152	1	26	1	4	42
3	5	201027901432	58.327	8	26	1	1	42
3	1	201027902455	34.715	3	32	1	1	61
3	1	201027902455	34.715	4	83	2	1	61
3	1	201027902455	34.715	5	63	3	1	61
3	1	201027902455	34.715	7	32	4	1	61
3	1	201027902455	34.715	8	32	5	1	61
3	1	201027903544	4.166	1	26	1	4	42
3	6	201027904155	129.152	3	32	1	4	42
3	3	201027904179	16.665	1	26	1	4	42
3	1	201027904198	4.166	2	26	1	4	42
3	1	201027904198	4.166	3	62	1	4	42
3	1	201027904198	4.166	4	26	2	4	42
3	1	201027904198	4.166	5	83	2	4	42
3	1	201027904198	4.166	6	27	3	4	42
3	6	201027904570	129.152	2	27	1	3	42
3	6	201027905596	129.152	2	26	1	4	42
3	5	201027906495	58.327	4	61	1	1	42
3	5	201027907246	69.429	2	32	1	1	61
3	5	201027907246	69.429	3	32	2	1	61
3	5	201027907246	69.429	4	32	3	1	61
3	5	201027907246	69.429	5	61	4	1	61
3	1	201027908129	4.166	4	26	1	1	42
3	1	201027910019	4.166	3	63	1	2	42
3	6	201027910581	138.859	4	61	1	1	61
3	6	201027910581	138.859	5	61	2	1	61
3	4	201027911378	277.718	1	32	1	1	61
3	5	201027912195	58.327	2	21	1	3	42
3	1	201027912872	4.166	4	63	1	1	42
3	1	201027912872	4.166	5	63	2	1	42
3	6	201027913688	138.859	2	25	1	1	61
3	5	201027914180	59.51	4	61	1	11	42
3	4	201027914360	295.8	1	61	1	4	42
3	1	201027916471	4.227	1	26	1	6	42
3	1	201027916471	4.227	2	26	2	6	42
3	1	201027920596	34.715	3	32	1	1	61
3	4	201028000533	323.242	2	26	1	3	28
3	4	201028000626	323.242	2	82	1	1	28
3	4	201028000634	323.242	1	61	1	1	28
3	4	201028000738	323.242	1	32	1	1	28
3	4	201028000764	323.242	1	25	1	1	28
3	6	201028000819	161.621	1	81	1	3	28
3	4	201028000975	323.242	2	81	1	1	28
3	4	201028001042	323.242	2	32	1	2	28
3	3	201028001051	161.621	1	81	1	3	28
3	4	201028001055	323.242	2	81	1	3	28
2	6	201028100366	121.606	3	21	1	10	29
2	4	201028100405	307.814	2	29	1	5	29
2	4	201028100428	307.622	2	63	1	3	31
2	4	201028100445	307.622	1	62	1	3	31
2	2	201028100465	61.524	1	26	1	4	31
2	4	201028100475	307.814	2	32	1	5	29
2	6	201028100480	131.92	3	32	1	5	29
2	6	201028100480	131.92	4	32	2	5	29
2	4	201028100518	243.213	2	82	1	10	29
2	4	201028100590	243.213	2	31	1	10	29
2	6	201028100599	123.049	2	63	1	2	31
2	6	201028100599	123.049	3	62	2	2	31
2	6	201028100609	123.049	3	81	1	2	31
2	4	201028100625	307.622	1	29	1	2	31
2	4	201028100737	307.622	1	29	1	3	31
2	4	201028100749	307.622	4	29	1	3	31
2	6	201028100778	123.049	2	29	1	3	31
2	4	201028100841	243.213	1	29	1	10	29
2	4	201028100866	243.213	3	26	1	10	29
2	6	201028100958	123.049	2	63	1	3	31
2	4	201028101028	307.814	2	30	1	5	29
2	4	201028101043	307.814	2	31	1	5	29
2	4	201028101114	243.213	1	62	1	10	29
2	4	201028101133	243.213	2	29	1	10	29
2	4	201028101137	243.213	2	26	1	10	29
2	4	201028101172	307.622	1	83	1	3	31
2	4	201028101172	307.622	3	32	2	3	31
2	6	201028101292	121.606	2	62	1	10	29
2	4	201028101375	307.622	2	62	1	3	31
2	4	201028101393	307.622	2	28	1	3	31
2	4	201028101401	307.622	1	29	1	3	31
2	4	201028101451	243.213	5	29	1	10	29
2	4	201028101475	243.213	2	26	1	10	29
2	4	201028101661	243.213	2	97	1	10	29
2	4	201028101661	243.213	3	26	2	10	29
2	4	201028101661	243.213	4	97	3	10	29
2	5	201028101797	61.524	6	97	1	3	31
2	6	201028101806	123.049	3	29	1	3	31
2	6	201028101903	121.606	1	82	1	10	29
2	4	201028101915	243.213	1	83	1	10	29
2	4	201028101983	307.622	1	31	1	3	31
2	4	201028102007	307.622	2	27	1	3	31
2	4	201028102053	307.814	2	61	1	5	29
2	6	201028102091	121.606	2	97	1	10	29
2	5	201028102132	121.606	2	82	1	10	29
2	4	201028102139	243.213	1	61	1	10	29
2	5	201028102178	61.524	6	63	1	3	31
2	5	201028102178	61.524	9	63	2	3	31
2	4	201028102211	307.622	2	63	1	3	31
2	5	201028102224	61.524	5	32	1	3	31
2	5	201028102224	61.524	6	63	2	3	31
2	5	201028102224	61.524	7	29	4	3	31
2	5	201028102224	61.524	8	29	3	3	31
2	4	201028102234	307.622	2	26	1	4	31
2	3	201028102240	354.819	1	82	1	6	31
2	4	201028102267	307.814	2	27	1	5	29
2	4	201028102280	307.814	1	63	1	5	29
2	4	201028102467	307.622	2	29	1	3	31
2	4	201028102472	307.622	2	29	1	3	31
2	4	201028102495	307.622	2	62	1	3	31
2	4	201028102495	307.622	3	26	2	3	31
2	4	201028102495	307.622	4	26	3	3	31
2	3	201028102503	61.524	2	63	1	3	31
2	4	201028102550	243.213	2	31	1	10	29
2	4	201028102626	243.213	2	28	1	10	29
2	6	201028102690	123.049	2	32	1	3	31
2	6	201028102690	123.049	3	32	2	3	31
2	6	201028102690	123.049	4	32	3	3	31
2	4	201028102692	307.622	2	26	1	3	31
2	4	201028102716	307.622	1	62	1	3	31
2	6	201028102718	123.049	2	32	1	3	31
2	6	201028102718	123.049	3	32	2	3	31
2	4	201028102729	307.622	2	32	1	3	31
2	4	201028102902	243.213	2	62	1	10	29
2	4	201028102943	307.814	1	29	1	5	29
2	4	201028103020	307.622	1	63	1	3	31
2	4	201028103037	307.622	2	63	1	3	31
2	4	201028103113	307.814	2	62	1	5	29
2	4	201028103126	243.213	3	83	1	10	29
2	4	201028103279	307.622	2	26	1	3	31
2	4	201028103285	307.622	2	30	1	3	31
2	6	201028103327	123.049	2	81	1	4	31
2	4	201028200488	294.303	2	27	1	1	30
2	6	201028200496	124.513	2	32	1	1	30
2	6	201028200496	124.513	3	32	2	1	30
2	6	201028200496	124.513	4	32	3	1	30
2	4	201028200573	294.303	2	29	1	1	30
2	4	201028200797	294.303	2	26	1	1	30
2	4	201028201164	295.73	2	29	1	2	30
2	2	201028201502	61.524	1	26	1	1	31
2	6	201028201585	129.17	2	82	1	2	30
2	4	201028201719	294.303	2	82	1	1	30
2	2	201028202162	3.399	2	26	1	2	30
2	2	201028202282	61.524	1	32	1	1	31
2	4	201028202353	294.303	1	32	1	1	30
2	6	201028202456	124.513	3	62	1	1	30
2	4	201028202494	294.303	2	63	1	1	30
2	4	201028202533	294.303	1	63	1	1	30
2	5	201028202639	57.786	2	61	1	2	30
2	6	201028202692	124.513	2	63	1	1	30
2	4	201028202718	294.303	1	62	1	1	30
2	6	201028202743	124.513	2	63	1	1	30
2	6	201028202846	123.049	2	26	1	1	31
2	1	201028203381	17.183	2	26	1	1	29
2	5	201028203419	51.55	4	81	1	2	29
2	6	201028203540	124.513	2	63	1	1	30
2	4	201028204252	294.303	2	29	1	1	30
2	4	201028205112	294.303	2	62	1	1	30
2	4	201028205147	294.303	1	29	1	1	30
2	3	201028205293	22.639	5	26	1	1	30
2	1	201028205739	3.399	4	62	1	2	30
2	4	201028205825	294.303	2	62	1	1	30
2	4	201028205869	294.303	2	26	1	1	30
2	1	201028205968	11.319	4	26	1	1	30
2	4	201028205981	294.303	2	61	1	1	30
2	4	201028206058	294.303	2	62	1	1	30
2	6	201028206214	124.513	2	62	1	1	30
2	5	201028206237	56.597	2	62	1	1	30
2	4	201028206310	294.303	2	31	1	1	30
2	1	201028206315	11.319	4	32	1	1	30
2	1	201028206315	11.319	5	32	2	1	30
2	1	201028206315	11.319	6	32	3	1	30
2	5	201028206405	51.55	2	26	1	1	29
2	4	201028206522	294.303	2	62	1	1	30
2	4	201028206522	294.303	3	63	2	1	30
2	4	201028206738	294.303	2	27	1	1	30
2	4	201028206780	294.303	1	25	1	1	30
2	4	201028206972	294.303	2	26	1	1	30
2	4	201028207305	294.303	2	62	1	1	30
2	4	201028207380	294.303	2	29	1	1	30
2	5	201028207442	56.597	3	26	1	1	30
2	6	201028207569	124.513	2	62	1	1	30
2	4	201028207801	294.303	2	26	1	1	30
2	4	201028207841	294.303	1	62	1	1	30
2	6	201028208181	124.513	2	29	1	1	30
2	6	201028208181	124.513	3	29	2	1	30
2	6	201028208181	124.513	4	29	3	1	30
2	4	201028208196	294.303	2	62	1	1	30
2	4	201028208339	295.73	2	62	1	2	30
2	5	201028208530	57.786	3	63	1	3	30
2	4	201028208693	294.303	2	61	1	1	30
2	3	201028208726	22.639	3	32	1	1	30
2	3	201028209052	22.639	2	97	1	1	30
2	5	201028209295	56.597	2	26	1	1	30
2	4	201028209362	294.303	2	62	1	1	30
2	4	201028210172	294.303	2	30	1	1	30
2	4	201028210481	292.12	2	62	1	1	29
2	1	201028210952	11.319	2	83	1	1	30
2	4	201028211036	294.303	1	83	1	1	30
2	1	201028211098	3.399	2	26	1	2	30
2	5	201028211287	61.524	2	61	1	1	31
2	4	201028211361	294.303	2	32	1	1	30
2	2	201028211522	17.183	2	83	1	2	29
2	6	201028211713	124.513	2	63	1	1	30
2	4	201028212069	294.303	2	23	1	1	30
2	6	201028212800	124.513	2	26	1	1	30
3	4	201028300371	318.62	1	62	1	1	51
3	5	201028300383	79.655	2	32	1	1	51
3	4	201028300385	318.62	2	32	1	1	51
3	6	201028300417	159.31	3	32	1	1	51
3	6	201028300432	159.31	2	23	1	1	51
3	6	201028300432	159.31	3	23	2	1	51
3	4	201028300433	318.62	1	82	1	1	51
3	6	201028300501	159.31	2	32	1	1	51
3	6	201028300501	159.31	5	63	2	1	51
3	4	201028300623	318.62	2	21	1	1	51
3	4	201028300665	318.62	2	23	1	1	51
3	4	201028300672	318.62	1	82	1	1	51
3	4	201028300826	318.62	1	83	1	1	51
3	6	201028300856	159.31	2	26	1	1	51
3	5	201028300872	79.655	2	32	1	1	51
3	4	201028300878	318.62	1	63	1	1	51
3	6	201028300881	159.31	2	32	1	1	51
3	6	201028300915	159.31	2	26	1	1	51
3	6	201028300960	159.31	2	26	1	1	51
3	6	201028300993	159.31	3	26	1	1	51
3	4	201028301074	318.62	2	32	1	2	51
3	6	201028301230	159.31	2	26	1	1	51
3	4	201028301248	318.62	1	62	1	1	51
3	6	201028301266	159.31	2	63	1	1	51
3	6	201028301266	159.31	3	23	2	1	51
3	6	201028301266	159.31	4	23	3	1	51
3	4	201028301320	318.62	2	26	1	1	51
3	4	201028301368	318.62	1	32	1	1	51
3	6	201028301394	159.31	2	23	1	1	51
3	5	201028301446	79.655	3	32	1	1	51
3	6	201028301484	159.31	2	32	1	1	51
3	5	201028301490	79.655	2	32	1	1	51
3	6	201028301536	159.31	2	26	1	1	51
3	4	201028301563	318.62	1	26	1	1	51
3	4	201028301566	318.62	2	63	1	2	51
3	4	201028301584	318.62	2	82	1	1	51
3	4	201028301584	318.62	3	81	2	1	51
3	6	201028301586	159.31	10	83	1	1	51
3	6	201028301586	159.31	11	26	2	1	51
3	4	201028301629	318.62	2	29	1	1	51
3	4	201028301708	318.62	2	62	1	1	51
3	6	201028301716	159.31	2	63	1	1	51
3	6	201028301716	159.31	3	26	2	1	51
3	6	201028301716	159.31	4	26	3	1	51
3	4	201028301746	318.62	2	29	1	1	51
3	4	201028301753	318.62	2	26	1	1	51
3	4	201028301766	318.62	2	32	1	1	51
3	1	201028301768	79.655	2	26	1	1	51
3	4	201028301831	318.62	2	29	1	1	51
3	5	201028301858	79.655	3	29	1	1	51
3	4	201028301925	318.62	2	23	1	1	51
3	6	201028301939	159.31	2	23	1	1	51
3	6	201028301939	159.31	3	83	2	1	51
3	6	201028301939	159.31	4	83	3	1	51
3	6	201028301939	159.31	5	26	4	1	51
3	6	201028301995	159.31	2	63	1	2	51
3	6	201028302026	159.31	2	29	1	1	51
3	5	201028302037	79.655	2	63	1	1	51
3	4	201028302068	318.62	2	26	1	1	51
3	4	201028302068	318.62	3	26	2	1	51
3	6	201028302073	159.31	2	97	1	1	51
3	6	201028302073	159.31	4	26	2	1	51
3	6	201028302073	159.31	5	26	3	1	51
3	4	201028302161	318.62	2	26	1	1	51
3	4	201028302210	318.62	2	29	1	1	51
3	6	201028302217	159.31	2	26	1	1	51
3	2	201028302228	79.655	6	29	1	2	51
3	4	201028302236	318.62	2	63	1	1	51
3	4	201028302258	318.62	2	83	1	1	51
3	5	201028302317	79.655	2	26	1	1	51
3	5	201028302317	79.655	3	26	2	1	51
3	5	201028302317	79.655	4	26	3	1	51
3	5	201028302317	79.655	6	26	4	1	51
3	5	201028302317	79.655	7	32	5	1	51
3	4	201028302340	318.62	2	62	1	1	51
3	6	201028302416	159.31	2	32	1	1	51
3	4	201028302418	318.62	2	23	1	1	51
3	4	201028302422	318.62	1	63	1	1	51
3	6	201028302444	159.31	2	29	1	1	51
3	6	201028302466	159.31	2	26	1	1	51
3	6	201028302548	159.31	2	26	1	1	51
3	4	201028302554	318.62	2	26	1	1	51
3	4	201028302554	318.62	3	26	3	1	51
3	4	201028302554	318.62	4	26	2	1	51
3	6	201028302566	159.31	1	26	1	1	51
3	5	201028302567	79.655	1	26	1	1	51
3	1	201028302602	79.655	3	28	1	1	51
3	4	201028302608	318.62	2	23	1	1	51
3	4	201028302684	318.62	2	26	1	1	51
3	6	201028302711	159.31	2	62	1	1	51
3	6	201028302711	159.31	3	32	2	1	51
3	4	201028302718	318.62	3	32	1	1	51
3	6	201028302726	159.31	2	26	1	1	51
3	6	201028302752	159.31	2	26	1	1	51
3	4	201028302823	318.62	3	29	1	1	51
3	5	201028302834	79.655	2	26	1	2	51
3	4	201028302904	318.62	2	26	1	1	51
3	4	201028302980	318.62	3	26	1	1	51
3	6	201028302989	159.31	3	63	1	2	51
3	4	201028302997	318.62	2	32	1	1	51
3	4	201028303032	318.62	1	32	1	1	51
3	4	201028303047	318.62	2	26	1	1	51
3	4	201028303055	318.62	2	29	1	2	51
3	4	201028303055	318.62	3	29	2	2	51
3	6	201028303077	159.31	2	63	1	1	51
3	6	201028303077	159.31	3	26	2	1	51
3	6	201028303077	159.31	4	26	3	1	51
3	6	201028303077	159.31	5	26	4	1	51
3	6	201028303089	159.31	2	30	1	1	51
3	6	201028303089	159.31	3	32	2	1	51
3	4	201028303162	318.62	2	26	1	1	51
3	4	201028303162	318.62	3	26	2	1	51
3	4	201028303172	318.62	2	32	1	1	51
3	6	201028303201	159.31	2	63	1	1	51
3	6	201028303201	159.31	3	81	2	1	51
3	6	201028303201	159.31	4	61	3	1	51
3	6	201028303201	159.31	5	26	4	1	51
3	2	201028303217	79.655	2	26	1	1	51
3	6	201028303269	159.31	2	63	1	2	51
3	4	201028303348	318.62	2	82	1	1	51
3	4	201028303352	318.62	1	23	1	1	51
3	5	201028303355	79.655	2	26	1	1	51
3	5	201028303355	79.655	3	26	2	1	51
3	4	201028303547	318.62	2	83	1	1	51
3	4	201028303547	318.62	3	82	2	1	51
3	5	201028400395	49.106	2	32	1	3	62
3	6	201028400729	122.765	8	61	1	1	62
3	5	201028400830	49.106	2	26	1	1	62
3	5	201028400830	49.106	6	22	1	1	62
3	6	201028400834	122.765	2	62	1	2	62
3	6	201028400834	122.765	5	29	2	2	62
3	4	201028401018	294.636	2	26	1	2	62
3	4	201028401268	293.202	1	29	1	1	63
3	6	201028401515	122.765	3	32	1	1	62
3	6	201028401618	125.658	2	26	1	1	63
3	4	201028401844	294.636	2	63	1	2	62
3	6	201028402024	125.658	2	26	1	1	63
3	6	201028403590	125.658	2	26	1	1	63
3	6	201028403590	125.658	3	26	2	1	63
3	6	201028403742	125.658	3	32	1	1	63
3	4	201028404180	293.202	2	29	1	1	63
3	6	201028404358	120.088	3	26	1	6	62
3	5	201028404544	55.848	3	26	1	1	63
3	4	201028405145	294.636	2	23	1	1	62
3	1	201028405357	13.962	2	26	1	1	63
3	4	201028405621	293.202	2	29	1	1	63
3	5	201028405647	49.106	2	32	1	1	62
3	6	201028406308	125.658	2	63	1	1	63
3	4	201028407030	294.636	2	23	1	2	62
3	5	201028407098	55.848	4	29	3	1	63
3	5	201028407098	55.848	6	29	1	1	63
3	5	201028407098	55.848	7	63	2	1	63
3	5	201028407294	55.848	3	26	1	1	63
3	5	201028407394	55.848	5	82	1	1	63
3	5	201028407394	55.848	6	32	2	1	63
3	6	201028408282	125.658	2	63	1	1	63
3	6	201028408282	125.658	3	26	2	1	63
3	4	201028408802	280.205	2	26	1	6	62
3	6	201028408803	120.088	2	63	1	6	62
3	5	201028409154	55.848	4	29	1	1	63
3	3	201028409860	13.962	8	29	1	1	63
3	4	201028409898	293.202	1	32	1	1	63
3	1	201028409919	13.962	3	97	1	1	63
3	4	201028500835	292.652	1	29	1	1	64
3	5	201028500911	56.642	2	27	1	2	64
3	6	201028501275	132.166	2	30	1	1	64
3	1	201028501513	4.72	5	32	1	2	64
3	6	201028502158	132.166	2	23	1	1	64
3	6	201028502622	132.166	2	27	1	1	64
3	4	201028502623	292.652	2	29	1	1	64
3	5	201028502648	56.642	2	26	1	1	64
3	4	201028504083	292.652	1	30	1	1	64
3	5	201028504202	56.642	2	26	1	2	64
3	5	201028504474	56.642	3	26	1	2	64
3	5	201028504474	56.642	5	26	2	2	64
3	6	201028504830	132.166	2	26	1	1	64
3	3	201028504960	18.881	2	25	1	1	64
3	3	201028504960	18.881	3	27	2	1	64
3	4	201028505733	292.652	1	32	1	1	64
3	4	201028505934	292.652	2	27	1	1	64
3	6	201028506074	132.166	2	27	1	1	64
3	6	201028506245	132.166	2	27	1	1	64
3	6	201028506902	132.166	5	26	1	1	64
3	6	201028506902	132.166	6	81	2	1	64
3	6	201028507007	132.166	2	27	1	1	64
3	6	201028507163	132.166	2	26	1	2	64
3	2	201028507206	4.72	2	26	1	2	64
3	1	201028507220	4.72	2	27	1	2	64
3	4	201028507405	292.652	2	28	1	1	64
3	2	201028507493	4.72	3	27	1	2	64
3	2	201028507505	4.72	2	26	1	2	64
3	2	201028508081	4.72	1	27	1	2	64
3	2	201028508307	4.72	2	26	1	2	64
3	4	201028508835	292.652	1	25	1	1	64
3	4	201028508894	292.652	1	29	1	1	64
3	4	201028508999	292.652	2	27	1	1	64
3	3	201028509042	18.881	2	26	1	1	64
3	2	201028509895	4.72	8	26	1	2	64
3	2	201028510473	4.72	2	26	1	2	64
2	5	201028700705	81.131	1	26	1	10	71
2	4	201028701166	296.323	2	62	1	2	71
2	4	201028701504	281.483	1	32	1	7	71
2	1	201028701924	12.347	4	32	1	1	71
2	4	201028702129	281.483	2	26	1	7	71
2	5	201028702496	61.734	2	26	1	2	71
2	4	201028703262	324.523	2	97	1	10	71
2	5	201028703475	40.212	7	32	1	7	71
2	5	201028703684	61.734	2	26	1	5	71
2	5	201028703684	61.734	3	26	2	5	71
2	6	201028704120	135.815	2	26	1	2	71
2	2	201028704440	12.347	2	26	1	5	71
2	2	201028705138	12.347	2	32	1	1	71
2	5	201028705328	61.734	4	62	1	3	71
2	5	201028705328	61.734	5	62	2	3	71
2	5	201028705328	61.734	6	62	3	3	71
4	1	201028801020	3.661	3	63	1	3	77
4	1	201028801020	3.661	4	26	2	3	77
4	6	201028801278	131.8	3	63	1	1	77
4	2	201028801977	3.661	2	97	1	3	77
4	1	201028803918	7.322	4	97	1	1	77
4	4	201028803931	292.888	3	97	1	1	77
4	3	201028804426	14.644	4	26	1	1	77
4	3	201028804884	18.305	2	32	1	2	77
4	1	201028806599	7.322	2	23	1	1	77
4	1	201028806599	7.322	3	83	2	1	77
4	1	201028806599	7.322	4	23	3	1	77
4	1	201028806599	7.322	5	83	4	1	77
4	2	201028806818	3.661	2	26	1	3	77
4	2	201028806818	3.661	3	26	2	3	77
4	2	201028806818	3.661	4	26	3	3	77
4	1	201028806948	3.661	7	26	1	3	77
4	6	201028808148	131.8	2	32	1	1	77
4	6	201028808148	131.8	3	32	2	1	77
4	5	201028900587	62.652	2	26	1	5	80
4	6	201028900800	131.252	2	61	1	2	80
4	6	201028900800	131.252	3	27	2	2	80
4	4	201028900855	295.317	2	21	1	3	80
4	6	201028901161	131.252	5	61	1	1	80
4	6	201028901161	131.252	6	61	2	1	80
4	6	201028901186	125.305	3	29	1	5	80
4	2	201028901286	6.563	2	26	1	1	80
4	6	201028901353	131.252	4	23	1	2	80
4	5	201028901708	59.063	3	26	1	2	80
4	5	201028901819	54.52	3	26	1	8	80
4	5	201028901819	54.52	4	32	2	8	80
4	4	201028901839	299.86	1	32	1	8	80
4	5	201028901860	54.52	2	61	1	8	80
4	5	201028901860	54.52	3	21	2	8	80
4	5	201028901860	54.52	4	32	3	8	80
4	5	201028901860	54.52	5	32	4	8	80
4	5	201028901871	55.53	4	63	1	11	80
4	5	201028901871	55.53	5	63	2	11	80
4	5	201028901871	55.53	6	81	2	11	80
4	5	201028901871	55.53	7	26	3	11	80
4	5	201028901871	55.53	8	63	4	11	80
4	4	201028902001	300.732	2	62	1	5	80
4	1	201028902135	6.563	5	32	1	1	80
4	1	201028902138	6.563	2	26	1	1	80
4	6	201028902193	131.252	3	63	1	1	80
4	6	201028902193	131.252	4	63	2	1	80
4	4	201028902256	305.413	1	61	1	11	80
4	4	201028902458	299.86	1	32	1	8	80
4	5	201028902845	59.063	7	32	1	3	80
4	5	201028903008	59.063	3	63	1	2	80
4	5	201028903049	55.53	2	26	1	11	80
4	4	201028903052	305.413	1	32	1	11	80
4	6	201028903067	164.065	2	26	1	17	80
4	4	201028903494	295.317	1	26	1	2	80
4	6	201028903526	131.252	2	63	1	3	80
4	4	201028903535	295.317	2	63	1	3	80
4	4	201028904428	305.413	2	62	1	11	80
4	4	201028904442	305.413	1	62	1	11	80
4	4	201028904930	300.732	1	26	1	5	80
4	4	201028905021	295.317	2	63	1	3	80
4	4	201028905021	295.317	3	63	2	3	80
4	4	201028905110	299.86	2	62	1	8	80
4	5	201028905199	59.063	2	26	1	4	80
4	4	201028905700	295.317	2	63	1	2	80
4	4	201028906116	299.86	2	29	1	8	80
4	4	201028906407	300.732	2	62	1	5	80
4	4	201028906421	305.413	2	30	1	11	80
4	4	201028906421	305.413	3	30	2	11	80
4	5	201028906840	59.063	5	26	1	1	80
4	6	201028906941	131.252	2	26	1	3	80
4	6	201028906941	131.252	3	32	2	3	80
4	6	201028906941	131.252	5	33	3	3	80
4	6	201028906941	131.252	6	33	4	3	80
4	4	201028907056	300.732	2	32	1	5	80
4	4	201028907100	328.13	2	83	1	17	80
4	6	201028907112	164.065	2	32	1	17	80
4	6	201028907406	125.305	4	29	1	5	80
4	4	201028907763	328.13	3	32	1	17	80
2	4	201029000727	295.548	2	32	1	1	92
2	4	201029001159	289.031	3	26	1	15	92
2	5	201029001444	61.806	2	26	1	11	92
2	1	201029001455	10.301	3	26	1	11	92
2	6	201029001459	133.912	2	27	1	11	92
2	4	201029001748	296.017	1	26	1	5	92
2	2	201029001871	3.358	2	32	1	1	92
2	4	201029002271	289.031	4	26	1	15	92
2	6	201029002296	133.866	2	26	1	16	92
2	1	201029002808	6.435	2	26	1	5	92
2	3	201029003606	16.057	2	21	1	15	92
2	4	201029003607	289.031	1	26	1	15	92
2	6	201029003662	139.489	2	61	1	41	92
2	2	201029004250	6.435	1	83	1	5	92
2	6	201029004741	130.982	2	83	1	3	92
2	6	201029004741	130.982	3	97	2	3	92
2	4	201029004920	295.548	2	62	1	1	92
2	2	201029005267	3.358	2	31	1	2	92
2	2	201029005267	3.358	5	26	2	2	92
2	2	201029005267	3.358	6	26	3	2	92
2	5	201029005324	57.094	2	27	1	2	92
2	4	201029005378	295.548	1	26	1	2	92
2	1	201029005382	3.358	3	26	1	2	92
2	1	201029005382	3.358	4	26	2	2	92
2	1	201029005382	3.358	5	26	3	2	92
2	4	201029005963	295.548	1	62	1	1	92
2	4	201029006026	295.548	1	29	1	3	92
2	2	201029006256	3.358	2	62	1	1	92
2	5	201029006288	64.229	2	62	1	15	92
2	5	201029006288	64.229	6	63	2	15	92
2	5	201029006288	64.229	9	62	3	15	92
2	4	201029006314	286.856	1	62	1	16	92
2	4	201029006337	286.856	2	62	1	16	92
2	6	201029006342	133.866	2	26	1	16	92
2	6	201029006535	130.982	4	32	1	3	92
2	2	201029006857	6.435	2	27	1	5	92
2	1	201029006906	6.435	2	26	1	5	92
2	1	201029007657	3.358	2	26	1	1	92
2	4	201029007860	298.727	1	62	1	11	92
2	2	201029008292	3.358	3	32	1	1	92
2	2	201029008292	3.358	5	32	2	1	92
2	2	201029008292	3.358	6	32	3	1	92
2	2	201029008292	3.358	7	26	4	1	92
2	2	201029008292	3.358	8	26	5	1	92
2	4	201029008927	295.548	2	29	1	1	92
2	4	201029009029	286.856	2	62	1	16	92
2	4	201029009350	295.548	1	29	1	23	92
2	4	201029009607	298.727	2	31	1	11	92
2	4	201029010246	295.548	2	31	1	1	92
2	4	201029010369	295.548	2	83	1	1	92
2	4	201029010567	289.031	2	30	1	15	92
2	4	201029011181	295.548	2	63	1	1	92
2	4	201029011291	286.856	2	62	1	16	92
2	4	201029011449	295.548	1	63	1	2	92
2	6	201029011627	130.982	2	62	1	1	92
2	6	201029011627	130.982	3	26	2	1	92
2	4	201029012157	281.495	2	63	1	38	92
2	4	201029012687	295.548	2	63	1	3	92
2	2	201029012914	3.358	3	62	1	4	92
2	2	201029013035	3.358	2	63	1	1	92
2	4	201029013662	295.548	2	30	1	1	92
2	4	201029013819	286.856	2	62	1	16	92
2	5	201029014413	57.094	2	63	1	3	92
2	1	201029014414	3.358	2	29	1	3	92
2	1	201029014478	6.435	1	26	1	5	92
2	5	201029014676	57.094	2	26	1	1	92
2	6	201029014775	128.458	5	32	1	15	92
2	6	201029014990	130.982	2	62	1	2	92
2	4	201029015992	286.856	2	62	1	16	92
2	4	201029100375	283.69	2	83	1	8	93
2	4	201029100404	283.69	2	62	1	9	93
2	4	201029100407	283.69	2	26	1	9	93
2	4	201029100423	463.464	2	62	1	12	93
2	2	201029100460	94.563	4	34	1	2	93
2	6	201029100472	94.563	3	32	1	2	93
2	6	201029100483	94.563	3	83	1	5	93
2	6	201029100484	94.563	3	23	1	5	93
2	6	201029100509	94.563	2	23	1	6	93
2	4	201029100518	283.69	2	29	1	9	93
2	4	201029100556	283.69	1	27	1	8	93
2	4	201029100636	283.69	2	26	1	1	93
2	6	201029100732	94.563	2	26	1	9	93
2	4	201029100752	283.69	1	32	1	8	93
2	5	201029100848	94.563	2	26	1	7	93
2	4	201029100854	283.69	2	29	1	9	93
2	4	201029100877	283.69	2	29	1	3	93
2	6	201029100909	94.563	1	26	1	9	93
2	4	201029100926	463.464	1	29	1	12	93
2	6	201029100932	94.563	1	26	1	6	93
2	6	201029100941	94.563	2	26	1	7	93
2	4	201029100956	283.69	2	63	1	9	93
2	5	201029100983	463.464	2	26	1	12	93
2	4	201029101153	283.69	1	62	1	2	93
2	4	201029101230	283.69	2	26	1	8	93
2	4	201029101273	283.69	1	32	1	9	93
2	4	201029101334	283.69	2	83	1	3	93
2	6	201029101364	94.563	1	62	1	4	93
2	2	201029101384	94.563	1	26	1	5	93
2	6	201029101397	94.563	2	26	1	9	93
4	2	201029201872	6.063	4	61	1	1	95
4	2	201029201872	6.063	5	61	2	1	95
4	6	201029205000	132.811	2	97	1	7	95
4	6	201029205000	132.811	3	97	2	7	95
4	6	201029205946	127.323	3	63	1	1	95
4	3	201029206488	18.189	3	32	1	4	95
4	2	201029207419	6.063	1	26	1	1	95
4	5	201029208330	60.63	2	97	1	1	95
4	5	201029208330	60.63	4	32	2	1	95
4	1	201029209323	3.031	2	23	1	2	95
4	1	201029211223	3.031	2	26	1	4	95
3	4	201029300369	360.761	1	32	1	17	47
3	5	201029300800	93.969	3	26	1	10	47
3	5	201029300800	93.969	4	26	2	10	47
3	4	201029300844	360.761	2	21	1	17	47
3	4	201029300913	268.715	1	23	1	7	47
3	6	201029300941	89.572	7	26	1	7	47
3	6	201029300941	89.572	12	26	2	7	47
3	6	201029300941	89.572	13	26	3	7	47
3	6	201029300941	89.572	14	23	4	7	47
3	6	201029300941	89.572	15	26	5	7	47
3	6	201029300941	89.572	16	26	6	7	47
3	6	201029300941	89.572	17	23	7	7	47
3	5	201029300987	89.572	1	32	1	7	47
3	4	201029301024	294.079	2	25	1	3	47
3	4	201029301098	268.715	2	83	1	7	47
3	4	201029301109	360.761	2	31	1	17	47
3	6	201029301420	137.237	2	21	1	3	47
3	6	201029301512	180.38	2	26	1	17	47
3	4	201029400424	294.528	2	32	1	2	50
3	1	201029400594	4.602	2	26	1	2	50
3	6	201029400597	128.856	3	26	1	2	50
3	4	201029401050	305.572	1	29	1	10	50
3	6	201029401406	128.856	2	32	1	2	50
3	4	201029401867	294.528	2	32	1	3	50
3	2	201029402017	4.602	6	82	1	4	50
3	6	201029402054	114.59	2	26	1	10	50
3	6	201029402610	128.856	2	26	1	1	50
3	2	201029402729	4.602	5	31	1	2	50
3	4	201029402939	305.572	2	26	1	10	50
3	6	201029403053	128.856	2	63	1	1	50
3	1	201029403539	4.602	5	23	1	3	50
3	1	201029403539	4.602	6	26	2	3	50
3	1	201029403539	4.602	7	97	3	3	50
3	1	201029403539	4.602	8	97	4	3	50
3	1	201029403539	4.602	9	97	5	3	50
3	6	201029403554	128.856	3	62	1	5	50
3	6	201029403608	128.856	2	23	1	2	50
3	6	201029403608	128.856	3	26	2	2	50
3	4	201029403701	294.528	1	32	1	4	50
3	6	201029404487	128.856	3	32	1	4	50
3	6	201029404868	128.856	2	83	1	2	50
3	5	201029405882	76.393	1	32	1	10	50
3	4	201029406320	300.895	3	29	1	7	50
3	6	201029406829	114.59	2	26	1	10	50
3	6	201029406836	114.59	2	26	1	10	50
3	6	201029406836	114.59	3	26	2	10	50
3	1	201029407077	4.602	2	26	1	1	50
3	4	201029407131	294.528	2	32	1	5	50
3	6	201029407415	128.856	2	26	1	3	50
3	3	201029407732	38.197	4	63	1	10	50
3	6	201029408351	128.856	2	26	1	4	50
3	6	201029408411	114.59	2	32	1	10	50
3	5	201029408449	59.826	2	26	1	3	50
3	5	201029408449	59.826	3	26	2	3	50
3	5	201029408449	59.826	4	83	3	3	50
3	3	201029408786	18.408	2	23	1	4	50
3	6	201029409131	128.856	2	63	1	3	50
3	3	201029409559	18.408	2	26	1	2	50
3	3	201029409559	18.408	4	83	2	2	50
2	4	201029500435	296.789	1	26	1	4	91
2	4	201029500649	295.949	1	21	1	46	91
2	3	201029500770	15.04	2	27	1	24	91
2	5	201029501094	60.457	2	26	1	4	91
2	5	201029501094	60.457	3	26	2	4	91
2	6	201029501274	131.201	2	29	1	9	91
2	6	201029501274	131.201	3	63	2	9	91
2	6	201029501274	131.201	4	63	3	9	91
2	6	201029501274	131.201	5	26	4	9	91
2	4	201029501380	295.949	2	62	1	46	91
2	6	201029501458	129.704	2	26	1	3	91
2	6	201029501458	129.704	3	26	2	3	91
2	4	201029501723	292.265	2	29	1	19	91
2	4	201029501924	289.298	2	63	1	55	91
2	4	201029501924	289.298	3	32	2	55	91
2	3	201029501975	21.532	1	32	1	67	91
2	6	201029501981	129.195	2	83	1	67	91
2	4	201029502464	296.789	1	29	1	4	91
2	4	201029502536	295.949	2	27	1	46	91
2	4	201029502590	296.016	1	21	1	1	91
2	4	201029502657	304.121	2	82	1	112	91
2	4	201029502954	294.531	1	83	1	15	91
2	6	201029503129	129.704	3	63	1	3	91
2	4	201029503368	293.983	1	62	1	14	91
2	4	201029503411	295.949	1	29	1	46	91
2	6	201029503439	133.177	2	26	1	46	91
2	4	201029503696	292.265	1	62	1	19	91
2	4	201029503782	294.208	2	63	1	9	91
2	1	201029504066	5.496	4	61	1	4	91
2	4	201029504159	294.531	1	62	1	15	91
2	6	201029504209	129.18	2	26	1	15	91
2	6	201029504371	129.704	2	63	1	3	91
2	4	201029504772	289.298	1	99	1	55	91
2	5	201029504786	64.288	5	81	1	55	91
2	5	201029504786	64.288	6	23	2	55	91
2	5	201029504786	64.288	8	32	3	55	91
2	4	201029505458	295.949	1	27	1	46	91
2	4	201029505483	295.949	1	29	1	46	91
2	6	201029505706	134.718	2	83	1	32	91
2	4	201029506660	295.949	1	32	1	46	91
2	4	201029506683	295.949	2	62	1	46	91
2	6	201029507024	129.195	2	26	1	67	91
2	6	201029507024	129.195	4	26	2	67	91
2	3	201029507067	21.532	2	63	1	67	91
2	4	201029507102	301.455	2	31	1	67	91
2	4	201029507577	295.949	1	83	1	46	91
2	4	201029507862	290.161	1	61	1	32	91
2	4	201029508155	289.298	2	26	1	55	91
2	4	201029508191	289.298	2	29	1	55	91
2	6	201029508479	131.906	2	62	1	4	91
2	6	201029508479	131.906	3	26	2	4	91
2	6	201029509192	131.201	3	26	1	9	91
2	3	201029509224	19.879	2	26	1	9	91
2	6	201029509380	129.14	3	32	1	19	91
2	4	201029509458	292.265	2	26	1	19	91
2	4	201029509555	294.531	1	23	1	15	91
2	6	201029509688	129.704	2	29	1	3	91
2	4	201029509705	295.949	2	23	1	46	91
2	4	201029509735	295.949	1	83	1	46	91
2	4	201029510037	301.455	2	27	1	67	91
2	3	201029510045	21.532	3	27	1	67	91
2	5	201029510533	56.839	3	26	1	15	91
2	4	201029511661	304.121	1	29	1	112	91
2	4	201029511777	296.789	2	29	1	4	91
2	4	201029511842	296.789	1	26	1	4	91
2	6	201029511958	133.177	3	26	1	46	91
2	4	201029511966	295.949	2	83	1	46	91
2	4	201029512838	304.121	1	32	1	113	91
4	4	201029600385	280.955	1	27	1	5	94
4	4	201029600670	299.423	2	27	1	1	94
4	6	201029600677	126.073	2	32	1	1	94
4	6	201029600868	126.073	2	26	1	1	94
4	4	201029600960	299.423	2	62	1	3	94
4	3	201029601337	31.217	2	26	1	5	94
4	5	201029601405	63.036	2	97	1	1	94
4	4	201029601414	299.423	2	61	1	1	94
4	4	201029601464	299.423	2	62	1	3	94
4	4	201029601526	299.423	2	62	1	3	94
4	4	201029601996	299.423	1	32	1	3	94
4	1	201029602034	15.759	2	26	1	3	94
4	1	201029602034	15.759	3	26	2	3	94
4	4	201029602234	280.955	2	26	1	5	94
4	4	201029602254	299.423	5	26	1	1	94
4	4	201029602632	299.423	2	62	1	1	94
4	5	201029603098	63.036	4	97	1	1	94
4	4	201029603224	299.423	2	27	1	4	94
4	4	201029603366	299.423	1	62	1	1	94
4	4	201029603884	299.423	2	30	1	4	94
4	4	201029603921	299.423	1	32	1	1	94
4	4	201029604054	299.423	1	32	1	3	94
4	4	201029604260	299.423	2	29	1	1	94
4	5	201029604267	63.036	1	26	1	1	94
4	5	201029604267	63.036	4	62	2	1	94
4	1	201029604648	15.759	2	26	1	3	94
4	4	201029604652	299.423	3	26	1	3	94
4	4	201029604846	299.423	2	61	1	4	94
4	5	201029604907	63.036	2	26	1	4	94
4	6	201029604997	126.073	2	63	1	1	94
4	6	201029604997	126.073	3	63	2	1	94
4	5	201029605156	63.036	2	26	1	1	94
4	5	201029605156	63.036	3	26	2	1	94
4	6	201029605231	126.073	2	26	1	3	94
4	6	201029605252	126.073	2	26	1	3	94
4	4	201029605429	299.423	1	26	1	1	94
4	4	201029605531	280.955	2	63	1	5	94
4	6	201029605664	126.073	2	62	1	1	94
4	4	201029605993	299.423	2	25	1	1	94
4	4	201029606021	299.423	1	63	1	1	94
4	4	201029606074	299.423	1	27	1	1	94
4	4	201029606102	299.423	2	30	1	1	94
4	6	201029606269	126.073	1	26	1	4	94
4	1	201029606284	15.759	2	26	1	4	94
4	1	201029606284	15.759	3	26	2	4	94
4	5	201029606530	63.036	2	26	1	3	94
4	5	201029700604	55.064	2	26	1	20	96
4	6	201029700626	128.483	2	62	1	20	96
4	6	201029700626	128.483	3	26	2	20	96
4	5	201029700945	53.349	2	26	1	3	97
4	6	201029701010	133.372	2	26	1	2	97
4	6	201029701010	133.372	3	26	2	2	97
4	6	201029701218	131.084	2	26	1	11	96
4	4	201029703380	293.418	2	63	1	1	97
4	3	201029703452	13.337	3	32	1	3	97
4	3	201029703615	18	3	32	1	3	96
4	1	201029703864	6.122	4	26	1	6	96
4	1	201029703864	6.122	9	26	2	6	96
4	5	201029703896	57.582	5	26	1	33	96
4	6	201029703934	131.811	2	26	1	8	96
4	6	201029703934	131.811	3	26	2	8	96
4	3	201029704156	13.337	7	32	1	1	97
4	5	201029704232	53.349	3	63	1	2	97
4	6	201029704268	123.236	3	32	1	5	97
4	1	201029704314	13.337	2	61	1	3	97
4	1	201029704314	13.337	3	32	2	3	97
4	4	201029704356	287.55	2	30	1	5	97
4	4	201029704556	296	3	26	1	3	96
4	5	201029704956	53.349	3	32	1	1	97
4	4	201029705323	287.55	1	63	1	5	97
4	4	201029705410	293.418	2	62	1	4	97
4	6	201029706781	133.372	2	26	1	3	97
4	6	201029706781	133.372	3	26	2	3	97
4	5	201029706960	55.064	2	34	1	20	96
4	6	201029707681	133.372	2	61	1	1	97
4	4	201029707722	293.676	2	30	1	20	96
4	4	201029707784	293.676	2	63	1	20	96
4	4	201029707784	293.676	3	26	2	20	96
4	6	201029708146	133.372	2	26	1	2	97
4	6	201029708222	133.372	2	63	1	3	97
4	6	201029708996	131.811	2	26	1	8	96
4	4	201029709396	287.55	1	31	1	5	97
4	6	201029710471	128.565	2	29	1	6	96
4	5	201029710527	55.099	3	62	1	6	96
4	5	201029710527	55.099	4	26	2	6	96
4	5	201029710527	55.099	5	26	3	6	96
4	5	201029710527	55.099	6	26	4	6	96
4	6	201029711173	123.236	2	63	1	5	97
4	6	201029712134	128.483	2	62	1	20	96
4	6	201029712134	128.483	3	63	2	20	96
4	6	201029712203	128.483	2	62	1	20	96
4	6	201029712203	128.483	3	26	2	20	96
4	5	201029712709	58	2	32	1	3	96
4	4	201029712754	287.116	2	62	1	43	96
4	4	201029712794	287.116	2	62	1	43	96
4	4	201029713045	293.418	2	26	1	4	97
4	4	201029713045	293.418	3	26	2	4	97
4	4	201029713164	293.418	2	32	1	2	97
4	4	201029713661	294.637	2	31	1	8	96
4	6	201029714168	131.423	3	97	1	18	96
4	4	201029714762	296	2	62	1	3	96
4	1	201029714801	2	3	32	1	3	96
4	5	201064301952	55.47	2	26	1	1	79
4	5	201064301952	55.47	3	26	2	1	79
4	4	201064301956	299.538	2	62	1	1	79
4	5	201064302096	55.47	3	26	1	1	79
4	5	201064302096	55.47	4	26	2	1	79
4	6	201064302157	133.128	3	26	1	1	79
4	6	201064302257	133.128	3	32	1	1	79
4	6	201064302257	133.128	5	32	2	1	79
4	4	201064302263	299.538	2	26	1	1	79
4	1	201064302319	11.094	2	26	1	1	79
4	6	201064302559	133.128	2	23	1	1	79
4	6	201064302559	133.128	3	23	2	1	79
4	6	201064302559	133.128	4	63	3	1	79
4	1	201064302651	11.094	2	32	1	1	79
4	3	201064302721	22.188	2	26	1	1	79
4	4	201064302793	299.538	2	27	1	1	79
4	6	201064302834	133.128	2	61	1	1	79
4	6	201064302834	133.128	3	63	2	1	79
4	6	201064302834	133.128	4	61	3	1	79
4	6	201064302834	133.128	5	26	4	1	79
4	1	201064302913	11.094	2	62	1	1	79
4	1	201064302913	11.094	3	62	2	1	79
4	1	201064302913	11.094	4	32	3	1	79
4	1	201064302923	11.094	2	26	1	1	79
4	1	201064302923	11.094	3	26	2	1	79
4	5	201064302930	55.47	2	26	1	1	79
3	6	201065510865	134.436	1	61	1	1	43
3	4	201065511473	293.316	1	82	1	1	43
3	4	201065512250	293.316	1	32	1	1	43
3	6	201065512921	134.436	3	32	1	1	43
4	4	201065602317	298.782	1	32	1	3	75
4	4	201065602399	298.782	2	31	1	3	75
4	4	201065904839	299.538	2	63	1	1	79
4	6	201065904850	133.128	1	62	1	1	79
4	1	201065904853	11.094	5	32	1	1	79
4	1	201065904853	11.094	6	32	2	1	79
4	6	201065904958	133.128	2	26	1	1	79
4	1	201065904974	11.094	2	26	1	7	79
4	6	201065905044	133.128	2	26	1	7	79
4	6	201065905044	133.128	3	26	2	7	79
4	6	201065905313	133.128	3	32	1	1	79
4	3	201065905355	22.188	1	63	1	1	79
4	3	201065905355	22.188	2	26	2	1	79
4	6	201065905383	133.128	2	31	1	1	79
4	4	201065905405	299.538	2	63	1	1	79
4	4	201065905405	299.538	3	63	2	1	79
4	3	201065905485	22.188	1	97	1	7	79
4	5	201065905537	55.47	3	62	1	1	79
4	5	201065905537	55.47	4	97	2	1	79
4	5	201065905537	55.47	5	26	3	1	79
4	4	201065905540	299.538	2	26	1	1	79
4	5	201065905552	55.47	3	63	1	1	79
4	6	201065905652	133.128	2	32	1	7	79
4	1	201065905653	11.094	2	26	1	7	79
4	1	201065905653	11.094	3	26	2	7	79
4	1	201065905653	11.094	4	61	3	7	79
4	3	201065905697	22.188	2	26	1	1	79
4	5	201065905723	55.47	2	26	1	1	79
4	5	201065905723	55.47	3	26	2	1	79
4	6	201065905886	133.128	2	26	1	1	79
4	1	201065905896	11.094	6	32	1	1	79
4	1	201065905896	11.094	7	32	2	1	79
4	5	201065905948	55.47	2	26	1	1	79
4	5	201065905948	55.47	3	26	2	1	79
4	3	201065906074	22.188	2	97	1	1	79
4	4	201065906094	299.538	2	26	1	1	79
4	5	201065906099	55.47	3	63	1	1	79
4	6	201065906125	133.128	2	26	1	1	79
4	6	201065906125	133.128	3	26	2	1	79
4	6	201065906125	133.128	4	26	3	1	79
4	6	201065906171	133.128	3	29	1	1	79
4	1	201065906263	11.094	2	26	1	7	79
4	1	201065906263	11.094	3	26	2	7	79
4	1	201065906263	11.094	4	26	3	7	79
4	5	201065906312	55.47	2	26	1	7	79
4	5	201065906312	55.47	3	26	2	7	79
4	5	201065906312	55.47	4	26	3	7	79
4	3	201065906324	22.188	3	32	1	7	79
4	5	201065906354	55.47	2	26	1	7	79
4	5	201065906354	55.47	3	26	2	7	79
4	5	201065906354	55.47	4	63	2	7	79
4	5	201065906354	55.47	5	26	3	7	79
4	5	201065906354	55.47	6	62	3	7	79
4	5	201065906354	55.47	7	63	4	7	79
4	2	201065906373	11.094	3	62	1	1	79
4	2	201065906373	11.094	4	63	2	1	79
4	6	201065906643	133.128	2	26	1	7	79
2	6	201068704827	133.355	4	26	1	3	11
2	6	201068704827	133.355	5	26	2	3	11
2	4	201068704879	285.76	2	32	1	3	11
2	2	201068704929	19.051	1	26	1	3	11
2	4	201068705170	285.76	1	29	1	3	11
2	4	201068705187	285.76	2	32	1	3	11
2	4	201068705366	285.76	1	62	1	3	11
2	4	201068705405	285.76	1	62	1	3	11
2	4	201068706093	285.76	1	29	1	3	11
2	6	201068706106	133.355	2	32	1	3	11
2	6	201068706106	133.355	3	32	2	3	11
2	6	201068706106	133.355	4	32	3	3	11
2	6	201068706234	133.355	1	26	1	3	11
2	6	201068706234	133.355	2	97	2	3	11
2	4	201068706343	285.76	1	31	1	3	11
2	1	201068804740	19.051	2	26	1	4	11
2	3	201068805527	19.051	3	31	1	4	11
2	2	201068805960	19.051	4	62	1	4	11
1	3	201069600468	20.242	2	30	1	26	6
1	3	201069600468	20.242	3	30	2	26	6
3	3	201091500493	22.464	1	29	1	1	46
3	6	201091500527	134.784	2	26	1	1	46
3	1	201091500680	22.464	3	61	1	2	46
3	6	201091500735	134.784	2	25	1	1	46
3	6	201091500735	134.784	3	23	2	1	46
3	6	201091500735	134.784	4	31	3	1	46
3	5	201091500830	67.392	2	32	1	1	46
3	4	201091501018	292.032	2	27	1	1	46
2	2	201091502572	9.628	5	26	1	8	10
2	2	201091502572	9.628	6	26	2	8	10
2	3	201091502575	19.256	1	26	1	8	10
