200600055013 1 027  233   18.16
200600056217 1 027  233   18.16
200600056622 1 027  133   18.16
200600056732 1 127  133   18.16
200600056875 1 027  233   18.16
200600057168 1 127  233   18.16
200600057320 1 027  133   18.16
200600057504 1 027  133   18.16
200600057554 1 027  133   18.16
200600057759 1 027  233   18.16
200600057914 1 027  234  272.37
200600057986 12127  233   18.16
200600058079 1 127  233   18.16
200600058248 1 127  133   18.16
200600059058 1 027  233   18.16
200600059247 1 027  133   18.16
200600059583 1 027  133   18.16
200600060252 1 027  133   18.16
200600060424 12127  133   18.16
200600060493 1 027  233   18.16
200600060493 2 027  233   18.16
200600060500 1 027  233   18.16
200600060764 1 127  134  272.37
200600060939 1 027  133   18.16
200600061401 1 127  233   18.16
200600061436 1 027  233   18.16
200600061506 1 027  133   18.16
200600061751 1 027  133   18.16
200600061918 1 027  233   18.16
200600062071 1 127  133   18.16
200600062980 1 127  133   18.16
200600063136 1 027  133   18.16
200600063932 1 027  233   18.16
200610412182 1 0 2  613   49.28
200610412462 1 0 2  613   49.28
200610412699 1 0 2  213   27.15
200610412713 1 1 2  413   53.89
200610412774 1 0 2  113   27.15
200610412800 1 0 2  413   53.89
200610413108 1 0 2  914  287.62
200610413391 1 0 2  913   57.52
200610413618 1 0 2  213   27.15
200610413668 1 1 2  313   27.15
200610413698 1 0 2  413   53.89
200610414643 1 0 2  614  295.68
200610740367 1 0 3 2113   14.57
200610740367 2 0 3 2113   14.57
200610741077 1 0 3  314  274.25
200610741888 1 0 3  414  273.60
200610743515 1 0 3 2113   14.57
200610743641 1 0 3 1313   14.76
200610743840 1 0 3 1013   14.35
200610743904 1 0 3  113   14.95
200610744197 1 0 3  413   14.92
200610744430 121 3  114  273.99
200610744713 1 1 3  413   14.92
200610745011 199 3  813   14.90
200610745304 1 1 3  313   15.24
200610745320 1 0 3  313   15.24
200610745383 1 0 3 1613   15.62
200610745489 121 3  113   14.95
200610745706 1 1 3  313   15.24
200610745985 1 0 3 1613   15.62
200610745998 1 0 3 1613   15.62
200610746586 1 0 3 1312    7.38
200610746797 1 0 3 2113   14.57
200610746925 1 0 3 1613   15.62
200610747188 1 0 3  113   14.95
200610747675 1 1 3 1013   14.35
200610747766 1 0 3 2112   14.57
200611129647 1 1 4  314  273.98
200611130751 1 0 4  213   13.05
200611130789 1 0 4  113   13.05
200611130946 1 1 4  313   13.05
200611130963 1 0 4  313   13.05
200611131610 1 0 4  213   13.05
200611131984 1 0 4  714  271.37
200611131992 1 0 4 1113   59.36
200611132378 1 0 4  113   13.05
200611132440 1 0 4  213   13.05
200611132586 121 4  213   13.05
200611132649 1 0 4  213   13.05
200611132841 1 0 4  313   13.05
200611133106 1 0 4  113   13.05
200611133287 1 0 4  413   13.05
200611133289 1 0 4  413   13.05
200611133379 1 0 4  313   13.05
200611133504 1 0 4  314  273.98
200611133504 2 0 4  314  273.98
200611133898 1 0 4  213   13.05
200611134489 1 1 4  614  271.37
200611134541 1 0 4  112   13.05
200611134691 1 1 4  313   13.05
200611134822 1 0 4  113   13.05
200611134884 1 0 4  313   13.05
200611134888 1 0 4  313   13.05
200611134984 1 0 4  613   27.14
200611134988 1 0 4  613   27.14
200611135311 1 0 4  213   13.05
200611135405 1 0 4 1113   59.36
200611135427 1 1 4  213   13.05
200611135690 1 0 4 1113   59.36
200611135765 1 1 4  114  273.98
200611135953 1 1 4  213   13.05
200611136130 1 0 4  113   13.05
200611136130 2 0 4  113   13.05
200611136411 1 1 4  313   13.05
200611136865 1 1 4  313   13.05
200611137009 1 0 4  313   13.05
200611137105 1 0 4  613   27.14
200611137966 121 4 1114  296.81
200611138206 1 0 4  213   13.05
200611138342 1 0 4  113   13.05
200611507265 1 0 5 2213   30.71
200611507527 1 0 5 1613   22.42
200611507573 121 5  813   16.46
200611507703 1 0 5  813   16.46
200611508333 1 0 5  813   16.46
200611508680 1 0 5  813   16.46
200612001227 199 6 2613   20.24
200612001357 1 1 6  113   16.58
200612406791 1 0 8 4713   58.59
200612407271 1 1 8 5113   61.55
200612407278 121 8 2213   29.75
200612407496 199 8  513   17.30
200612407498 1 0 8 3313   45.15
200612407634 199 8  213   12.85
200612407663 121 8 1513   28.38
200612407711 199 8 2813   44.21
200612407712 1 0 8 2814  265.24
200613005851 1 0 9  733   14.39
200613008284 1 0 9  433   14.39
200613008463 1 0 9  333   14.39
200613009338 1 0 9  733   14.39
200613010730 1 0 9  433   14.39
200613103502 1 042  233   16.67
200613103815 1 042  133   16.67
200613103882 1 042  232    4.17
200613103969 1 042  133   16.67
200613104669 1 142  233   16.67
200613104865 1 042  133   16.67
200613104963 1 042  232    4.17
200613105295 1 042  133   16.67
200613107492 1 042  233   16.67
200613120499 1 142  233   16.67
200613121653 1 142  234  274.97
200613121653 14042  234  274.97
200613121786 1 042  233   16.67
200613122148 1 142  133   16.67
200613122249 1 042  133   16.67
200613122814 1 042  133   16.67
200613122938 1 042  133   16.67
200613356074 1 010  423   16.20
200613520984 1 111  723   48.99
200613521245 1 011  623   19.05
200613521261 1 111  523   19.05
200613521290 1 011  523   19.05
200613521515 1 111  323   19.05
200613521570 1 011  123   19.05
200613521972 1 011  223   19.05
200614033848 1 012  423   18.91
200614035359 1 012  323   18.91
200614036227 1 012  223   18.91
200614036452 1 112 1423   83.69
200614037278 1 012  523   12.21
200614037867 1 012  523   12.21
200614037989 1 012  924  270.24
200614038012 12112  123   18.91
200614038558 1 012  123   18.91
200614040382 1 112  523   12.21
200614718750 1 013  524  272.77
200614719797 1 113  123   38.97
200614720413 1 113  124  272.77
200614720914 1 013  624  272.77
200614721066 1 113  123   38.97
200614721234 1 013  223   38.97
200614721541 1 013  623   38.97
200614721639 1 013  624  272.77
200614721642 1 013  223   38.97
200614722934 1 013  523   38.97
200614822909 1 021 1113   17.58
200614823258 1 021  513   16.25
200615420037 1 041  133   20.05
200615420148 1 041  133   20.05
200615420562 1 141  133   20.05
200615420565 1 041  133   20.05
200615420761 1 041  333   20.05
200615421075 12141  133   20.05
200615421166 14041  133   20.05
200615421396 1 041  233   20.05
200615421472 1 041  133   20.05
200615421501 12141  133   20.05
200615421555 1 041  133   20.05
200615421645 1 041  134  270.72
200615421744 1 141  133   20.05
200615421896 1 041  133   20.05
200615421909 1 041  133   20.05
200615421949 1 041  133   20.05
200615422341 1 141  233   20.05
200615422487 1 141  136  120.32
200615422713 1 141  233   20.05
200615423027 1 041  133   20.05
200615423290 1 041  133   20.05
200615423315 1 041  133   20.05
200615423421 1 041  133   20.05
200615423438 1 041  133   20.05
200615423554 1 041  133   20.05
200615423620 1 041  133   20.05
200615423663 12141  136  120.32
200615423805 1 041  133   20.05
200615423920 1 141  133   20.05
200615424036 1 041  133   20.05
200615424105 1 041  133   20.05
200615424172 1 141  132   10.03
200615424173 1 041  133   20.05
200615424524 1 041  133   20.05
200615424798 12141  133   20.05
200615424912 1 041  133   20.05
200615425129 1 041  133   20.05
200615425401 1 041  133   20.05
200615425438 12241  133   20.05
200615425445 1 041  133   20.05
200615425556 12141  133   20.05
200615426221 12141  133   20.05
200615426292 1 041  133   20.05
200615426401 1 041  232   10.03
200615426694 1 041  133   20.05
200615426707 1 041  133   20.05
200615426926 1 041  133   20.05
200615426995 1 141  233   20.05
200615427413 12141  233   20.05
200615427420 1 041  232   10.03
200615427553 19941  233   20.05
200615427561 12141  233   20.05
200616109167 1 043  433   12.22
200616109878 1 443  333   12.22
200616110060 1 043  333   12.22
200616110135 1 443  333   12.22
200616110494 1 043  333   12.22
200616507552 1 045  133   20.21
200616507552 2 045  133   20.21
200616509336 12145  133   20.21
200616510578 1 145  233   20.21
200616516316 1 145  133   20.21
200616517251 1 045  133   20.21
200617113744 1 051  133   79.66
200617113802 1 051  134  238.97
200617113890 1 051  233   79.66
200617114360 1 051  133   79.66
200617114503 1 051  133   79.66
200617225251 12148  233   51.96
200617225395 1 048  134  259.82
200617226369 1 048  133   51.96
200617226521 1 148  133   51.96
200617227763 1 148  133   51.96
200617228232 1 048  133   51.96
200617228906 1 148  133   51.96
200617229368 1 048  134  259.82
200617229622 1 048  133   51.96
200617230209 1 048  133   51.96
200617230434 1 048  133   51.96
200617231149 12148  133   51.96
200617233122 1 048  133   51.96
200617690189 1 149  133   15.64
200617690189 2 149  133   15.64
200617696344 1 149  133   15.64
200617696558 1 049  133   15.64
200617697822 1 149  133   15.64
200618470595 1 072  623   15.00
200618471073 1 072  123   15.00
200618472071 1 172  123   15.00
200618473147 1 072  123   15.00
200618473590 1 172  123   15.00
200618473715 1 072  423   15.00
200618474541 1 172  423   15.00
200618474544 1 172  423   15.00
200618475149 1 072  623   15.00
200618475172 1 072  423   15.00
200618475457 1 072  323   15.00
200618475971 1 172  323   15.00
200618476681 1 072  423   15.00
200618476690 1 072  423   15.00
200618476807 1 172  323   15.00
200618476810 1 072  323   15.00
200618476813 1 072  323   15.00
200618477597 1 172  123   15.00
200618477988 1 072  123   15.00
200618478054 1 072  123   15.00
200618478440 1 072  623   15.00
200618478633 12172  223   15.00
200618479067 1 072  323   15.00
200618479195 1 072  623   15.00
200618479528 1 172  623   15.00
200618479773 1 072  622    5.00
200618479778 1 172  623   15.00
200618480349 12172  423   15.00
200618480421 12172  322    5.00
200618480424 1 072  323   15.00
200618480726 1 172  123   15.00
200618480921 1 072  123   15.00
200618481140 1 172  323   15.00
200618481397 1 072  223   15.00
200618481429 19972  623   15.00
200618481969 12172  623   15.00
200618482070 1 172  322    5.00
200618482071 1 072  323   15.00
200618482438 1 072  223   15.00
200618482441 1 072  223   15.00
200618482725 19972  123   15.00
200618482728 1 172  123   15.00
200618483120 1 072  423   15.00
200618483123 1 072  423   15.00
200618483126 1 072  423   15.00
200618483403 1 072  623   15.00
200618484227 1 172  423   15.00
200618484262 1 072  123   15.00
200618484355 1 172  123   15.00
200618485045 1 172  423   15.00
200618485048 1 072  423   15.00
200618485850 1 072  323   15.00
200618486788 1 172  423   15.00
200618486795 1 172  423   15.00
200618487767 1 072  423   15.00
200618488215 1 072  623   15.00
200618489247 1 172  423   15.00
200618489883 19972  423   15.00
200618489994 1 072  223   15.00
200618490464 1 072  123   15.00
200618933151 1 173 1023   31.93
200618935104 1 073  123   16.47
200618935232 1 073  923   21.64
200618935600 1 173 1023   31.93
200618937087 1 073  123   16.47
200618937113 1 073  223   16.47
200618937229 1 073  923   21.64
200618937460 1 073  123   16.47
200618937491 1 073  923   21.64
200618937836 1 073  223   16.47
200618937836 2 073  223   16.47
200618937961 1 073  223   16.47
200618938623 1 073  123   16.47
200618938739 1 073  223   16.47
200618938951 12173  523   20.25
200618939008 1 073  123   16.47
200618939163 1 073  123   16.47
200618941821 1 173  123   16.47
200619004398 19975  343   16.15
200619004626 19975  343   16.15
200619343243 1 074  923   16.70
200619343876 12174  123   16.70
200619344796 1 074  923   16.70
200619345472 1 074  123   16.70
200619345933 1 174  923   16.70
200620151430 1 175  443   16.15
200620152064 19975  244  274.56
200620152657 1 175  143   16.15
200620152687 19975  244  274.56
200620153330 19975  243   16.15
200620153983 19975  543   14.07
200620154483 19975  243   16.15
200620154565 1 075  143   16.15
200620154736 1 075  143   16.15
200620155238 12175  543   14.07
200620155238 22175  543   14.07
200620155300 1 175  143   16.15
200620155593 1 075  143   16.15
200620155892 1 075  243   16.15
200620155946 1 175  143   16.15
200620156126 19975  243   16.15
200620156210 19975  543   14.07
200620156565 1 075  243   16.15
200620156587 19975  143   16.15
200620156642 12175  143   16.15
200620156672 1 075  243   16.15
200620156913 1 175  144  274.56
200620156924 19975  143   16.15
200620156997 19975  243   16.15
200620158578 12875  243   16.15
200620158801 19775  343   16.15
200620507172 12176  443  105.29
200620507467 1 176  343  105.29
200620507513 1 076  344  315.87
200620507593 12176  544  315.87
200620507608 12176  544  315.87
200620507745 1 076  343  105.29
200620508601 1 076  142  105.29
200620508824 1 076  344  315.87
200620508830 19876  643  105.29
200620509065 1 076  344  315.87
200620846263 1 096 4343   15.95
200620846265 1 096 4343   15.95
200620846283 1 196 4343   15.95
200620846942 1 197  243   13.34
200620848162 1 897  543   20.54
200620850765 1 197  344  280.08
200620852442 1 196  143   16.00
200620855356 1 097  243   13.34
200620855497 19996 4343   15.95
200620856432 1 097  343   13.34
200620857641 1 196 4342   15.95
200620858703 1 196  343   16.00
200620859260 1 196 1843   15.16
200620862215 12197  543   20.54
200620863997 1 197  244  280.08
200620864007 1 097  243   13.34
200620864012 1 197  243   13.34
200620905518 1 078  143   55.32
200620905946 1 078  144  276.59
200621002032 1 079  143   11.09
200621002202 1 179  143   11.09
200621002274 1 079  143   11.09
200621002324 1 079  142   11.09
200621002361 1 079  143   11.09
200621002429 1 079  143   11.09
200621002510 1 179  143   11.09
200621002550 19979  143   11.09
200621123218 1 079  743   11.09
200621123728 1 079  743   11.09
200621123728 2 079  743   11.09
200621123728 3 079  743   11.09
200621123763 1 179  743   11.09
200621124014 1 079  743   11.09
200621124229 1 079  743   11.09
200621124249 1 079  743   11.09
200621124836 1 179  743   11.09
200621124844 1 079  743   11.09
200621124968 1 079  743   11.09
200621125252 1 179  742   11.09
200621125550 12179  743   11.09
200621125646 1 079  743   11.09
200621125707 1 079  743   11.09
200621125967 1 179  743   11.09
200621126190 1 179  743   11.09
200621126377 1 179  743   11.09
200621126511 1 179  743   11.09
200621126684 1 079  743   11.09
200621126684 2 079  743   11.09
200621126771 1 079  743   11.09
200621126990 1 079  743   11.09
200621308456 1 179  743   11.09
200621309573 1 079  143   11.09
200621701733 1 179  143   11.09
200621701869 1 179  143   11.09
200621701931 1 079  143   11.09
200621701937 1 079  143   11.09
200621702011 19979  144  277.35
200621702038 1 079  143   11.09
200621702143 1 179  143   11.09
200621702202 1 179  143   11.09
200621800994 1 079  143   11.09
200621801087 1 179  143   11.09
200621801165 1 079  143   11.09
200621801166 1 179  143   11.09
200621801264 1 179  143   11.09
200621801329 1 079  143   11.09
200621801608 1 179  143   11.09
200622040232 1 081  143   14.42
200622042089 1 081  543   16.83
200622043266 1 081  443   16.83
200622045143 1 181  443   16.83
200622045372 1 181  443   16.83
200622046762 1 081  543   16.83
200622046823 1 081  143   14.42
200622047962 1 181  543   16.83
200622350300 1 182  143   16.42
200622350305 1 082  143   16.42
200622350766 1 182  143   16.42
200622351164 1 082  143   16.42
200622351462 1 182  143   16.42
200622351491 12182  143   16.42
200622351829 1 082  142    5.47
200622353092 1 082  143   16.42
200622353108 1 082  143   16.42
200622353675 12182  143   16.42
200622354383 1 182  142    5.47
200622354594 1 082  143   16.42
200622354992 1 082  143   16.42
200622355222 1 082  143   16.42
200622355498 1 082  143   16.42
200622355546 1 082  143   16.42
200622355629 1 082  144  273.60
200622355868 1 082  143   16.42
200622355887 1 182  143   16.42
200622355908 1 082  143   16.42
200622356069 1 882  143   16.42
200622356209 1 182  143   16.42
200622356423 12882  143   16.42
200622356494 1 082  143   16.42
200622356841 1 082  143   16.42
200622357428 1 082  143   16.42
200622357449 1 182  143   16.42
200622357449 1 882  143   16.42
200622357776 12182  143   16.42
200622358372 1 082  143   16.42
200622358686 1 082  143   16.42
200622358692 1 082  143   16.42
200622358965 1 082  143   16.42
200622358986 1 182  143   16.42
200622358990 1 882  143   16.42
200622359195 1 182  143   16.42
200622359263 1 082  142    5.47
200622359569 1 082  143   16.42
200622359582 1 082  143   16.42
200622359615 12182  143   16.42
200622360083 1 182  142    5.47
200622360308 1 182  143   16.42
200622360753 1 082  143   16.42
200622360901 1 082  143   16.42
200622361497 12182  143   16.42
200622361759 1 082  143   16.42
200622361789 12182  143   16.42
200622362207 1 082  143   16.42
200622362560 19982  143   16.42
200622362593 1 082  143   16.42
200622362836 1 082  143   16.42
200622362863 1 182  143   16.42
200622363204 12182  143   16.42
200622363223 1 082  143   16.42
200622364281 1 082  143   16.42
200622365447 1 082  143   16.42
200624800943 19975  443   16.15
200624800997 19975  343   16.15
200624801116 19975  443   16.15
200624801316 12175  443   16.15
200626902875 1 111  323   19.05
200626903067 1 111  323   19.05
200626903237 1 111  323   19.05
200626903700 1 011  423   19.05
200626903865 1 011  323   19.05
200626903935 1 011  323   19.05
200626904016 1 111  323   19.05
200626904141 1 011  323   19.05
200626904247 1 111  324  266.71
200626904491 1 011  323   19.05
200626904672 1 111  323   19.05
200626904917 1 011  323   19.05
200627005746 1 111  324  266.71
200627005767 1 011  323   19.05
200627910229 1 0 9  633   14.39
200629104252 199 9  333   14.39
200629104411 1 1 9  334  273.46
200629922679 121 1  213   33.89
200629922875 1 1 1  813   33.89
200629922940 1 0 1  413   33.89
200629923002 1 0 1  213   33.89
200629923195 1 0 1  113   33.89
200629923241 1 0 1  113   33.89
200629923254 1 0 1  113   33.89
200629923398 121 1  113   33.89
200629923615 1 1 1  213   33.89
200629924150 1 0 1  713   33.89
200629924373 1 1 1  114  271.10
200630013261 1 0 7  513   19.32
200630014705 1 0 7  313   18.79
200630014989 1 0 7  513   19.32
200630015323 1 0 7 1013   52.04
200630015323 2 0 7 1013   52.04
200630015706 1 1 7  513   19.32
200630237971 1 023  113   21.38
200630238255 1 123  113   21.38
200630238541 1 123  114  277.95
200630238698 1 023  113   21.38
200630239778 1 123  113   21.38
200630240048 1 023  113   21.38
200630240204 1 023  413   14.97
200630240306 1 123  113   21.38
200630240964 12123  113   21.38
200630241292 1 123  113   21.38
200630241648 1 023  113   21.38
200630242164 1 123  113   21.38
200630242193 1 023  113   21.38
200630242193 2 023  113   21.38
200630242334 1 123  613   17.87
200630242430 1 023  413   14.97
200630242968 1 123  113   21.38
200630243133 1 023  213   14.97
200630243326 1 023  113   21.38
200630330170 1 124 1213   39.97
200630330321 12124  713   17.39
200630330382 1 024 1214  279.81
200630330460 1 025  313   12.07
200630330634 1 024  213   16.67
200630330994 1 025  313   12.07
200630331029 1 025  213   12.07
200630331033 1 125  213   12.07
200630331208 1 024  714  278.23
200630331243 1 025  113   12.07
200630331410 1 125  113   12.07
200630331477 1 125  213   12.07
200630331828 12124  113   16.72
200630331885 1 124  913   28.45
200630331909 1 024  113   16.72
200630332423 1 024  113   16.72
200630332597 1 124  213   16.67
200630332670 1 125  613   40.61
200630332914 12124  213   16.67
200630332989 1 024  913   28.45
200630333036 1 025  113   12.07
200630333137 1 125  613   40.61
200630333140 12125  613   40.61
200630333264 1 125  313   12.07
200630333899 1 025  613   40.61
200630334086 1 125 1413  107.09
200630334268 1 024  713   17.39
200630334458 1 125 1413  107.09
200630334629 1 025 1413  107.09
200630335188 12124 1213   39.97
200630335298 12124 1213   39.97
200630344431 1 124  113   16.72
200630459266 1 033  223   13.85
200630459422 1 133  323   13.85
200630462671 1 010  123   16.20
200630462933 1 033  223   13.85
200630463186 1 110 1723   17.01
200630464158 1 010  123   16.20
200630464483 1 110  423   16.20
200630464770 1 033  323   13.85
200630464943 1 033  123   13.85
200630465953 1 110  123   16.20
200630466385 1 110  523   15.08
200630466461 12110 1523   13.60
200630466658 1 133  624  271.82
200630466974 12133 1223   11.14
200630466984 1 033 1623   22.77
200630467000 1 133 1623   22.77
200630467175 1 010 1723   17.01
200630467266 1 032  123   20.94
200630468272 12233  623   18.75
200630469055 1 033 1623   22.77
200630469491 1 133  323   13.85
200630469939 1 033  123   13.85
200630471259 1 110 1523   13.60
200630471279 1 010 1523   13.60
200630471540 1 110 1523   13.60
200630471544 1 110 1523   13.60
200630472565 1 033  123   13.85
200630473541 1 033  223   13.85
200630474747 1 132  123   20.94
200630474753 1 032  123   20.94
200630475539 1 010  223   16.20
200630477573 1 010  323   16.20
200630481582 1 110  223   16.20
200630481770 12110 2423   27.10
200630859120 1 091 6723   21.53
200630859462 1 091 3223   20.73
200630859626 1 091 1923   13.59
200630859928 1 091  423   16.49
200630860235 1 091  723   16.98
200630860326 1 091 4623   14.80
200630860405 1 091  923   15.90
200630860506 1 091 3223   20.73
200630861065 1 091 1523   15.50
200630861460 12191 3223   20.73
200630861486 1 191 3223   20.73
200630861515 1 191  923   15.90
200630861574 1 091  922    3.98
200630861678 1 09111223   30.41
200630861910 1 091  423   16.49
200630861939 1 091  423   16.49
200630862171 1 091 6723   21.53
200630863565 1 191 1923   13.59
200630863914 1 091 4623   14.80
200630864252 1 191  423   16.49
200630864830 1 091  923   15.90
200630864905 1 191  323   16.92
200630867050 1 091 4623   14.80
200631113720 1 022  114  263.86
200631113884 19922  113   29.32
200631114062 1 022  613   60.61
200631114084 1 022  213   29.32
200631114131 1 022  113   29.32
200631114231 1 022  113   29.32
200631114353 1 022  614  303.02
200631114946 1 022  113   29.32
200631115002 1 022  613   60.61
200631115142 1 022  415   53.82
200631115161 1 022  613   60.61
200631115182 19922  813   88.51
200631238543 1 026  113   16.98
200631238639 1 126  313   16.66
200631238819 1 026  113   16.98
200631239193 1 026 1313   33.33
200631240049 1 026  113   16.98
200631240853 1 026  713   15.80
200631241028 1 026  713   15.80
200631241072 12126 1313   33.33
200631241089 12126  113   16.98
200631241156 1 126  913   12.51
200631242562 1 026  113   16.98
200631242857 1 026 1313   33.33
200631560482 1 030  123   11.32
200631561331 1 030  123   11.32
200631562156 1 029  123   17.18
200631562516 12130  123   11.32
200631562774 1 030  123   11.32
200631562775 1 030  123   11.32
200631562829 1 030  123   11.32
200631564742 1 030  123   11.32
200631565164 1 030  123   11.32
200631565327 1 029  123   17.18
200631565497 1 030  223   17.00
200631565856 1 030  123   11.32
200631565959 1 030  123   11.32
200631566328 19930  123   11.32
200631566367 1 030  123   11.32
200631566378 1 030  123   11.32
200631566431 1 130  123   11.32
200631566869 1 030  123   11.32
200631567177 1 130  123   11.32
200631568079 1 029  123   17.18
200631568617 12130  123   11.32
200631568909 1 029  124  274.94
200631568989 1 030  123   11.32
200631569393 1 130  123   11.32
200631569512 1 130  123   11.32
200631570262 1 830  123   11.32
200631719193 1 044  133   45.09
200631720176 1 044  234  270.56
200631720470 1 044  134  270.56
200631720512 1 044  133   45.09
200631800413 1 046  233   22.46
200631800734 1 046  333   22.46
200631801562 1 046  133   22.46
200631802108 1 046  534  269.57
200631802202 1 046  233   22.46
200631825143 12146  133   22.46
200631826093 1 046  333   22.46
200631826643 12146  133   22.46
200631826814 1 046  133   22.46
200631827700 1 046  133   22.46
200631827882 1 046  233   22.46
200631828002 12146  733   52.01
200631830743 1 046  133   22.46
200632018664 1 061  233   34.72
200632018693 1 061  333   34.72
200632018710 1 161  233   34.72
200632018818 1 161  133   34.72
200632018820 19961  133   34.72
200632018909 1 061  333   34.72
200632019069 1 161  233   34.72
200632019189 1 061  133   34.72
200632019209 1 061  133   34.72
200632019274 1 161  433   34.72
200632019351 1 161  233   34.72
200632019363 1 061  233   34.72
200632019424 1 061  335   69.43
200632019454 1 061  234  277.72
200632019499 12161  133   34.72
200632019506 19961  133   34.72
200632019598 1 061  233   34.72
200632019600 1 061  233   34.72
200632019609 1 061  433   34.72
200632019622 1 061  433   34.72
200632019624 1 061  433   34.72
200632019695 1 161  133   34.72
200632019750 1 161  233   34.72
200632019797 1 061  133   34.72
200632019813 14061  133   34.72
200632019846 1 061  233   34.72
200632019851 14061  236  104.14
200632019859 1 061  233   34.72
200632019888 1 061  433   34.72
200632019909 1 061  533   34.72
200632019922 14061  136  104.14
200632020036 1 061  133   34.72
200632020103 1 161  333   34.72
200632020124 14261  133   34.72
200632020167 1 061  533   34.72
200632020186 1 161  233   34.72
200632020314 1 161  133   34.72
200632020314 14061  133   34.72
200632020316 1 061  133   34.72
200632020376 1 061  133   34.72
200632020404 1 061  233   34.72
200632020725 1 161  233   34.72
200632020726 1 061  233   34.72
200632021009 1 061  233   34.72
200632021014 1 161  233   34.72
200632021105 1 061  433   34.72
200632021159 1 061  133   34.72
200632021291 1 061  133   34.72
200632021366 12161  233   34.72
200632021386 1 061  133   34.72
200632021502 1 061  233   34.72
200632021518 1 061  433   34.72
200632021574 1 161  133   34.72
200632021597 14061  133   34.72
200632021604 1 061  133   34.72
200632021735 1 061  132   34.72
200632021766 12161  133   34.72
200632021770 12161  133   34.72
200632021936 1 061  233   34.72
200632021991 1 161  533   34.72
200632022010 1 061  133   34.72
200632022116 1 061  133   34.72
200632022128 1 061  233   34.72
200632022232 1 061  233   34.72
200632022273 1 061  133   34.72
200632022332 1 061  233   34.72
200632022401 14061  133   34.72
200632022406 14061  133   34.72
200632022482 1 161  333   34.72
200632022535 1 161  233   34.72
200632022565 1 061  333   34.72
200632022645 1 161  231   34.72
200632022672 1 161  133   34.72
200632022715 1 061  433   34.72
200632022751 12261  133   34.72
200632022756 1 161  133   34.72
200632022775 1 061  533   34.72
200632022914 1 061  233   34.72
200632022944 1 061  133   34.72
200632022960 1 061  133   34.72
200632023082 1 061  233   34.72
200632023087 1 061  233   34.72
200632023098 12161  233   34.72
200632023210 1 061  133   34.72
200632023228 1 061  133   34.72
200632023247 12161  233   34.72
200632023282 14061  133   34.72
200632023284 1 061  133   34.72
200632023297 1 061  133   34.72
200632023323 1 061  233   34.72
200632023346 14061  133   34.72
200632023366 12161  133   34.72
200632023390 1 161  233   34.72
200632141866 1 062  231   24.55
200632141866 2 062  231   24.55
200632141876 1 862  333   24.55
200632142941 1 062  433   24.55
200632143322 1 063  133   13.96
200632143986 1 162  333   24.55
200632144283 12163  134  279.24
200632144642 1 163  133   13.96
200632144687 1 063  133   13.96
200632145396 1 063  133   13.96
200632145509 1 062  133   24.55
200632146034 1 063  133   13.96
200632146065 1 063  133   13.96
200632146799 12162  233   24.55
200632147431 1 063  133   13.96
200632147639 1 062  233   24.55
200632147639 2 062  233   24.55
200632148560 1 062  133   24.55
200632149089 1 163  133   13.96
200632149106 12163  133   13.96
200632149208 1 062  233   24.55
200632246857 1 064  133   18.88
200632247256 12164  133   18.88
200632248543 1 064  133   18.88
200632250183 1 064  133   18.88
200632250481 1 064  134  273.77
200632251000 1 064  133   18.88
200632251794 1 064  133   18.88
200632324681 1 171  224  271.63
200632324940 1 071  223   12.35
200632325906 1 071  323   12.35
200632326415 1 071  423   12.35
200632327075 1 071 1024  243.39
200632327215 1 171  223   12.35
200632327246 1 171  323   12.35
200632327439 1 171  223   12.35
200632327752 1 071  523   12.35
200632327863 1 071 1023   81.13
200632328070 1 071  223   12.35
200632328295 1 071  223   12.35
200632328962 1 071  123   12.35
200632329032 1 071  223   12.35
200632330116 1 071  223   12.35
200632330901 1 071  223   12.35
200632461897 1 177  643   14.64
200632462017 1 177  143   14.64
200632462029 1 177  143   14.64
200632462058 1 177  143   14.64
200632462617 1 077  143   14.64
200632462815 1 077  143   14.64
200632463083 1 177  143   14.64
200632463335 1 077  143   14.64
200632463361 1 077  143   14.64
200632463529 1 077  143   14.64
200632463811 1 077  243   14.64
200632467026 1 077  143   14.64
200632467279 1 077  243   14.64
200632467881 1 077  143   14.64
200632468346 1 177  142    7.32
200632469311 1 177  143   14.64
200632469780 1 177  143   14.64
200632470899 1 077  143   14.64
200632472217 1 077  143   14.64
200632474212 1 177  142    7.32
200632474290 1 077  643   14.64
200632475229 1 077  143   14.64
200632475279 1 077  143   14.64
200632475444 1 077  143   14.64
200632541452 1 180  343   13.13
200632541709 1 980  343   13.13
200632542349 1 080  443   13.13
200632542473 12180  343   13.13
200632542894 1 180  343   13.13
200632543448 1 080  343   13.13
200632543775 1 180  243   13.13
200632543866 1 180  543   12.53
200632543888 1 080  143   13.13
200632544329 1 080 1143   27.77
200632544359 1 080  143   13.13
200632544503 1 480  343   13.13
200632544532 1 080  543   12.53
200632544544 19980  543   12.53
200632544849 1 080  244  275.63
200632544860 1 080  243   13.13
200632545013 1 180  443   13.13
200632545634 12180  343   13.13
200632545634 22180  343   13.13
200632545647 1 180  343   13.13
200632545914 1 080  343   13.13
200632546203 1 080  143   13.13
200632546323 1 080  543   12.53
200632546345 1 080 1743   82.03
200632546439 12180  143   13.13
200632546651 1 180  344  275.63
200632546692 1 080  243   13.13
200632546794 1 180  343   13.13
200632546804 1 080  343   13.13
200632547169 1 080  543   12.53
200632548124 1 080  343   13.13
200632549012 1 080  843   13.63
200632549264 1 080  443   13.13
200632549404 1 080 1144  277.65
200632549478 1 080  343   13.13
200632550192 12180  242    6.56
200632683552 1 192 1523   16.06
200632685149 1 092 1523   16.06
200632685420 1 492  123   16.79
200632690214 1 192  122    3.36
200632706497 1 093  223   94.56
200632848650 1 095  144  272.84
200632849314 1 195  143   18.19
200632849434 1 095  142    6.06
200632851124 1 095  144  272.84
200632852377 1 195  143   18.19
200632852759 1 095  143   18.19
200632853891 1 195  443   15.16
200632854399 1 095  243   15.16
200632855260 12195  143   18.19
200632855294 1 095  146  121.26
200632855294 2 095  146  121.26
200632855531 1 095  143   18.19
200632856228 1 095  443   15.16
200632857163 1 095  743   12.07
200632857830 1 095  143   18.19
200632858075 1 095  143   18.19
200632858328 1 195  143   18.19
200632858366 1 095  143   18.19
200632860520 1 095  143   18.19
200632861017 1 095  443   15.16
200632861138 1 095  443   15.16
200633414846 1 1 6 1413   11.62
200633414875 199 6  413   17.24
200633415342 1 0 6 1113   17.88
200633415665 1 1 6 2614  283.40
200633415686 1 1 6  713   16.46
200633415790 1 1 6  513   16.36
200633415799 1 1 6  513   16.36
200633416385 121 6 2613   20.24
200633416431 1 0 6 1413   11.62
200633416486 1 1 6  513   16.36
200633416500 1 1 6  513   16.36
200633416604 1 1 6 2614  283.40
200633416650 1 1 6 2012   14.82
200633416763 1 0 6 1413   11.62
200633416772 1 1 6  113   16.58
200633416779 1 0 6 1113   17.88
200633416856 1 0 6 2013   14.82
200633417054 1 0 6  713   16.46
200633417054 2 0 6  713   16.46
200633417056 199 6 1413   11.62
200633417060 1 0 6 1413   11.62
200633417119 1 0 6  513   16.36
200633417148 199 6 2013   14.82
200633417179 1 0 6  213   16.58
200633417186 199 6  413   17.24
200633417365 199 6 1113   17.88
200633417426 199 6 2013   14.82
200633417433 1 0 6 1413   11.62
200633417622 1 0 6  713   16.46
200633417654 199 6 1413   11.62
200633417771 1 1 6  513   16.36
200633417790 1 0 6 2013   14.82
200633418000 1 0 6 2013   14.82
200633418081 1 0 6 2013   14.82
200633418092 199 6 1413   11.62
200633418142 1 0 6 2613   20.24
200633418160 1 1 6 2614  283.40
200633418163 1 0 6 2013   14.82
200633418282 1 0 6 1414  278.90
200633418369 199 6  713   16.46
200633418406 199 6 1113   17.88
200633418503 1 1 6  113   16.58
200633418553 1 1 6 1113   17.88
200633418609 199 6 1114  277.18
200633418713 1 0 6 2013   14.82
200633418807 199 6 1413   11.62
200633419388 121 6  413   17.24
200636015928 1 150  134  276.12
200636016034 1 150  433   13.81
200636017431 1 050  133   13.81
200636017527 1 050  333   13.81
200636018166 1 050  333   13.81
200636018762 1 150  433   13.81
200636019271 1 050  133   13.81
200636020195 1 150  533   13.81
200636020538 12150  133   13.81
200636022150 1 150  133   13.81
200636022298 12150  233   13.81
200636023322 1 150  733   13.68
200643704550 1 078  343   55.32
200643704574 1 078  143   55.32
200643704735 1 178  144  276.59
200643704749 1 178  143   55.32
200643704839 1 078  143   55.32
200643704844 12178  143   55.32
200643704855 1 078  143   55.32
200643704905 1 078  143   55.32
200643705072 1 078  143   55.32
200643705090 12178  143   55.32
200643705236 1 878  143   55.32
200643705250 1 078  143   55.32
200643705275 1 178  343   55.32
200643705394 1 078  143   55.32
200643705429 1 078  143   55.32
200643705483 1 078  143   55.32
200643705551 1 078  143   55.32
200643705625 1 078  143   55.32
200643705626 1 078  146  110.64
200643705753 1 178  143   55.32
200643705758 1 078  143   55.32
200643705760 1 078  143   55.32
200643705788 1 078  143   55.32
200643705840 1 078  143   55.32
200643706221 1 078  143   55.32
200643706324 1 078  143   55.32
200643706775 1 178  143   55.32
200644002840 19975  443   16.15
200648601800 1 079  143   11.09
200650409730 19911  126  114.30
200653507498 1 175  343   16.15
200653507671 12175  343   16.15
200653507697 1 175  344  274.56
200653507703 1 175  343   16.15
200653507762 1 175  343   16.15
200653508475 19975  343   16.15
200653508481 12175  343   16.15
200658400151 19975  343   16.15
200659636055 19994  144  267.91
200659636058 1 194  143   15.76
200659636102 19994  144  267.91
200659636110 19994  143   15.76
200659636351 1 194  143   15.76
200659636463 19994  343   15.76
200659636486 1 194  343   15.76
200659636624 19994  143   15.76
200659636637 1 094  144  267.91
200659636639 19994  143   15.76
200659636770 19994  243   15.76
200659636828 19994  443   15.76
200659637104 19994  343   15.76
200659637105 19994  343   15.76
200659637200 1 194  344  267.91
200659637268 19994  143   15.76
200659637353 19994  243   15.76
200659637666 19994  143   15.76
200659637710 1 194  343   15.76
200659637864 1 094  143   15.76
200659638146 1 194  143   15.76
200659638246 12194  343   15.76
200659638269 12194  343   15.76
200659638390 19994  143   15.76
200659638418 1 094  143   15.76
200659638418 2 094  143   15.76
200659638467 19994  143   15.76
200659638485 19994  143   15.76
200659638509 19994  243   15.76
200659638736 19994  143   15.76
200659638756 12294  143   15.76
200659638870 1 194  343   15.76
200659638923 19994  143   15.76
200659638928 19994  143   15.76
200659639005 1 094  243   15.76
200659639013 19994  243   15.76
200659639029 19994  243   15.76
200659639036 1 094  243   15.76
200659639076 19994  443   15.76
200659639097 1 094  443   15.76
200659639099 19994  443   15.76
200659639165 1 194  143   15.76
200659639196 1 194  143   15.76
200659639198 19994  144  267.91
200659639231 19994  143   15.76
200659639244 1 194  144  267.91
200659639275 1 194  243   15.76
200659639308 19994  343   15.76
200659639443 1 194  143   15.76
200659639456 1 194  143   15.76
200659639459 19994  143   15.76
200659639477 1 194  145   63.04
200659639494 19994  143   15.76
200659639507 1 194  143   15.76
200659639860 1 894  343   15.76
200659639881 19994  343   15.76
200659640027 1 094  243   15.76
200659640032 12194  243   15.76
200659640085 1 094  443   15.76
200659640317 19994  343   15.76
200659640353 1 094  143   15.76
200659640362 1 194  143   15.76
200659640365 19994  143   15.76
200659640425 1 094  243   15.76
200659640498 19994  143   15.76
200659640507 19994  143   15.76
200659640536 1 194  143   15.76
200659640608 19994  445   63.04
200659640715 12194  243   15.76
200659640831 19994  143   15.76
200659640942 19994  343   15.76
200659641050 19994  243   15.76
200659641063 19994  243   15.76
200659641082 19994  143   15.76
200659641084 1 094  143   15.76
200659641125 1 094  143   15.76
200659641128 1 194  143   15.76
200659641164 1 194  143   15.76
200659641313 1 094  243   15.76
200659641367 19994  143   15.76
200659641392 19994  143   15.76
200659641406 1 094  143   15.76
200659641424 1 894  143   15.76
200659641461 1 194  343   15.76
200659641666 1 194  143   15.76
200659641690 1 094  144  267.91
200659641858 19994  443   15.76
200659642235 1 194  143   15.76
200659642303 1 094  243   15.76
200659642498 19994  143   15.76
200659642774 1 094  243   15.76
200659644264 19994  143   15.76
200662402857 1 179  143   11.09
200662402861 1 079  143   11.09
200662402868 19979  143   11.09
200662403128 1 079  143   11.09
200662403133 1 079  143   11.09
200662403184 1 079  743   11.09
200662403196 1 079  744  277.35
200662403245 1 079  743   11.09
200662404068 1 079  144  277.35
200662404078 1 179  143   11.09
200669901417 1 443  333   12.22
200669901674 1 043  333   12.22
200670010059 12143  133   12.22
200670010901 1 043  133   12.22
200670012415 1 043  133   12.22
200670013419 1 043  133   12.22
200670107648 1 043 1033   57.35
200670107870 1 043 1033   57.35
200670108032 1 443 1033   57.35
200670108806 1 043  233   12.22
200670303674 1 042  133   16.67
200670304138 1 042  133   16.67
200670304490 12142  133   16.67
200670402721 1 142  433   16.67
200670402721 2 142  433   16.67
200671001340 1 443  133   12.22
200671001524 1 443  133   12.22
200671001787 1 443  133   12.22
200671002041 1 443  133   12.22
200671003017 1 043  133   12.22
200671003600 1 043  133   12.22
200690507042 1 142 1133   11.90
200690507135 1 042 1133   11.90
200690507299 1 042 1132   11.90
200690507534 12142 1133   11.90
200690507661 1 042 1135   59.51
200690507778 1 042 1133   11.90
200690507964 1 042 1133   11.90
200690508096 1 042 1133   11.90
200690508233 12142 1133   11.90
200690508246 12142 1133   11.90
200690508739 1 042 1133   11.90
200690508928 1 042 1133   11.90
200690613557 1 047 1033   93.97
200690613900 1 047  133   19.61
200690614445 19947  734  268.72
200690614495 1 047  433   19.61
200690614638 1 047  133   19.61
200690614814 1 047  233   19.61
200690615006 1 047  233   19.61
200690615863 19947  133   19.61
200690617156 1 047  133   19.61
200690711819 12150  533   13.81
200690711837 1 050  733   13.68
200690712663 1 050  233   13.81
200690713080 1 050  233   13.81
200690713086 1 050  234  276.12
200690713395 1 050  533   13.81
200690713503 1 050  733   13.68
200690715636 1 050  733   13.68
200693522823 1 121  213   16.25
200693524674 1 021  413   16.25
200693525549 1 021  413   16.25
200693525799 1 121  213   16.25
200693525835 1 021  913   15.90
200693526801 1 121  213   16.25
200693620191 1 031  423   61.52
200693620191 2 031  423   61.52
200693620573 1 031  323   61.52
200693620696 1 031  223   61.52
200693621174 1 031  323   61.52
200693621180 1 031  323   61.52
200693621194 1 031  323   61.52
200693621255 1 031  424  246.10
200693621540 1 129  523   43.97
200693621636 1 031  324  246.10
200693621798 12129  523   43.97
200693671726 1 031  324  246.10
