200600052977 1 1 327  136    118.03
200600052977 2 2 427  136    118.03
200600053165 1 1 327  234    272.37
200600053166 1 11427  231      9.08
200600053352 1 1 327  136    118.03
200600053352 2 2 327  136    118.03
200600053384 2 1 327  136    118.03
200600053387 2 1 327  135     54.47
200600053471 1 11427  135     54.47
200600053521 1 1 427  136    118.03
200600053521 2 2 327  136    118.03
200600053646 1 11427  134    272.37
200600054192 2 1 327  131      9.08
200600054261 1 11427  136    118.03
200600054280 1 1 127  131      9.08
200600054316 2 1 227  131      9.08
200600054690 1 1 227  436    118.03
200600055169 1 1 427  134    272.37
200600055233 1 1 327  136    118.03
200600055359 1 1 427  133     18.16
200600055475 4 1 427  231      9.08
200600055539 1 1 127  234    272.37
200600055639 2 1 327  231      9.08
200600055663 1 1 327  234    272.37
200600055737 1 1 327  236    118.03
200600055920 2 1 427  131      9.08
200600056194 1 1 227  234    272.37
200600056194 2 2 427  234    272.37
200600056503 1 1 427  131      9.08
200600056649 2 11327  136    118.03
200600056692 1 1 327  136    118.03
200600056692 2 2 127  136    118.03
200600056744 1 11327  132      9.08
200600057471 2 11327  136    118.03
200600057653 2 1 327  136    118.03
200600057737 1 1 227  236    118.03
200600057811 2 11427  236    118.03
200600058032 1 1 427  234    272.37
200600058104 2 1 327  236    118.03
200600058180 1 1 127  231      9.08
200600058436 1 1 127  131      9.08
200600058642 3 1 327  131      9.08
200600058853 1 11227  231      9.08
200600059033 1 1 427  231      9.08
200600059219 1 1 427  136    118.03
200600059761 1 1 427  136    118.03
200600060120 1 1 327  432      9.08
200600060327 1 1 127  133     18.16
200600060335 1 1 227  136    118.03
200600060335 2 2 227  136    118.03
200600060656 2 1 427  231      9.08
200600060827 1 1 327  134    272.37
200600061060 2 1 427  332      9.08
200600062061 3 1 327  131      9.08
200600062336 1 1 427  231      9.08
200600062922 2 1 327  135     54.47
200600063012 1 1 127  135     54.47
200600063307 1 1 327  134    272.37
200600063733 1 1 327  234    272.37
200600064110 2 1 427  231      9.08
200600064116 1 1 327  234    272.37
200610411883 1 1 3 2  314    271.46
200610412001 1 113 2 1614    319.94
200610412383 1 1 1 2  314    271.46
200610412629 1 1 4 2  414    269.43
200610412802 1 1 3 2  414    269.43
200610412802 2 2 3 2  414    269.43
200610413034 3 1 1 2  315     54.29
200610413034 4 2 4 2  315     54.29
200610413034 5 3 1 2  315     54.29
200610413219 1 1 3 2  314    271.46
200610413234 1 1 4 2 1013     89.85
200610413280 1 1 3 2 1014    269.56
200610413308 2 1 1 2  316    108.58
200610413704 1 1 3 2 1014    269.56
200610413760 1 1 1 2  614    295.68
200610413821 1 1 3 2 1014    269.56
200610413861 2 1 3 2 1614    319.94
200610413964 1 1 2 2  114    271.46
200610413981 1 1 4 2 1011     89.85
200610414053 1 1 1 2  112     27.15
200610414074 1 1 4 2  114    271.46
200610414119 1 1 1 2  416    107.77
200610414297 3 1 1 2  216    108.58
200610414571 1 1 3 2  414    269.43
200610414619 1 1 1 2  916    115.05
200610414932 1 1 4 2  614    295.68
200610738904 1 1 3 3 2114    276.89
200610739000 2 113 3  116    119.56
200610739076 1 1 3 3 1614    273.35
200610739090 1 1 1 3  314    274.25
200610739134 1 1 3 3 1314    273.02
200610739675 1 1 3 3  714    273.00
200610739765 1 113 3 2114    276.89
200610739793 1 1 3 3 1614    273.35
200610739832 2 1 2 3 1612      7.81
200610739869 1 113 3  314    274.25
200610739883 2 1 3 3  312      5.08
200610740096 1 1 3 3  714    273.00
200610740200 1 114 3  114    273.99
200610740500 1 1 4 3 2114    276.89
200610740736 1 1 3 3 2114    276.89
200610740809 1 1 2 3  414    273.60
200610742015 1 1 4 3  712      5.06
200610742078 2 1 4 3  815     59.59
200610742203 1 1 3 3  114    273.99
200610742465 1 1 4 3  111      2.49
200610742471 1 1 1 3  714    273.00
200610742538 1 1 3 3  314    274.25
200610742754 1 111 3 1614    273.35
200610742841 1 1 4 3  814    273.13
200610742955 1 1 2 3  714    273.00
200610743023 1 1 3 3 1314    273.02
200610743228 1 1 1 3 1014    272.65
200610743293 1 1 4 3  813     14.90
200610743314 1 1 2 3  114    273.99
200610743335 1 1 3 3  714    273.00
200610743399 1 1 2 3  814    273.13
200610743820 1 1 3 3 1614    273.35
200610743881 2 1 1 3  312      5.08
200610743881 3 2 3 3  312      5.08
200610744057 1 1 1 3  314    274.25
200610744219 6 1 1 3  412      4.97
200610744398 1 1 3 3 1311      7.38
200610744401 1 1 4 3 1311      7.38
200610744423 1 1 3 3  115     57.29
200610744533 1 1 1 3 2114    276.89
200610744903 1 112 3  314    274.25
200610745022 2 1 4 3  812      4.97
200610745178 1 1 3 3  414    273.60
200610745344 1 1 1 3  314    274.25
200610745551 1 1 3 3 1014    272.65
200610745650 3 1 4 3  811      4.97
200610745650 4 2 2 3  811      4.97
200610745924 1 1 3 3 2114    276.89
200610746011 1 1 3 3 1614    273.35
200610746057 1 1 4 3  816    119.18
200610746119 2 1 4 3 2115     58.29
200610746637 1 1 3 3  714    273.00
200610746708 2 1 4 3  412      4.97
200610746876 2 1 4 3  712      5.06
200610747297 1 1 4 3  114    273.99
200610747433 1 1 3 3 1014    272.65
200610747632 1 1 3 3  314    274.25
200610748115 1 1 1 3 1314    273.02
200610748300 1 1 4 3 1614    273.35
200610748308 1 1 2 3  811      4.97
200610748315 1 113 3  814    273.13
200610748376 1 1 3 3 2115     58.29
200610748376 2 2 1 3 2115     58.29
200610748465 1 1 3 3  714    273.00
200610748503 1 1 1 3 2114    276.89
200610748671 1 1 2 3  314    274.25
200610748683 1 1 4 3 2115     58.29
200610748847 1 1 3 3  814    273.13
200610748884 1 1 4 3  714    273.00
200610749182 2 1 4 3 2116    116.59
200610749213 2 1 4 3 1611      7.81
200610749232 1 1 1 3  313     15.24
200610749401 1 1 4 3  712      5.06
200610749496 5 199 3 2111     14.57
200610749523 1 1 4 3 1014    272.65
200610749831 2 1 1 3 1011      4.78
200610750050 2 1 3 3 2112     14.57
200611129620 2 1 3 4  115     52.19
200611129687 2 111 4  615     54.27
200611129829 1 1 4 4 1714    243.19
200611130000 1 114 4 1714    243.19
200611130209 1 1 3 4  214    273.98
200611130215 1 1 3 4 1714    243.19
200611130254 1 111 4 1116    118.72
200611130350 1 1 2 4  714    271.37
200611130373 1 112 4  414    273.98
200611130647 1 112 4  116    117.42
200611130972 1 114 4 1116    118.72
200611131049 1 1 3 4  114    273.98
200611131103 1 1 4 4  316    117.42
200611131219 1 1 3 4  114    273.98
200611131492 1 1 2 4 1713    121.59
200611131681 1 113 4  614    271.37
200611131719 1 1 3 4  414    273.98
200611131720 1 1 4 4  413     13.05
200611131880 2 114 4 1716    121.59
200611132037 1 1 3 4  214    273.98
200611132137 1 1 3 4  415     52.19
200611132144 1 114 4  413     13.05
200611132182 1 114 4  116    117.42
200611132325 1 1 3 4 1114    296.81
200611132962 1 1 4 4  411     13.05
200611133144 1 1 3 4 1114    296.81
200611133254 1 1 2 4  713     33.92
200611133259 1 114 4  611     27.14
200611133561 1 114 4  311     13.05
200611133561 4 2 3 4  311     13.05
200611133616 1 1 1 4  714    271.37
200611133835 1 1 3 4  614    271.37
200611133894 1 114 4  314    273.98
200611133939 1 1 4 4  214    273.98
200611134036 1 112 4  616    108.55
200611134232 1 112 4 1714    243.19
200611134508 2 1 3 4  211     13.05
200611134557 1 1 3 4  214    273.98
200611135145 1 1 1 4  114    273.98
200611135215 1 1 4 4  416    117.42
200611135340 1 112 4  614    271.37
200611135980 1 1 3 4  214    273.98
200611136274 1 114 4 1114    296.81
200611136387 1 1 3 4  314    273.98
200611137456 1 1 1 4  314    273.98
200611137542 1 1 3 4  614    271.37
200611137567 1 1 3 4  214    273.98
200611137567 2 212 4  214    273.98
200611137674 1 112 4  214    273.98
200611137840 1 111 4  316    117.42
200611138436 1 114 4  714    271.37
200611138478 1 113 4 1714    243.19
200611138551 1 1 4 4  614    271.37
200611138583 1 1 3 4  314    273.98
200611506679 1 111 5 2716     99.08
200611506847 1 1 4 5  815     65.83
200611506973 1 1 3 5  316    121.51
200611507034 3 199 5 2715     49.54
200611507090 1 112 5 2716     99.08
200611507156 1 1 4 5 1616    112.12
200611507163 2 1 1 5  815     65.83
200611507163 5 2 4 5  815     65.83
200611507176 1 111 5 2215     61.42
200611507345 1 1 4 5 2211     30.71
200611507985 2 1 1 5 2715     49.54
200611508066 1 1 4 5  816    115.21
200611508718 1 1 4 5  816    115.21
200611508728 2 1 4 5 2716     99.08
200611508857 1 1 2 5  316    121.51
200611508890 1 1 3 5  816    115.21
200612001119 2 1 3 6  716    120.73
200612001119 3 2 3 6  716    120.73
200612001119 4 3 3 6  716    120.73
200612001119 5 4 3 6  716    120.73
200612001143 1 1 4 6  415     57.46
200612001143 2 2 4 6  415     57.46
200612001353 1 1 4 6  711      5.49
200612406309 2 113 8 1516    113.53
200612406418 1 1 1 811815     98.86
200612406421 1 1 3 811916     98.86
200612406421 2 2 3 811916     98.86
200612406492 1 1 2 8 1515     56.76
200612406492 2 2 3 8 1515     56.76
200612406541 1 1 2 8 4716    117.17
200612406541 2 213 8 4716    117.17
200612406579 1 1 4 8  815     53.53
200612406695 1 1 4 8 4716    117.17
200612406696 1 112 8 4714    292.93
200612406734 1 114 8 4716    117.17
200612406812 1 114 812016     98.86
200612406824 1 1 4 8 2215     59.49
200612406824 3 2 4 8 2215     59.49
200612407002 2 1 1 8  415     62.18
200612407002 3 2 1 8  415     62.18
200612407044 1 1 4 811816     98.86
200612407137 1 1 4 8 5111     61.55
200612407301 1 1 4 811816     98.86
200612407433 3 1 1 8 6916     99.48
200612407491 1 114 8 1516    113.53
200612407520 1 1 3 8  216    115.62
200612407527 2 1 2 812015     98.86
200612407670 2 1 3 8 1516    113.53
200612407779 1 1 1 8 3316    135.46
200612407783 1 1 1 8  515     51.91
200612407794 1 1 3 8  513     17.30
200612407945 1 1 4 8 6916     99.48
200612408080 1 1 4 812016     98.86
200613005962 2 1 4 9  231      4.80
200613006263 1 114 9  532      4.80
200613006274 5 1 4 9  532      4.80
200613006518 1 1 2 9  734    273.46
200613006623 1 1 1 9  735     57.57
200613006711 1 1 4 9  232      4.80
200613007116 1 1 4 9  435     57.57
200613007250 3 1 3 9  231      4.80
200613007274 1 114 9  232      4.80
200613007665 2 112 9  735     57.57
200613007843 1 1 4 9  733     14.39
200613007922 1 114 9  532      4.80
200613007964 1 1 4 9 1332     24.30
200613008018 1 1 4 9  233     14.39
200613008196 1 1 4 9  436    119.94
200613008393 1 114 9  434    273.46
200613008426 1 1 3 9 1336    121.48
200613008847 1 1 4 9  434    273.46
200613008976 1 1 1 9  536    119.94
200613009234 1 199 9  236    119.94
200613009415 1 1 3 9 1334    267.25
200613010059 1 1 4 9  231      4.80
200613010185 1 112 9  433     14.39
200613010267 1 1 1 9  733     14.39
200613010755 1 1 4 9  132      4.80
200613010931 1 1 3 9  536    119.94
200613011181 1 1 4 9  436    119.94
200613011230 4 1 1 9  231      4.80
200613011231 1 1 1 9  231      4.80
200613012025 1 1 1 9  334    273.46
200613012343 2 1 2 9  332      4.80
200613012688 1 1 4 9 1336    121.48
200613012752 1 1 3 9  536    119.94
200613012843 1 1 4 9  132      4.80
200613012948 1 1 3 9  232      4.80
200613013105 2 1 4 9  536    119.94
200613013322 2 111 9  534    273.46
200613103950 1 1 342  131      4.17
200613104096 1 1 442  231      4.17
200613104259 1 1 342  131      4.17
200613104874 3 1 342  131      4.17
200613105489 3 1 242  131      4.17
200613106478 2 1 442  133     16.67
200613106484 1 1 442  132      4.17
200613122039 1 1 342  232      4.17
200613122190 1 1 442  134    274.97
200613122459 1 11142  133     16.67
200613122647 5 1 242  132      4.17
200613122729 4 1 342  235     58.33
200613122987 1 1 442  232      4.17
200613354201 1 11410 1524    271.93
200613355059 1 11210  524    271.39
200613355158 1 1 432  222      2.09
200613355257 2 11332  222      2.09
200613355510 1 1 310 1724    272.10
200613355624 1 11410  326    118.83
200613355863 1 1 332  224    274.26
200613356451 1 1 432  125     62.81
200613356463 1 11432  124    272.17
200613356492 1 1 332  124    272.17
200613356566 1 1 332  124    272.17
200613357164 1 11110 1724    272.10
200613357350 1 1 410  526    120.62
200613357470 1 11332  121     20.94
200613357512 1 11432  121     20.94
200613358268 1 11410 1524    271.93
200613519874 1 11311  224    266.71
200613520204 1 11211  724    293.93
200613520419 1 1 311  526    114.30
200613520454 1 1 311  224    266.71
200613520846 2 1 211  325     57.15
200613520906 1 1 311  524    266.71
200613520933 1 11411  324    266.71
200613520972 1 1 111  224    266.71
200613521497 1 11411  524    266.71
200613521682 1 1 411  224    266.71
200613521761 1 1 411  224    266.71
200613521796 1 11211  524    266.71
200613521812 1 1 311  224    266.71
200613521861 3 11311  525     57.15
200613521861 4 2 211  525     57.15
200613522653 3 11411  721     48.99
200613522653 4 21211  721     48.99
200613522845 1 11211  724    293.93
200613523056 1 1 411  126    114.30
200614032567 1 11412  125     56.72
200614032605 1 11212  124    277.31
200614033003 1 1 112  122      6.30
200614033411 1 11412  924    270.24
200614033436 1 1 112  124    277.31
200614033628 1 11212  124    277.31
200614033793 1 1 312  124    277.31
200614033905 2 1 112  124    277.31
200614034079 1 1 312  124    277.31
200614034129 1 1 412 1426     83.69
200614034389 1 11212  924    270.24
200614035286 1 1 412  126    119.75
200614035464 1 1 312  924    270.24
200614036005 1 1 312  124    277.31
200614036611 1 11412  124    277.31
200614037332 1 1 412  121      6.30
200614037544 1 1 112  124    277.31
200614037787 3 1 212  121      6.30
200614037953 2 11112  125     56.72
200614037972 1 1 412  124    277.31
200614038269 1 1 412  121      6.30
200614038822 1 1 312  124    277.31
200614039413 1 11312  121      6.30
200614039445 1 11412  124    277.31
200614040436 1 1 412  424    277.31
200614040652 1 11412  322      6.30
200614041004 1 11412  124    277.31
200614718015 1 1 313  124    272.77
200614718047 3 11313  226    116.90
200614718095 1 11413  624    272.77
200614718193 1 11213  224    272.77
200614718255 1 1 313  124    272.77
200614718332 1 11213  124    272.77
200614718575 1 1 113  124    272.77
200614718796 1 1 113  123     38.97
200614718959 1 1 413  124    272.77
200614719185 1 11113  626    116.90
200614719382 1 11213  224    272.77
200614719531 1 1 313  624    272.77
200614719536 1 11213  425     38.97
200614719943 1 11213  624    272.77
200614719972 1 1 313  124    272.77
200614720036 1 11413  126    116.90
200614720201 1 1 413  123     38.97
200614720213 1 11213  124    272.77
200614720454 1 11413  426    116.90
200614720499 1 11113  624    272.77
200614720624 1 11213  124    272.77
200614720688 1 11413  222     38.97
200614720710 2 1 213  226    116.90
200614720727 1 1 313  124    272.77
200614720799 1 11213  124    272.77
200614720876 1 11413  124    272.77
200614720876 2 21413  124    272.77
200614721053 1 11213  124    272.77
200614721092 1 11213  624    272.77
200614721153 1 11213  124    272.77
200614721178 1 11213  126    116.90
200614721228 1 1 313  524    272.77
200614721297 1 11413  124    272.77
200614721309 1 1 313  624    272.77
200614721371 1 1 313  125     38.97
200614721546 1 1 313  124    272.77
200614721554 1 11413  124    272.77
200614721941 1 11213  124    272.77
200614722085 1 11213  124    272.77
200614722218 1 11413  124    272.77
200614722257 1 11313  326    116.90
200614722546 1 11413  626    116.90
200614722791 1 11413  325     38.97
200614722791 2 1 313  325     38.97
200614722798 1 11413  224    272.77
200614722856 1 1 313  124    272.77
200614722857 2 11413  126    116.90
200614723146 1 1 413  124    272.77
200614723229 1 1 413  622     38.97
200614723250 1 11413  624    272.77
200614723310 1 11213  124    272.77
200614723320 1 11413  123     38.97
200614820333 1 1 421  514    273.84
200614820889 1 1 321  514    273.84
200614821418 1 1 321  514    273.84
200614823200 1 1 421  514    273.84
200614823232 1 19921 1116    123.05
200614823572 1 11421 1114    272.46
200615330070 1 1 275  544    281.33
200615420013 2 11141  136    120.32
200615420048 1 1 441  134    270.72
200615420304 2 1 441  234    270.72
200615420557 1 1 241  134    270.72
200615420825 2 1 441  131     10.03
200615420871 2 11141  231     10.03
200615421002 3 1 441  335     60.16
200615421256 1 1 441  234    270.72
200615421324 1 1 441  233     20.05
200615421562 1 1 441  236    120.32
200615421722 2 1 341  235     60.16
200615421722 3 2 241  235     60.16
200615422499 1 1 441  134    270.72
200615423011 1 1 441  134    270.72
200615423138 2 1 241  234    270.72
200615423160 1 1 441  134    270.72
200615423242 2 1 441  233     20.05
200615423281 1 1 441  134    270.72
200615423362 1 1 441  234    270.72
200615423397 1 1 441  232     10.03
200615423406 3 11441  133     20.05
200615423848 1 1 341  134    270.72
200615424108 1 1 341  134    270.72
200615424424 1 1 441  234    270.72
200615424587 1 1 341  336    120.32
200615424692 1 1 441  134    270.72
200615424704 1 1 441  133     20.05
200615425311 2 1 441  131     10.03
200615425311 3 21341  131     10.03
200615425316 1 1 341  135     60.16
200615425316 5 1 341  135     60.16
200615425577 1 1 341  131     10.03
200615425620 2 1 341  233     20.05
200615425633 1 1 441  331     10.03
200615425660 1 1 241  235     60.16
200615425660 2 2 241  235     60.16
200615425692 4 11241  231     10.03
200615425997 1 1 241  234    270.72
200615426122 1 1 341  235     60.16
200615426203 1 1 441  431     10.03
200615426215 1 1 341  132     10.03
200615426253 2 11141  136    120.32
200615426253 4 21241  136    120.32
200615426428 2 11141  134    270.72
200615426594 1 11241  131     10.03
200615426645 1 1 241  234    270.72
200615426892 6 1 141  136    120.32
200615426984 2 1 441  232     10.03
200615427200 1 11441  336    120.32
200615427266 1 1 141  234    270.72
200616107914 1 11243  336    122.22
200616108158 1 1 443  634    289.92
200616108158 2 2 143  634    289.92
200616108441 1 1 443  136    122.22
200616108441 2 2 443  136    122.22
200616109686 1 11243  334    281.09
200616109793 1 11243  334    281.09
200616110264 1 11443  634    289.92
200616110520 1 1 243  134    281.09
200616110599 2 11443  133     12.22
200616111704 1 11443  334    281.09
200616112251 2 1 243  333     12.22
200616503556 1 1 145  136    121.27
200616504597 1 11145  234    272.87
200616506028 1 1 145  131     10.11
200616506202 1 1 145  134    272.87
200616506407 1 1 445  134    272.87
200616507135 1 11245  136    121.27
200616507405 1 1 345  132     10.11
200616508221 4 1 445  131     10.11
200616508644 1 1 345  134    272.87
200616510109 1 1 345  134    272.87
200616510756 1 11445  131     10.11
200616510851 1 1 445  136    121.27
200616511277 1 1 445  234    272.87
200616512512 1 1 145  134    272.87
200616512532 2 1 345  232     10.11
200616514291 2 1 445  136    121.27
200616515099 1 1 445  236    121.27
200616515429 1 1 245  234    272.87
200616518352 2 1 345  235     60.64
200616518809 1 1 345  234    272.87
200616519347 1 1 345  134    272.87
200616519535 1 1 445  231     10.11
200617112969 1 11451  134    238.97
200617112977 1 1 351  136     79.66
200617113010 1 1 351  134    238.97
200617113055 1 1 151  136     79.66
200617113056 1 1 251  134    238.97
200617113075 1 1 351  134    238.97
200617113078 1 1 451  134    238.97
200617113100 1 1 451  134    238.97
200617113100 2 2 251  134    238.97
200617113100 3 3 351  134    238.97
200617113181 1 1 251  134    238.97
200617113192 1 1 351  134    238.97
200617113282 1 1 351  134    238.97
200617113363 3 1 451  135     79.66
200617113384 1 1 351  134    238.97
200617113414 1 1 151  136     79.66
200617113503 1 1 351  136     79.66
200617113503 2 2 451  136     79.66
200617113565 1 1 251  134    238.97
200617113570 1 1 151  136     79.66
200617113580 1 1 151  134    238.97
200617113582 2 1 351  133     79.66
200617113652 1 1 351  134    238.97
200617113688 1 1 251  136     79.66
200617113696 1 1 451  135     79.66
200617113916 1 1 451  134    238.97
200617113919 1 1 451  134    238.97
200617113964 1 1 351  134    238.97
200617113989 1 11151  134    238.97
200617114028 1 1 251  134    238.97
200617114110 1 1 451  134    238.97
200617114162 1 1 451  133     79.66
200617114222 2 1 451  234    238.97
200617114250 1 1 351  134    238.97
200617114318 1 1 351  136     79.66
200617114413 2 1 451  233     79.66
200617114415 1 1 351  134    238.97
200617114422 2 1 451  134    238.97
200617114446 1 1 451  135     79.66
200617114454 1 1 151  136     79.66
200617114454 3 2 251  136     79.66
200617114468 1 1 451  136     79.66
200617114569 1 1 251  134    238.97
200617114607 1 11351  134    238.97
200617114619 1 11451  134    238.97
200617114619 2 21451  134    238.97
200617114619 4 31351  134    238.97
200617114630 1 1 451  134    238.97
200617114662 2 1 251  136     79.66
200617114675 1 1 351  134    238.97
200617114685 1 1 351  134    238.97
200617114719 1 1 251  134    238.97
200617114743 2 1 351  135     79.66
200617114768 1 11451  136     79.66
200617114786 1 11251  134    238.97
200617114895 1 1 351  134    238.97
200617114986 1 1 151  136     79.66
200617115043 1 1 151  134    238.97
200617115058 1 1 351  134    238.97
200617115067 1 1 451  136     79.66
200617115092 1 1 451  134    238.97
200617115100 1 1 251  134    238.97
200617115146 1 11451  136     79.66
200617115149 1 1 451  134    238.97
200617115162 1 1 451  136     79.66
200617115237 1 1 251  134    238.97
200617115336 1 1 351  236     79.66
200617115336 2 21451  236     79.66
200617115448 1 1 151  136     79.66
200617115449 1 1 251  135     79.66
200617115449 2 2 251  135     79.66
200617115508 1 1 351  136     79.66
200617115508 2 2 451  136     79.66
200617115512 2 1 251  133     79.66
200617115526 1 1 451  136     79.66
200617115617 1 1 351  134    238.97
200617115672 1 1 451  136     79.66
200617115715 1 1 451  235     79.66
200617115743 1 1 151  134    238.97
200617115754 1 1 351  134    238.97
200617115770 6 1 351  136     79.66
200617115802 1 1 451  136     79.66
200617115837 1 1 451  134    238.97
200617115842 1 19951  134    238.97
200617115843 1 1 351  135     79.66
200617115846 1 1 451  135     79.66
200617115870 1 1 251  134    238.97
200617115883 2 1 151  236     79.66
200617115920 1 1 451  134    238.97
200617115933 1 1 251  134    238.97
200617115983 1 1 151  134    238.97
200617116091 1 1 351  134    238.97
200617116139 1 1 251  136     79.66
200617116187 2 1 151  135     79.66
200617116226 1 1 351  134    238.97
200617116273 1 1 351  134    238.97
200617116319 3 1 351  136     79.66
200617116319 5 2 451  136     79.66
200617116371 1 1 351  134    238.97
200617118045 2 1 351  135     79.66
200617118155 1 1 351  134    238.97
200617224957 1 1 148  134    259.82
200617224976 1 1 248  134    259.82
200617225319 4 19948  131     51.96
200617225414 2 1 148  135     51.96
200617225614 1 1 348  334    259.82
200617225695 1 1 248  134    259.82
200617225787 1 1 348  134    259.82
200617226711 1 1 448  434    259.82
200617226713 1 1 348  436    103.93
200617226840 2 1 248  231     51.96
200617226921 1 1 348  136    103.93
200617226987 1 1 348  134    259.82
200617227230 1 1 348  334    259.82
200617227346 1 1 248  134    259.82
200617227745 2 1 148  136    103.93
200617227825 1 1 348  434    259.82
200617227941 1 1 248  334    259.82
200617228184 1 1 348  134    259.82
200617228341 1 1 448  134    259.82
200617228396 1 1 348  136    103.93
200617228396 2 2 348  136    103.93
200617228396 3 3 448  136    103.93
200617228398 1 1 248  134    259.82
200617228539 1 1 348  334    259.82
200617228575 1 1 348  233     51.96
200617228585 3 19948  231     51.96
200617228605 1 1 348  134    259.82
200617228662 1 1 348  134    259.82
200617228756 1 1 448  134    259.82
200617228907 1 1 448  134    259.82
200617228952 1 1 348  134    259.82
200617228958 3 1 448  136    103.93
200617228958 4 2 348  136    103.93
200617229063 1 1 348  134    259.82
200617229069 1 1 448  134    259.82
200617229135 3 1 248  235     51.96
200617229250 1 1 448  134    259.82
200617229317 1 1 448  134    259.82
200617229340 1 1 348  134    259.82
200617229421 1 1 348  231     51.96
200617229617 1 1 348  134    259.82
200617229905 1 1 448  136    103.93
200617230432 1 1 348  134    259.82
200617230433 1 1 348  136    103.93
200617230433 2 2 448  136    103.93
200617230571 1 1 348  134    259.82
200617230698 3 1 348  231     51.96
200617230961 1 1 448  132     51.96
200617230982 2 19948  133     51.96
200617230984 1 1 248  134    259.82
200617231016 1 1 248  134    259.82
200617231113 1 1 348  134    259.82
200617231248 1 1 448  135     51.96
200617231340 1 1 448  434    259.82
200617231375 1 1 448  133     51.96
200617231417 1 1 448  136    103.93
200617231417 3 2 348  136    103.93
200617231534 1 1 448  231     51.96
200617231587 1 1 248  136    103.93
200617231631 1 1 348  134    259.82
200617231632 1 1 448  136    103.93
200617231670 1 1 448  435     51.96
200617231739 1 1 348  134    259.82
200617231915 1 1 448  236    103.93
200617231937 1 1 248  434    259.82
200617232145 7 1 348  135     51.96
200617232170 1 1 248  134    259.82
200617232217 1 1 248  234    259.82
200617232425 1 1 448  332     51.96
200617232505 2 1 148  131     51.96
200617232511 1 1 148  136    103.93
200617232606 1 1 448  236    103.93
200617232733 2 1 348  332     51.96
200617233084 1 1 148  136    103.93
200617233103 1 1 448  136    103.93
200617233151 1 1 348  234    259.82
200617233228 1 1 448  434    259.82
200617233369 1 1 248  234    259.82
200617233382 1 1 448  232     51.96
200617233478 1 1 448  331     51.96
200617233487 1 1 348 1134    259.82
200617233596 2 1 348  232     51.96
200617600139 1 1 449  131      5.21
200617600559 1 1 449  134    276.33
200617690276 1 1 349  134    276.33
200617690320 1 1 449  132      5.21
200617690581 1 1 449  132      5.21
200617691096 1 1 349  136    119.92
200617691214 1 1 449  136    119.92
200617691353 3 1 149  131      5.21
200617691445 1 1 449  132      5.21
200617691570 2 1 449  132      5.21
200617692289 1 1 449  133     15.64
200617692830 1 1 449  132      5.21
200617692929 1 1 449  134    276.33
200617693753 1 1 249  136    119.92
200617694009 1 1 149  134    276.33
200617694420 4 1 449  131      5.21
200617694449 2 1 349  131      5.21
200617694851 1 1 449  232      2.61
200617694946 1 11449  134    276.33
200617694960 2 1 249  135     57.35
200617695049 1 1 349  135     57.35
200617695317 1 1 449  132      5.21
200617695400 1 1 149  134    276.33
200617695785 4 1 349  132      5.21
200617695972 1 1 449  132      5.21
200617695998 5 11449  132      5.21
200617696168 2 1 149  133     15.64
200617696405 1 1 449  132      5.21
200617696963 1 1 449  132      5.21
200617696964 2 1 349  131      5.21
200617697103 2 1 149  132      5.21
200617697252 1 1 149  136    119.92
200617697501 1 1 449  136    119.92
200617697719 1 11449  134    276.33
200617698160 1 1 449  132      5.21
200617698478 1 1 449  134    276.33
200617698494 2 1 449  131      5.21
200617698586 1 1 349  232      2.61
200617698586 2 2 449  232      2.61
200617698694 1 1 449  132      5.21
200617698931 1 1 349  134    276.33
200617699084 1 1 449  134    276.33
200617699291 1 1 449  136    119.92
200617699861 1 1 449  132      5.21
200617699949 1 1 349  131      5.21
200617699985 1 1 349  132      5.21
200618300197 1 1 473  224    274.52
200618470148 1 1 372  326    120.00
200618470602 2 1 372  625     60.00
200618471001 1 1 372  226    120.00
200618471262 1 1 472  222      5.00
200618471521 1 1 172  624    275.00
200618471733 1 1 372  124    275.00
200618471917 1 1 272  224    275.00
200618472081 2 1 372  122      5.00
200618472081 3 2 372  122      5.00
200618472635 1 1 472  722      2.00
200618472748 1 1 472  121      5.00
200618472773 1 1 372  624    275.00
200618473084 2 1 372  323     15.00
200618473524 2 1 372  622      5.00
200618473657 1 11272  124    275.00
200618473960 1 1 172  124    275.00
200618474231 1 1 472  425     60.00
200618474253 1 1 472  423     15.00
200618474406 2 1 472  624    275.00
200618474856 1 1 172  324    275.00
200618474912 1 1 372  324    275.00
200618475166 1 1 472  426    120.00
200618475247 1 1 372  224    275.00
200618475312 1 1 272  324    275.00
200618475509 1 1 472  124    275.00
200618475564 1 1 272  124    275.00
200618475564 2 2 272  124    275.00
200618475564 3 3 372  124    275.00
200618475722 1 1 472  424    275.00
200618475785 1 1 472  624    275.00
200618476012 1 1 372  324    275.00
200618476162 1 1 372  623     15.00
200618476382 1 1 372  322      5.00
200618476470 1 1 272  224    275.00
200618476553 1 1 372  224    275.00
200618476868 1 1 372  324    275.00
200618477246 1 1 172  624    275.00
200618477398 2 1 372  224    275.00
200618477443 2 1 172  322      5.00
200618477992 1 1 472  125     60.00
200618477997 1 1 372  122      5.00
200618478050 1 1 472  121      5.00
200618478079 1 1 372  124    275.00
200618478217 1 1 372  324    275.00
200618478426 1 1 472  621      5.00
200618478487 1 1 372  226    120.00
200618478693 1 1 372  124    275.00
200618478748 1 1 372  124    275.00
200618479071 1 1 272  322      5.00
200618479192 2 1 472  622      5.00
200618479209 1 19972  623     15.00
200618479433 1 1 272  124    275.00
200618479583 1 1 172  624    275.00
200618479640 1 1 372  224    275.00
200618480556 1 1 472  625     60.00
200618481049 1 1 472  124    275.00
200618481096 4 1 372  223     15.00
200618481434 1 1 372  624    275.00
200618481715 1 1 472  124    275.00
200618481770 1 1 372  124    275.00
200618481958 2 1 172  626    120.00
200618482550 1 1 372  223     15.00
200618482924 1 1 372  321      5.00
200618482924 2 2 172  321      5.00
200618482971 1 1 372  324    275.00
200618483433 1 1 372  624    275.00
200618483480 2 1 172  325     60.00
200618483497 2 1 272  323     15.00
200618483497 3 2 272  323     15.00
200618483762 1 1 472  122      5.00
200618483896 1 1 472  124    275.00
200618484016 1 1 372  624    275.00
200618484126 1 19972  224    275.00
200618484259 1 1 272  123     15.00
200618484454 1 1 372  324    275.00
200618485005 1 1 372  226    120.00
200618485005 2 2 372  226    120.00
200618485043 1 1 372  421      5.00
200618485082 1 1 472  424    275.00
200618485615 1 1 372  624    275.00
200618485871 2 1 472  722      2.00
200618486038 1 1 472  222      5.00
200618486070 1 1 472  223     15.00
200618486183 1 1 472  125     60.00
200618486517 1 1 372  424    275.00
200618486551 1 1 372  422      5.00
200618487038 1 1 172  121      5.00
200618487510 1 1 472  224    275.00
200618488298 1 1 372  624    275.00
200618488647 1 1 472  122      5.00
200618488772 1 1 372  124    275.00
200618489349 1 19972  624    275.00
200618489581 1 1 272  124    275.00
200618489691 1 1 372  124    275.00
200618490287 1 1 272  226    120.00
200618490313 1 1 272  224    275.00
200618490489 1 1 272  124    275.00
200618492038 1 1 472  421      5.00
200618932454 2 19973  522     10.13
200618932479 1 1 373  223     16.47
200618932914 1 1 173  124    274.52
200618933403 1 1 373  222      5.49
200618933403 2 2 473  222      5.49
200618933750 1 1 173  224    274.52
200618933756 3 1 473  222      5.49
200618934124 1 1 373  124    274.52
200618934291 1 1 473  522     10.13
200618934365 1 1 373  223     16.47
200618934424 1 1 473  221      5.49
200618934527 1 19973  124    274.52
200618934555 1 1 373  125     60.39
200618934883 1 1 373  124    274.52
200618934967 1 1 373  524    273.40
200618935239 1 11473 1024    287.33
200618935264 2 11273  221      5.49
200618935264 3 21473  221      5.49
200618935264 4 21273  221      5.49
200618935479 1 1 473  221      5.49
200618935852 1 1 273 1024    287.33
200618935889 1 1 273  324    274.52
200618935997 1 1 373  124    274.52
200618936693 1 1 273  125     60.39
200618936833 1 1 473  523     20.25
200618937078 1 1 373  126    120.79
200618937078 2 2 373  126    120.79
200618937312 1 1 173 1025     63.85
200618937318 1 1 373 1024    287.33
200618937382 2 1 373  225     60.39
200618937382 3 2 273  225     60.39
200618937503 1 1 473 1026    127.70
200618937520 1 1 373  224    274.52
200618937683 1 1 373  121      5.49
200618937756 1 1 473  124    274.52
200618937817 1 1 373 1024    287.33
200618937950 1 11473  222      5.49
200618938235 2 1 373  125     60.39
200618938319 1 1 473  925     64.93
200618938549 1 1 373  224    274.52
200618938595 1 1 373  422      5.49
200618938700 1 1 273 1024    287.33
200618938995 1 1 273  123     16.47
200618939305 1 1 373 1024    287.33
200618939497 1 1 273  221      5.49
200618939599 1 1 173  222      5.49
200618939684 1 1 373  221      5.49
200618939684 2 2 373  221      5.49
200618939684 3 3 373  221      5.49
200618939684 4 4 373  221      5.49
200618939684 5 5 473  221      5.49
200618939699 2 1 473  226    120.79
200618939834 1 1 373  126    120.79
200618939834 2 2 373  126    120.79
200618940714 1 1 373  224    274.52
200618941125 1 1 173  224    274.52
200618941150 1 1 373 1023     31.93
200618941151 1 1 373 1023     31.93
200618941152 1 1 373 1023     31.93
200618941186 1 1 373  926    108.22
200618941238 1 1 473  521     10.13
200618941348 1 1 373 1024    287.33
200618941348 2 2 473 1024    287.33
200618941692 1 1 473  325     60.39
200618942259 1 11273  924    281.36
200618942261 1 11273  926    108.22
200619004589 3 1 275  441      8.08
200619004589 4 2 375  441      8.08
200619339285 1 1 274  124    275.60
200619339685 1 1 474  224    275.60
200619340263 1 1 374  124    275.60
200619340543 1 2 374  925     58.46
200619340543 2 1 374  925     58.46
200619340543 3 3 474  925     58.46
200619340808 1 1 174  123     16.70
200619341386 1 1 374  224    275.60
200619341431 1 1 374  124    275.60
200619341741 1 1 174  923     16.70
200619341912 1 1 374  924    275.60
200619342035 1 1 474  226    116.92
200619342132 1 1 474  123     16.70
200619342676 1 1 374  922      4.18
200619343146 2 1 374  921      4.18
200619343247 2 1 474  921      4.18
200619343447 1 1 374  223     16.70
200619343586 2 1 474  121      4.18
200619343852 1 1 374  124    275.60
200619343852 2 2 474  124    275.60
200619344254 5 1 274  921      4.18
200619344618 2 1 174  126    116.92
200619344618 3 2 174  126    116.92
200619344954 1 1 374  124    275.60
200619345181 1 1 374  921      4.18
200619345352 1 1 474  124    275.60
200619345547 3 1 474  921      4.18
200619345866 2 1 174  921      4.18
200619346124 1 1 374  324    275.60
200619346827 2 1 374  221      4.18
200619347133 1 1 174  126    116.92
200619347208 1 11174  924    275.60
200619347381 1 1 474  122      4.18
200619347381 3 2 474  122      4.18
200619347395 2 1 474  121      4.18
200619347718 5 1 274  121      4.18
200619348515 1 1 374  124    275.60
200619349167 1 1 374  124    275.60
200619349188 1 1 274  121      4.18
200620151525 1 1 375  143     16.15
200620151702 1 1 375  246    121.13
200620152146 1 1 475  146    121.13
200620152159 1 1 475  545     56.27
200620152184 1 1 475  246    121.13
200620152184 2 2 475  246    121.13
200620152543 1 1 475  444    274.56
200620152952 1 1 475  244    274.56
200620154404 1 1 475  546    112.53
200620155035 1 1 475  244    274.56
200620155437 1 1 475  145     56.53
200620155707 1 1 175  144    274.56
200620155853 1 1 475  241      8.08
200620156181 1 1 375  144    274.56
200620157046 2 1 475  543     14.07
200620157324 1 1 475  142      8.08
200620158303 1 1 475  343     16.15
200620158762 1 1 175  544    281.33
200620159157 1 1 175  344    274.56
200620159439 1 1 375  144    274.56
200620507082 2 1 276  545    105.29
200620507193 1 1 476  544    315.87
200620507405 2 1 476  146    105.29
200620507417 1 19976  246    105.29
200620507420 1 1 476  246    105.29
200620507504 1 1 176  144    315.87
200620507663 3 11176  345    105.29
200620507685 1 1 276  244    315.87
200620507889 1 1 376  644    315.87
200620507890 4 1 576  646    105.29
200620507890 5 2 576  646    105.29
200620507896 1 1 276  644    315.87
200620507992 1 1 376  344    315.87
200620508116 1 1 376  744    300.83
200620508116 2 2 476  744    300.83
200620508486 1 1 376  344    315.87
200620508515 1 1 376 1846    105.29
200620508622 1 1 376  445    105.29
200620508639 1 1 376  745    300.83
200620508639 2 2 476  745    300.83
200620508724 1 1 276  344    315.87
200620508732 1 1 376  744    300.83
200620508762 2 1 476  345    105.29
200620508766 1 1 476  444    315.87
200620508774 1 1 376  444    315.87
200620508780 1 1 376  744    300.83
200620508782 1 11376  746    300.83
200620508999 2 1 376  146    105.29
200620509354 1 19976  245    105.29
200620509369 1 1 376 1841    105.29
200620509369 2 2 276 1841    105.29
200620846180 1 1 396 2044    275.32
200620846718 2 1 397  445     53.35
200620846851 1 1 397  346    120.04
200620846921 1 1 397  544    267.01
200620847066 1 1 396  144    276.00
200620848027 1 1 197  446    120.04
200620848219 1 1 497  244    280.08
200620848244 2 1 396  641      6.12
200620848260 1 1 396  644    275.50
200620848260 2 21296  644    275.50
200620848805 1 1 496  342      2.00
200620849285 1 1 396 1844    272.96
200620849701 1 1 396 2044    275.32
200620850257 1 1 496 1142      6.55
200620850750 1 1 497  346    120.04
200620850789 1 1 397  346    120.04
200620850789 2 2 397  346    120.04
200620850801 1 1 397  344    280.08
200620851643 1 1 396 1844    272.96
200620851902 1 1 396 1142      6.55
200620852207 1 1 197  244    280.08
200620852259 1 1 397  344    280.08
200620852287 1 1 397  344    280.08
200620852357 1 1 396 3346    115.16
200620852357 2 2 396 3346    115.16
200620853639 1 1 496 1142      6.55
200620853662 1 1 496 1142      6.55
200620854183 1 1 496  844    271.38
200620854521 1 1 497  146    120.04
200620854591 1 1 497  346    120.04
200620854790 1 1 196 3344    278.31
200620854849 1 1 396  644    275.50
200620856388 1 1 397  444    280.08
200620857679 3 19996 4346    111.66
200620857730 1 1 396  844    271.38
200620858651 1 1 496 2044    275.32
200620858673 1 1 496 2045     55.06
200620859587 1 1 396 1144    275.28
200620859683 1 1 396 1145     58.99
200620859683 3 2 396 1145     58.99
200620862091 1 1 497  346    120.04
200620862401 1 1 496  242      2.00
200620862449 1 1 396  244    276.00
200620862881 2 1 396  142      2.00
200620863696 5 1 496 3346    115.16
200620863920 2 1 497  145     53.35
200620904225 1 1 478  244    276.59
200620904231 2 1 478  242     55.32
200620904524 1 1 278  544    265.53
200620904700 1 1 478  244    276.59
200620904783 3 1 278  546    132.76
200620905057 1 1 378  246    110.64
200620905095 1 1 378  246    110.64
200620905274 1 1 178  546    132.76
200620905464 1 1 478  243     55.32
200620905515 1 1 378  144    276.59
200620905685 1 1 478  241     55.32
200620905727 1 1 478  246    110.64
200620905730 1 1 378  544    265.53
200620905836 1 1 278  242     55.32
200620905873 1 1 378  242     55.32
200620905881 1 1 178  145     55.32
200620905881 2 2 178  145     55.32
200620905972 2 1 478  144    276.59
200621002013 5 1 479  141     11.09
200621002070 1 1 479  143     11.09
200621002130 1 1 379  146    122.03
200621002148 1 1 479  145     55.47
200621002172 2 1 379  141     11.09
200621002185 1 1 379  143     11.09
200621002258 1 1 479  141     11.09
200621002303 1 1 379  146    122.03
200621002472 1 1 379  143     11.09
200621002472 2 2 179  143     11.09
200621002490 2 1 379  143     11.09
200621002605 1 1 379  145     55.47
200621002605 2 2 479  145     55.47
200621002662 1 1 179  746    122.03
200621122586 2 1 379  745     55.47
200621122639 1 1 179  746    122.03
200621122670 1 1 479  744    277.35
200621123172 1 1 379  745     55.47
200621123198 1 1 479  741     11.09
200621123222 2 1 379  745     55.47
200621123222 3 2 479  745     55.47
200621123280 1 1 479  746    122.03
200621123341 1 1 379  746    122.03
200621123341 2 2 179  746    122.03
200621123401 2 1 379  745     55.47
200621123417 3 1 379  741     11.09
200621123497 1 1 479  246    119.82
200621123613 1 1 479  741     11.09
200621123633 1 1 479  746    122.03
200621123751 1 1 179  746    122.03
200621123784 2 1 479  742     11.09
200621123909 1 1 379  745     55.47
200621123909 2 2 379  745     55.47
200621124002 2 1 379  746    122.03
200621124126 2 1 479  745     55.47
200621124234 1 1 179  745     55.47
200621124244 2 1 379  741     11.09
200621124462 1 1 379  744    277.35
200621124686 3 1 479  741     11.09
200621124975 1 1 179  745     55.47
200621125093 1 1 479  741     11.09
200621125104 2 1 379  741     11.09
200621125200 2 1 479  743     11.09
200621125439 1 1 379  744    277.35
200621125704 1 1 479  241      1.66
200621125948 2 1 379  746    122.03
200621125953 1 1 379  741     11.09
200621125953 2 2 379  741     11.09
200621126367 1 1 379  746    122.03
200621126391 2 1 479  741     11.09
200621126674 1 1 479  746    122.03
200621126774 1 1 479  744    277.35
200621126783 1 1 479  745     55.47
200621126963 1 1 379  741     11.09
200621126963 3 2 179  741     11.09
200621126971 1 1 379  744    277.35
200621127361 1 1 379  743     11.09
200621127500 1 1 479  746    122.03
200621127503 1 1 479  744    277.35
200621307616 2 1 479  745     55.47
200621308679 5 1 479  744    277.35
200621309097 1 1 379  741     11.09
200621309346 1 1 379  642      4.84
200621309459 1 1 179  741     11.09
200621309606 2 1 379  146    122.03
200621701712 1 1 479  145     55.47
200621701940 1 1 379  145     55.47
200621701988 1 1 479  146    122.03
200621701988 2 2 179  146    122.03
200621702080 1 1 479  146    122.03
200621702144 1 1 479  146    122.03
200621702218 1 11279  141     11.09
200621702270 1 1 379  144    277.35
200621702271 1 1 379  146    122.03
200621702271 2 2 479  146    122.03
200621800995 1 1 379  146    122.03
200621801015 1 1 479  146    122.03
200621801015 2 2 479  146    122.03
200621801092 1 1 379  141     11.09
200621801157 1 1 379  144    277.35
200621801226 1 1 479  146    122.03
200622038700 1 1 381  544    274.03
200622039136 3 1 281  242      4.81
200622040749 2 1 381  743     15.56
200622041730 1 1 481  145     57.69
200622041865 1 1 381  242      4.81
200622041915 1 11481  245     57.69
200622042420 1 1 381  443     16.83
200622042722 1 1 381  342      2.40
200622042722 2 2 381  342      2.40
200622042903 1 1 181  344    274.03
200622043050 2 1 481 1042     12.02
200622043206 1 1 381  743     15.56
200622043347 1 1 381  142      4.81
200622043441 3 1 281  346    120.19
200622043496 1 1 281 1044    276.44
200622043818 1 1 481  545     57.69
200622043840 1 1 281  146    120.19
200622044890 2 1 481  741      5.19
200622045998 3 1 381  142      4.81
200622046567 1 1 381  146    120.19
200622047656 1 1 481  442      2.40
200622047883 2 1 181 1146    117.23
200622049283 1 1 481  344    274.03
200622049296 1 1 481  242      4.81
200622049503 2 1 481  143     14.42
200622049533 1 1 381  742      5.19
200622049809 1 1 381 1044    276.44
200622052172 3 1 181  141      4.81
200622349652 1 11482  144    273.60
200622350315 2 1 382  142      5.47
200622350320 1 1 382  146    120.38
200622350348 1 1 482  145     60.19
200622350545 1 1 382  144    273.60
200622350596 1 1 382  144    273.60
200622350977 1 1 382  144    273.60
200622351238 1 1 282  144    273.60
200622351353 1 11482  144    273.60
200622351749 1 1 182  144    273.60
200622351849 1 1 382  145     60.19
200622352046 1 1 382  144    273.60
200622352315 1 1 382  144    273.60
200622352493 1 1 382  141      5.47
200622352662 1 1 382  144    273.60
200622352714 1 1 182  144    273.60
200622352795 1 1 482  143     16.42
200622352810 2 1 482  146    120.38
200622353012 1 1 382  144    273.60
200622353210 1 1 182  144    273.60
200622353341 2 1 182  145     60.19
200622353341 3 2 482  145     60.19
200622353349 1 1 482  141      5.47
200622353389 1 1 482  143     16.42
200622353913 1 1 382  143     16.42
200622353991 1 1 382  144    273.60
200622354044 1 1 382  144    273.60
200622354239 1 11382  144    273.60
200622354289 1 11482  144    273.60
200622354314 1 1 182  141      5.47
200622354370 1 1 382  142      5.47
200622354370 2 21482  142      5.47
200622354378 1 1 382  146    120.38
200622354378 2 21482  146    120.38
200622354588 1 1 482  146    120.38
200622354625 1 1 382  145     60.19
200622354665 1 1 482  141      5.47
200622354760 1 1 182  144    273.60
200622354909 1 1 382  144    273.60
200622354990 1 1 382  142      5.47
200622355064 1 1 382  144    273.60
200622355064 2 2 382  144    273.60
200622355064 3 3 382  144    273.60
200622355134 1 1 382  144    273.60
200622355409 1 1 282  144    273.60
200622355546 2 1 482  143     16.42
200622355827 2 1 482  145     60.19
200622355861 2 11382  143     16.42
200622356000 1 1 382  144    273.60
200622356113 1 1 282  144    273.60
200622356164 1 11482  144    273.60
200622356188 1 11482  146    120.38
200622356230 2 1 382  145     60.19
200622356240 2 1 282  141      5.47
200622356602 1 1 382  144    273.60
200622356778 1 11482  144    273.60
200622356898 1 1 182  141      5.47
200622356943 1 1 382  144    273.60
200622356943 2 2 382  144    273.60
200622356995 1 1 382  144    273.60
200622357036 3 1 282  145     60.19
200622357077 1 1 482  144    273.60
200622357190 1 1 482  143     16.42
200622357576 1 1 382  144    273.60
200622357805 1 1 482  146    120.38
200622357986 1 1 282  144    273.60
200622358027 1 1 382  146    120.38
200622358251 1 1 282  144    273.60
200622358356 1 1 482  141      5.47
200622358438 1 1 482  145     60.19
200622358544 1 1 482  246    120.38
200622358616 2 1 282  144    273.60
200622358781 1 1 182  144    273.60
200622358903 1 1 282  144    273.60
200622358952 1 1 382  142      5.47
200622359568 3 1 382  145     60.19
200622359653 3 1 282  141      5.47
200622359685 1 1 282  144    273.60
200622359788 1 1 382  144    273.60
200622359856 2 1 382  141      5.47
200622359901 2 1 382  146    120.38
200622360088 2 1 482  146    120.38
200622360195 1 1 382  144    273.60
200622360259 1 1 382  141      5.47
200622360438 1 1 382  144    273.60
200622360490 1 1 182  144    273.60
200622360542 1 1 482  143     16.42
200622360866 2 1 282  142      5.47
200622361037 1 1 482  242      5.47
200622361468 1 1 382  146    120.38
200622361468 2 2 282  146    120.38
200622361625 1 1 382  144    273.60
200622361678 1 1 382  144    273.60
200622361706 2 1 382  142      5.47
200622362199 1 1 382  146    120.38
200622362199 2 2 182  146    120.38
200622362291 1 1 482  141      5.47
200622362379 1 1 282  144    273.60
200622362528 1 1 482  141      5.47
200622362529 1 1 482  141      5.47
200622362532 1 1 482  141      5.47
200622362716 1 11382  144    273.60
200622363009 1 1 382  144    273.60
200622363136 1 1 282  144    273.60
200622363198 1 1 482  145     60.19
200622363331 1 1 382  144    273.60
200622363390 1 1 482  142      5.47
200622363390 4 2 382  142      5.47
200622364009 1 1 182  144    273.60
200622364059 1 1 482  144    273.60
200622364184 1 1 482  144    273.60
200622364235 1 1 482  144    273.60
200622364708 1 1 282  144    273.60
200622365076 1 1 382  241      5.47
200622365152 1 1 182  144    273.60
200622365182 1 1 482  146    120.38
200622365387 1 1 382  144    273.60
200622365907 1 1 382  144    273.60
200622366011 1 11382  142      5.47
200622366012 3 1 482  146    120.38
200622366297 1 1 382  142      5.47
200623004067 3 11142  136    120.82
200623004068 3 1 342  131      4.17
200624800758 1 1 175  344    274.56
200624800920 1 1 475  444    274.56
200624800987 1 1 175  345     56.53
200626902572 1 11211  324    266.71
200626902607 1 1 311  324    266.71
200626902621 1 11211  324    266.71
200626902659 1 11411  324    266.71
200626902968 1 1 311  324    266.71
200626903395 1 11311  324    266.71
200626903841 1 11411  324    266.71
200626904031 1 1 111  324    266.71
200626904048 1 1 311  324    266.71
200626904211 1 11411  326    114.30
200626904296 1 11411  324    266.71
200626904680 1 11211  326    114.30
200626904686 1 11411  324    266.71
200626904789 1 1 111  324    266.71
200627005741 1 11411  326    114.30
200627006080 1 11211  126    114.30
200627006551 1 1 311  124    266.71
200627007938 2 1 311  125     57.15
200627007952 1 1 111  124    266.71
200627606800 1 1 4 9  734    273.46
200627606935 1 1 4 9  732      4.80
200627607037 4 1 1 9  735     57.57
200627908482 1 113 9  636    119.94
200627909018 1 113 9  633     14.39
200627909263 2 1 4 9  636    119.94
200627909263 4 2 1 9  636    119.94
200629920276 1 1 3 1  814    271.10
200629920833 1 1 2 1  814    271.10
200629920997 1 1 3 1  114    271.10
200629921130 1 1 1 1  814    271.10
200629921431 1 112 1  813     33.89
200629921491 1 1 1 1  414    271.10
200629921674 1 1 4 1  414    271.10
200629921901 1 199 1  114    271.10
200629922397 3 1 4 1  416    135.55
200629922714 1 1 2 1  114    271.10
200629922740 1 1 1 1  414    271.10
200629923108 1 1 4 1  416    135.55
200629923221 3 1 3 1  415     67.77
200629923479 1 1 2 1  414    271.10
200629923611 1 1 3 1 1316    135.55
200629924153 1 1 3 1  716    135.55
200629924257 1 1 3 1  814    271.10
200629924345 1 1 3 1 1315     67.77
200629924363 1 1 3 1  114    271.10
200629924571 1 1 3 1  814    271.10
200629924574 2 1 3 1  815     67.77
200629924680 2 1 4 1  416    135.55
200629924680 3 2 2 1  416    135.55
200629926107 1 1 3 1  814    271.10
200629926191 1 1 3 1  214    271.10
200629926510 2 1 1 1  711     33.89
200629926510 3 2 4 1  711     33.89
200630013191 1 1 1 7 1616    153.47
200630013355 2 1 4 7  315     56.38
200630013355 3 2 3 7  315     56.38
200630013362 1 1 4 7  116    122.16
200630013388 1 1 3 7 1016    104.07
200630013414 1 1 4 7  815     69.15
200630013503 1 1 4 7  315     56.38
200630013510 1 1 4 7 1616    153.47
200630013537 1 114 7  516    115.91
200630013636 1 1 1 7  816    103.72
200630013704 1 1 4 7 1615     76.73
200630013718 2 1 4 7  316    122.16
200630013967 2 1 3 7  311      9.40
200630013999 2 1 2 7  513     19.32
200630014080 1 114 7  213     18.79
200630014371 1 1 4 7  212      9.40
200630014403 1 1 1 7 3016    121.15
200630014530 1 114 7  216    122.16
200630014685 2 1 4 7  115     56.38
200630014862 1 1 4 7  212      9.40
200630014922 1 1 3 7  516    115.91
200630014990 2 1 4 7  513     19.32
200630015035 2 1 1 7  111      9.40
200630015105 1 1 1 7 1616    153.47
200630015281 1 1 1 7 3016    121.15
200630015281 2 2 1 7 3016    121.15
200630015307 1 1 1 7 1016    104.07
200630015525 2 1 1 7 1613     76.73
200630015599 1 1 4 7 3016    121.15
200630015708 1 1 3 7  516    115.91
200630015763 2 1 2 7  816    103.72
200630015847 1 1 4 7  515     57.96
200630015880 1 1 4 7  111      9.40
200630015880 2 2 4 7  111      9.40
200630015880 3 3 1 7  111      9.40
200630015880 4 4 1 7  111      9.40
200630015880 5 5 3 7  111      9.40
200630016121 1 1 4 7  816    103.72
200630236347 1 1 423  216    119.73
200630236469 2 1 423  111     21.38
200630236843 1 1 323  111     21.38
200630236852 2 1 323  115     64.14
200630237616 1 1 123  914    278.41
200630237743 1 1 123  114    277.95
200630237999 1 11323  114    277.95
200630238078 1 1 323  114    277.95
200630238130 1 11423  114    277.95
200630238152 1 1 223  114    277.95
200630238288 2 1 423  411      2.14
200630238373 1 1 423  211      2.14
200630238433 1 1 423  116    128.29
200630238792 1 11423  914    278.41
200630239158 1 11223  114    277.95
200630239331 1 1 423  114    277.95
200630239805 2 1 423  115     64.14
200630239858 1 1 423  611      5.96
200630239984 1 1 323  114    277.95
200630240002 1 1 123  114    277.95
200630240460 1 1 423  116    128.29
200630240466 1 1 123  114    277.95
200630240657 1 1 423  111     21.38
200630241337 6 1 323  111     21.38
200630241538 1 1 423  114    277.95
200630241538 2 2 323  114    277.95
200630241833 1 1 423  914    278.41
200630242186 1 1 123  114    277.95
200630242709 1 1 323  912     10.71
200630242709 2 2 423  912     10.71
200630242709 3 3 323  912     10.71
200630242709 4 4 423  912     10.71
200630242709 5 5 423  912     10.71
200630243041 1 1 423  111     21.38
200630243209 1 1 423  114    277.95
200630243392 1 1 423  215     57.73
200630243472 2 1 423  116    128.29
200630243497 1 1 423  116    128.29
200630243513 1 1 323  115     64.14
200630243513 2 2 323  115     64.14
200630245039 1 1 123  114    277.95
200630245220 1 1 423  111     21.38
200630245254 1 1 423  113     21.38
200630328654 1 1 324  714    278.23
200630328672 1 1 124 1216    119.92
200630328675 1 1 324 1214    279.81
200630328675 2 2 424 1214    279.81
200630328866 1 11425  614    284.30
200630328904 2 1 325 1416    107.09
200630329123 1 1 324  114    275.89
200630329173 1 11325  214    277.62
200630329338 1 1 425  314    277.62
200630329386 1 1 324  914    284.46
200630329396 1 1 124  914    284.46
200630329416 1 1 324  714    278.23
200630329457 1 1 124  516    119.71
200630329929 1 1 124  114    275.89
200630329964 1 1 225  614    284.30
200630329980 1 1 425 1414    321.28
200630330035 1 1 324  914    284.46
200630330064 1 1 125  614    284.30
200630330162 2 11224 1215     39.97
200630330179 1 1 224  714    278.23
200630330202 1 1 224  514    273.63
200630330220 1 1 124  514    273.63
200630330311 1 1 224  714    278.23
200630330383 2 11324 1215     39.97
200630330458 2 1 425  316    120.70
200630330518 3 11425  614    284.30
200630330528 2 1 425  614    284.30
200630330563 1 1 425  214    277.62
200630330651 1 1 424  514    273.63
200630330682 1 1 325 1414    321.28
200630330816 1 1 424  214    266.74
200630330877 1 1 324  214    266.74
200630330886 1 1 424  714    278.23
200630331000 1 11225  614    284.30
200630331129 1 1 324  214    266.74
200630331332 2 1 324 1214    279.81
200630331356 1 1 325  614    284.30
200630331500 1 1 125 1414    321.28
200630331967 1 1 124  714    278.23
200630332004 1 1 124 1214    279.81
200630332065 1 1 325 1414    321.28
200630332501 1 1 225  314    277.62
200630332660 1 1 325  614    284.30
200630332734 1 1 324  716    121.72
200630332734 2 2 424  716    121.72
200630332952 1 1 424  714    278.23
200630333193 1 1 424 1215     39.97
200630333374 1 1 324  514    273.63
200630333439 1 1 125  614    284.30
200630333459 1 1 424  216    116.70
200630333543 1 1 324  914    284.46
200630333645 1 1 124 1214    279.81
200630333654 1 1 124 1214    279.81
200630333760 2 1 124  915     56.89
200630333863 1 1 425 1414    321.28
200630334087 1 1 325 1416    107.09
200630334087 2 2 325 1416    107.09
200630334087 3 3 325 1416    107.09
200630334234 1 1 324  914    284.46
200630334496 1 1 424 1214    279.81
200630334545 3 1 324  715     52.17
200630334545 4 2 324  715     52.17
200630334734 1 1 325  714    271.03
200630334747 1 1 424 1214    279.81
200630334757 2 1 424 1215     39.97
200630334759 1 1 324 1214    279.81
200630334775 1 1 324  116    117.05
200630334775 2 2 324  116    117.05
200630334800 1 1 324  214    266.74
200630334850 1 1 324  916    113.78
200630334895 1 1 125  214    277.62
200630334927 1 1 324 1214    279.81
200630335046 1 1 424  116    117.05
200630335057 1 19924  114    275.89
200630335094 1 1 224  716    121.72
200630335143 1 1 324  214    266.74
200630335291 1 19924  516    119.71
200630335301 1 1 124 1214    279.81
200630335319 1 1 125  614    284.30
200630344088 1 1 325  714    271.03
200630344095 1 1 425  614    284.30
200630344169 1 1 424  914    284.46
200630455405 1 11433  424    277.00
200630455846 1 11433  422      4.62
200630456810 1 1 333  624    271.82
200630457292 1 1 133  326    120.03
200630457843 1 1 433  425     60.02
200630458165 3 1 433  422      4.62
200630460240 1 11433  421      4.62
200630460311 1 11410 2424    270.98
200630460311 2 2 310 2424    270.98
200630460503 1 1 332  124    272.17
200630460821 1 1 133  624    271.82
200630461229 2 1 432  226    119.34
200630461229 3 2 432  226    119.34
200630461751 1 1 132  126    125.62
200630461762 1 1 332  124    272.17
200630461896 1 1 432  126    125.62
200630461953 1 11410  525     60.31
200630461953 2 21410  525     60.31
200630462027 1 1 132  126    125.62
200630462072 1 1 332  124    272.17
200630462107 1 11232  124    272.17
200630462111 1 11310 1524    271.93
200630462574 2 1 110  523     15.08
200630462800 1 11210  124    275.47
200630463271 1 1 310 1524    271.93
200630463440 1 1 310  324    275.47
200630463546 1 11432  124    272.17
200630463654 1 1 332  124    272.17
200630463673 1 1 132  124    272.17
200630464893 1 1 433  421      4.62
200630464893 3 2 133  421      4.62
200630465080 1 1 332  123     20.94
200630465083 1 1 332  124    272.17
200630465116 1 1 332  124    272.17
200630465824 1 11233  224    277.00
200630466366 1 11210  524    271.39
200630467217 1 1 432  124    272.17
200630467232 1 11232  124    272.17
200630467232 2 21232  124    272.17
200630467247 1 1 332  124    272.17
200630467284 1 11232  124    272.17
200630467824 1 1 310  124    275.47
200630467950 1 1 410  124    275.47
200630468162 1 1 410 1525     54.39
200630468173 1 1 310 1524    271.93
200630468190 1 11410 1522     13.60
200630468745 2 1 132  123     20.94
200630468745 3 2 432  123     20.94
200630468754 1 1 132  124    272.17
200630468755 3 11432  125     62.81
200630468756 1 11132  126    125.62
200630468756 2 2 432  126    125.62
200630468824 1 11432  124    272.17
200630468886 1 11210 1724    272.10
200630469750 1 1 432  126    125.62
200630469750 2 1 332  126    125.62
200630469765 1 11432  121     20.94
200630470687 1 11410  526    120.62
200630470687 2 2 210  526    120.62
200630471334 1 1 310  324    275.47
200630472451 1 1 310  524    271.39
200630472524 1 11432  124    272.17
200630473039 1 1 310  526    120.62
200630473802 1 11410 1724    272.10
200630474295 1 1 132  224    274.26
200630474692 1 1 432  126    125.62
200630474755 2 1 432  124    272.17
200630474755 3 21232  124    272.17
200630475289 1 11410  124    275.47
200630476176 1 1 432  125     62.81
200630476216 1 1 432  124    272.17
200630476231 1 11232  124    272.17
200630477539 1 1 310 2424    270.98
200630480647 1 1 432  126    125.62
200630480707 1 1 332  124    272.17
200630480722 1 11232  124    272.17
200630480840 1 11432  126    125.62
200630481245 1 1 310  224    275.47
200630481910 1 11233  324    277.00
200630483736 1 1 432  124    272.17
200630484069 1 11233  824    275.23
200630484210 1 11432  124    272.17
200630484213 1 1 432  126    125.62
200630484231 1 1 332  124    272.17
200630857123 1 1 291 5524    273.23
200630857211 1 1 491 1526    118.85
200630857709 1 1 391 4624    281.15
200630858460 2 1 491 1521      5.17
200630858824 1 1 491  724    277.33
200630859027 1 11291 6724    279.92
200630859042 1 1 491 6725     64.60
200630859069 1 1 391 6724    279.92
200630859207 1 1 491  921      3.98
200630859298 1 1 391 2426    120.32
200630859589 1 1 391 1924    271.88
200630859840 1 1 191 1524    273.86
200630860026 1 1 391  324    276.33
200630860104 1 1 191  124    273.68
200630860344 2 1 391 4626    118.38
200630860516 1 1 391 3226    113.99
200630860563 1 1 491  924    274.33
200630861032 2 1 491 1526    118.85
200630861061 1 1 391 1524    273.86
200630861280 2 1 391  323     16.92
200630861411 1 1 391 4624    281.15
200630861412 2 1 391 4621     14.80
200630861431 1 1 391 4626    118.38
200630861431 2 2 391 4626    118.38
200630861456 1 1 391 3224    279.80
200630861624 1 1 39111223     30.41
200630861636 1 1 39111224    273.71
200630861638 1 1 39111226    121.65
200630861638 2 2 49111226    121.65
200630862076 1 1 391 4623     14.80
200630862148 1 1 391 6724    279.92
200630862182 1 11291 6726    129.20
200630862756 2 1 391 1526    118.85
200630862756 3 2 391 1526    118.85
200630862851 1 1 491 1524    273.86
200630863058 1 1 491 3224    279.80
200630863197 1 1 391  326    118.43
200630863226 1 1 491  126    120.08
200630863395 1 1 191 2426    120.32
200630863407 2 1 191 2424    278.23
200630863508 1 1 391 2424    278.23
200630863908 1 1 491 4624    281.15
200630864089 1 1 291  924    274.33
200630864172 1 1 391  924    274.33
200630864802 2 1 491  922      3.98
200630864865 1 1 391  326    118.43
200630864874 1 1 191  323     16.92
200630864965 1 1 191  324    276.33
200630865013 1 1 191  421      5.50
200630865036 2 1 491  426    120.91
200630865153 2 1 391  121      2.79
200630865153 4 2 291  121      2.79
200630865302 1 1 39111324    273.71
200630865314 1 1 19111324    273.71
200630865506 1 1 391 1524    273.86
200630866041 1 1 391 4626    118.38
200630866041 2 2 391 4626    118.38
200630866046 2 11391 4624    281.15
200630866110 2 1 391 4626    118.38
200630866356 2 1 391  423     16.49
200630866962 1 1 391  724    277.33
200630867320 1 1 491 1521      5.17
200630867644 1 1 191  422      5.50
200630867841 2 1 491  122      2.79
200630867920 1 1 391 3224    279.80
200630869246 1 1 291 5524    273.23
200630869713 1 1 391 6724    279.92
200630870022 1 1 291  324    276.33
200630870076 1 1 191  326    118.43
200630870113 1 1 391 4624    281.15
200630870253 1 1 391  924    274.33
200631113200 4 11122  112     29.32
200631113244 1 1 422  814    265.53
200631113374 2 1 122  615     60.61
200631113507 1 1 322  816     88.51
200631113632 1 1 122  114    263.86
200631113632 2 2 322  114    263.86
200631113768 1 1 222  814    265.53
200631114265 2 1 122  816     88.51
200631114772 2 1 122  816     88.51
200631114784 1 1 222  114    263.86
200631114827 1 1 322  614    303.02
200631114924 1 1 322  814    265.53
200631115003 1 1 422  616    121.21
200631115020 1 1 422  814    265.53
200631115021 2 1 122  816     88.51
200631115184 1 1 322  816     88.51
200631115188 1 1 322  814    265.53
200631115364 1 11422 1114    313.55
200631115945 1 1 322  814    265.53
200631115948 2 1 322  816     88.51
200631236225 1 1 426  714    268.64
200631237142 1 1 326  114    275.85
200631237317 1 1 426  115     59.42
200631237989 2 1 226  116    118.83
200631238005 2 1 326  111      4.24
200631238280 1 1 426  111      4.24
200631238468 2 1 326  211      4.24
200631239541 1 1 426  316    116.63
200631240069 1 1 126  116    118.83
200631240116 2 1 426  115     59.42
200631245238 2 1 226  315     58.31
200631364297 1 1 427  135     54.47
200631364298 1 1 427  133     18.16
200631364385 2 1 327  136    118.03
200631364385 3 2 427  136    118.03
200631364439 2 1 327  136    118.03
200631364488 1 1 127  131      9.08
200631364578 1 1 427  133     18.16
200631365363 2 1 327  135     54.47
200631365363 3 2 427  135     54.47
200631405089 1 1 428  335    161.62
200631405111 1 1 328 1134   1935.85
200631405112 1 1 428 1134   1935.85
200631405122 1 1 228  136    161.62
200631405122 2 2 428  136    161.62
200631405130 1 1 128  335    161.62
200631405139 1 1 128  336    161.62
200631405213 2 1 228  331    161.62
200631405264 2 1 228  134    323.24
200631405302 1 1 428  135    161.62
200631405334 1 1 228  334    323.24
200631405364 1 1 128  134    323.24
200631405369 1 1 428  234    323.24
200631405409 1 1 428  235    161.62
200631405471 2 1 128  331    161.62
200631405522 2 1 428  134    323.24
200631405545 1 1 328  336    161.62
200631405611 2 1 228  332    161.62
200631405826 2 19928  234    323.24
200631405932 1 1 228  234    323.24
200631406050 1 1 328  334    323.24
200631406063 1 1 428  134    323.24
200631406088 1 1 228  236    161.62
200631406088 2 2 428  236    161.62
200631406088 3 3 128  236    161.62
200631406088 4 4 128  236    161.62
200631558654 1 1 330  124    271.66
200631558730 1 1 430  126    124.51
200631558757 2 1 330  123     11.32
200631559244 1 1 330  124    271.66
200631559277 1 1 330  124    271.66
200631559446 1 1 430  124    271.66
200631559465 1 1 430  126    124.51
200631559770 1 1 430  124    271.66
200631560328 1 1 330  124    271.66
200631560475 1 1 430  126    124.51
200631560828 1 11230  124    271.66
200631561523 2 1 430  123     11.32
200631561661 1 1 129  125     51.55
200631562321 1 1 330  124    271.66
200631562506 1 1 430  123     11.32
200631562552 2 1 330  124    271.66
200631562567 1 1 330  126    124.51
200631562588 1 1 330  124    271.66
200631563130 2 1 330  126    124.51
200631563228 1 1 330  126    124.51
200631563665 1 1 330  124    271.66
200631564418 1 1 330  124    271.66
200631564418 2 2 330  124    271.66
200631564731 1 1 330  124    271.66
200631565673 1 1 330  124    271.66
200631566101 1 1 331  125     61.52
200631566363 1 1 330  124    271.66
200631566399 1 1 330  124    271.66
200631566462 2 1 330  123     11.32
200631566664 1 11230  123     11.32
200631566811 1 1 330  124    271.66
200631567312 1 1 330  124    271.66
200631567625 1 1 330  124    271.66
200631567711 1 1 330  124    271.66
200631567762 1 1 331  126    123.05
200631567866 1 1 330  124    271.66
200631568143 1 1 430  126    124.51
200631568375 1 1 330  126    124.51
200631568559 1 1 430  126    124.51
200631568612 1 1 430  125     56.60
200631568652 1 1 330  124    271.66
200631568690 1 1 330  124    271.66
200631568728 1 1 430  123     11.32
200631568809 1 1 430  225     57.79
200631569046 1 1 130  124    271.66
200631569187 1 1 430  123     11.32
200631569416 1 1 330  123     11.32
200631569416 2 2 330  123     11.32
200631569584 1 1 330  126    124.51
200631570068 2 1 430  221      3.40
200631570068 3 2 430  221      3.40
200631570232 3 1 230  221      3.40
200631570241 1 1 330  124    271.66
200631570396 1 1 330  125     56.60
200631570419 1 2 329  126    120.29
200631570419 2 1 329  126    120.29
200631570508 1 1 130  124    271.66
200631570613 3 1 430  122     11.32
200631570614 1 1 130  126    124.51
200631571087 1 1 430  124    271.66
200631571406 1 1 330  124    271.66
200631573395 1 1 430  121     11.32
200631573406 1 1 330  123     11.32
200631573478 1 1 330  124    271.66
200631573515 1 1 330  124    271.66
200631718886 1 1 444  232     45.09
200631718903 1 1 344  235     45.09
200631718931 2 1 344  336    135.28
200631719019 1 1 444  334    270.56
200631719523 1 1 344  132     45.09
200631719532 1 1 244  334    270.56
200631719574 2 1 244  235     45.09
200631719783 1 1 344  334    270.56
200631719930 1 1 244  536    135.28
200631720039 1 11144  236    135.28
200631720117 1 11444  334    270.56
200631720314 1 1 344  136    135.28
200631721512 1 1 244  336    135.28
200631721625 5 1 244  135     45.09
200631721669 2 1 244  234    270.56
200631721757 1 1 244  134    270.56
200631721849 2 11244  134    270.56
200631721924 1 1 444  536    135.28
200631722031 3 11344  135     45.09
200631722145 4 1 344  136    135.28
200631722581 1 1 344  435     45.09
200631722591 1 11144  633     85.16
200631800380 1 1 146  434    269.57
200631800578 1 1 146  132     22.46
200631800890 1 11246  436    112.32
200631800973 1 1 446  734    260.05
200631801158 1 1 346  134    269.57
200631801511 1 1 346  134    269.57
200631801564 1 1 346  134    269.57
200631801601 2 1 346  735     52.01
200631801607 1 1 246  736    104.02
200631801608 1 1 446  734    260.05
200631801644 3 1 346  732     52.01
200631801783 1 1 446  431     22.46
200631801786 1 1 246  434    269.57
200631801817 1 1 346  434    269.57
200631825173 1 1 346  136    112.32
200631825226 1 1 346  734    260.05
200631825257 1 11246  434    269.57
200631825763 1 11446  134    269.57
200631825990 1 1 346  434    269.57
200631826034 1 11346  134    269.57
200631826531 1 1 346  434    269.57
200631826825 1 1 446  132     22.46
200631826889 1 1 346  334    269.57
200631827014 1 1 346  434    269.57
200631827047 1 1 446  736    104.02
200631827233 1 1 346  134    269.57
200631827263 2 1 146  735     52.01
200631827504 1 1 346  434    269.57
200631827600 1 1 246  134    269.57
200631827846 1 11446  136    112.32
200631830095 1 1 446  333     22.46
200631830103 1 1 346  134    269.57
200631830264 1 1 446  134    269.57
200631830577 1 1 446  436    112.32
200631830824 1 1 346  534    269.57
200631830883 1 1 446  336    112.32
200632018559 1 1 461  235     69.43
200632018602 1 11261  131     34.72
200632018602 2 2 161  131     34.72
200632018618 3 1 461  136    104.14
200632018650 1 1 361  534    277.72
200632018729 1 1 361  135     69.43
200632019032 1 1 361  134    277.72
200632019367 1 11261  234    277.72
200632019409 4 1 461  131     34.72
200632019519 2 1 461  133     34.72
200632019588 1 1 461  234    277.72
200632019603 1 1 361  234    277.72
200632019736 2 1 361  236    104.14
200632020250 1 1 261  533     34.72
200632020323 1 1 461  434    277.72
200632020394 1 11161  234    277.72
200632020444 3 1 161  131     34.72
200632020444 4 2 261  131     34.72
200632020456 1 1 461  135     69.43
200632020456 3 2 361  135     69.43
200632020471 1 1 361  236    104.14
200632020472 1 1 361  234    277.72
200632020504 3 1 261  536    104.14
200632020548 1 1 361  134    277.72
200632020659 1 11261  131     34.72
200632020844 1 1 361  536    104.14
200632020844 2 2 361  536    104.14
200632021109 1 1 361  234    277.72
200632021270 2 1 161  136    104.14
200632021512 1 1 261  236    104.14
200632021512 2 1 161  236    104.14
200632021514 2 1 361  235     69.43
200632021709 1 1 461  234    277.72
200632021759 1 1 461  134    277.72
200632021821 1 1 361  132     34.72
200632021971 1 1 361  434    277.72
200632022104 2 1 161  136    104.14
200632022167 2 1 361  135     69.43
200632022235 1 1 361  234    277.72
200632022332 1 1 361  233     34.72
200632022642 3 1 261  236    104.14
200632022685 1 11161  132     34.72
200632022685 4 2 461  132     34.72
200632022692 1 11161  334    277.72
200632022904 1 1 461  234    277.72
200632022968 4 1 361  133     34.72
200632023012 1 1 261  234    277.72
200632142338 1 1 162  234    270.08
200632142378 1 1 462  534    270.08
200632143169 1 1 162  136    122.77
200632143178 1 1 462  133     24.55
200632143557 1 1 362  436    122.77
200632144002 1 1 162  836    141.70
200632144209 2 1 463  135     55.85
200632144430 1 1 362  234    270.08
200632144436 1 1 462  236    122.77
200632144576 2 1 163  133     13.96
200632144785 1 11363  134    279.24
200632144843 2 1 362  131     24.55
200632145115 1 1 362  336    122.77
200632145676 1 1 462  631     40.03
200632146494 1 1 462  335     49.11
200632146661 1 1 363  134    279.24
200632146731 1 1 362  634    280.21
200632146815 2 1 262  335     49.11
200632147694 1 1 462  634    280.21
200632148747 1 1 363  133     13.96
200632148880 1 1 363  136    125.66
200632148880 3 2 363  136    125.66
200632148930 1 1 162  236    122.77
200632151011 3 1 463  131     13.96
200632151148 1 1 462  636    120.09
200632151151 1 1 262  634    280.21
200632151222 2 1 362  432     24.55
200632151355 1 1 362  134    270.08
200632242621 1 1 464  131      9.44
200632242776 1 1 464  135     56.64
200632242936 1 1 364  131      9.44
200632243934 1 1 364  235     56.64
200632243954 1 1 464  232      4.72
200632244065 1 1 464  136    122.73
200632244425 2 1 164  232      4.72
200632244950 1 1 164  232      4.72
200632245603 1 1 364  136    122.73
200632245635 3 1 264  135     56.64
200632246230 1 1 364  132      9.44
200632246933 1 1 364  134    273.77
200632247504 1 1 264  133     18.88
200632247879 2 1 464  133     18.88
200632248598 1 1 364  134    273.77
200632248678 1 1 264  133     18.88
200632248934 2 1 364  136    122.73
200632249041 1 1 364  134    273.77
200632249104 1 1 364  134    273.77
200632249165 1 1 164  136    122.73
200632249542 1 1 464  133     18.88
200632250511 2 1 164  136    122.73
200632250591 2 1 264  133     18.88
200632253035 1 1 464  231      4.72
200632253145 1 1 464  135     56.64
200632253868 1 1 464  231      4.72
200632254135 1 1 364  232      4.72
200632324668 1 1 171  221     12.35
200632325088 5 1 171  125     61.73
200632325149 5 1 471  225     61.73
200632325175 1 1 471  226    123.47
200632325307 1 1 471 1024    243.39
200632325521 1 1 371  524    271.63
200632325721 1 1 471  225     61.73
200632325857 1 1 371  224    271.63
200632325874 1 1 471  223     12.35
200632326160 1 1 471  521     12.35
200632326607 1 1 371  126    123.47
200632326676 1 1 271  224    271.63
200632326678 1 1 471  223     12.35
200632326900 1 1 471 1023     81.13
200632327583 2 1 471 1026     81.13
200632328508 1 1 471 1026     81.13
200632330006 1 1 171  122     12.35
200632330152 1 1 471  224    271.63
200632330918 1 1 471  223     12.35
200632465075 1 1 177  146    117.16
200632465196 1 1 477  144    278.24
200632465268 2 1 177  145     58.58
200632466983 1 1 277  446    120.82
200632470307 2 1 177  146    117.16
200632474168 1 1 277  141      7.32
200632475000 1 19977  241      3.66
200632475000 3 29977  241      3.66
200632475547 1 1 377  244    274.58
200632540512 1 1 480  344    275.63
200632540746 2 1 480  245     59.06
200632540901 1 1 180  544    275.67
200632541529 3 1 380  141      6.56
200632542096 1 1 480 1144    277.65
200632542244 1 1 480  146    118.13
200632542293 1 1 480  344    275.63
200632542908 1 1 480 1144    277.65
200632542921 1 1 380 1146    111.06
200632543256 1 1 180  545     62.65
200632543498 1 1 380  844    272.60
200632543517 1 1 480  845     54.52
200632543857 2 1 480  541     12.53
200632544059 2 1 480 1141     27.77
200632544069 1 1 380 1144    277.65
200632544088 1 1 480 1746     82.03
200632544220 1 1 480  844    272.60
200632544271 1 1 380  841     13.63
200632544304 1 1 180  844    272.60
200632544445 1 1 480  145     59.06
200632544445 2 2 480  145     59.06
200632544501 1 1 380  344    275.63
200632544571 1 1 480  146    118.13
200632544637 1 1 480  244    275.63
200632545060 1 1 480  841     13.63
200632545106 1 1 480  142      6.56
200632545226 1 1 480  246    118.13
200632545526 1 1 480  142      6.56
200632545546 1 1 380  143     13.13
200632545651 1 1 480  344    275.63
200632545769 1 1 380  845     54.52
200632545939 1 1 380 1144    277.65
200632546362 1 1 380  144    275.63
200632546527 2 1 380  841     13.63
200632546558 1 1 280  244    275.63
200632546558 2 2 380  244    275.63
200632546977 1 1 380  244    275.63
200632546999 3 1 480  243     13.13
200632547282 1 1 380  846    122.67
200632547483 1 1 380 1144    277.65
200632547496 1 1 480 1144    277.65
200632547980 2 1 380  143     13.13
200632548308 1 1 480  142      6.56
200632548321 1 1 380  143     13.13
200632549326 1 1 380  544    275.67
200632549387 2 1 480 1144    277.65
200632549527 2 1 380  845     54.52
200632549552 2 1 380  845     54.52
200632549643 1 1 380  142      6.56
200632549643 2 2 380  142      6.56
200632549830 1 1 480  142      6.56
200632550075 4 1 380  546    112.77
200632550075 5 2 180  546    112.77
200632550099 1 1 380 1144    277.65
200632550662 2 1 380  244    275.63
200632550671 1 1 380  246    118.13
200632550955 1 1 380  544    275.67
200632551043 1 1 480 1146    111.06
200632673070 1 1 392 1626    114.74
200632673870 1 1 492  522      6.44
200632673870 4 1 192  522      6.44
200632674111 1 1 292 1524    272.97
200632674111 2 2 292 1524    272.97
200632674412 2 1 392  722      6.19
200632674502 1 1 392 1626    114.74
200632675687 2 1 492  122      3.36
200632676052 1 1 392  522      6.44
200632676466 1 1 392  724    272.28
200632676638 1 1 492 1526    112.40
200632676986 1 1 392 1624    267.73
200632677342 1 1 492  126    117.55
200632677878 1 1 492  226    117.55
200632678400 1 1 392 4126    139.49
200632678400 2 2 392 4126    139.49
200632678457 1 1 492  522      6.44
200632678567 1 1 492  326    117.55
200632678585 2 1 292 1126    123.61
200632679766 1 1 492 1625     57.37
200632679901 1 1 192 1526    112.40
200632680321 1 1 492  121      3.36
200632680701 1 1 392 1124    278.13
200632681316 1 1 192 1124    278.13
200632681395 1 1 392  525     57.92
200632681454 1 11292 2326    110.83
200632682111 1 1 392 3824    281.50
200632682496 1 1 392 1524    272.97
200632683407 1 1 292  124    275.40
200632683556 1 1 392 1524    272.97
200632684549 1 1 492  523     12.87
200632684555 1 1 492  522      6.44
200632684585 3 1 492  522      6.44
200632685252 1 1 192  224    275.40
200632685592 1 1 492  521      6.44
200632686208 1 1 392 1124    278.13
200632686655 1 1 392 1524    272.97
200632686830 1 1 392  124    275.40
200632686880 1 11492 1624    267.73
200632686934 1 1 392 1124    278.13
200632689543 1 1 392 1524    272.97
200632689890 1 1 392  125     57.09
200632689946 1 1 392  124    275.40
200632706439 2 1 193  826     94.56
200632706440 2 1 693  823     94.56
200632706473 1 1 393  924    283.69
200632706606 1 1 493  924    283.69
200632706669 1 1 393 1224    463.46
200632706722 1 1 393  924    283.69
200632706925 1 1 393  924    283.69
200632706932 1 1 493  926     94.56
200632706992 1 11393  224    283.69
200632707228 1 1 293  724    283.69
200632709024 1 1 193  521     94.56
200632709102 1 1 493  623     94.56
200632709116 1 1 493  926     94.56
200632709156 1 1 293  825     94.56
200632709175 1 1 393  924    283.69
200632849843 1 1 395  144    272.84
200632849953 1 1 195  144    272.84
200632854274 1 1 395  144    272.84
200632854428 1 1 495  143     18.19
200632854491 1 1 295  143     18.19
200632854610 1 1 395  144    272.84
200632856183 1 1 195  144    272.84
200632856443 3 1 395  146    121.26
200632856624 1 1 495  241      3.03
200632856892 1 1 195  344    275.87
200632857131 1 1 395  744    277.70
200632857589 1 1 495  143     18.19
200632857788 1 1 495  145     60.63
200632858790 5 1 295  246    118.23
200632861256 1 1 395  242      3.03
200633414537 1 1 4 6  516    120.00
200633414778 1 1 4 6  112      2.76
200633414779 1 114 6  116    118.79
200633414845 1 113 6 1412     11.62
200633414886 1 1 4 6  512      5.45
200633414921 2 1 4 6 1413     11.62
200633415072 1 1 1 6  413     17.24
200633415187 2 1 4 6  515     60.00
200633415292 1 113 6 2015     59.28
200633415292 2 213 6 2015     59.28
200633415305 1 1 3 6  416    120.67
200633415385 2 114 6 2612     20.24
200633415436 2 1 1 6  115     58.01
200633415539 1 114 6  112      2.76
200633415542 1 1 1 6  215     58.01
200633415590 1 1 4 6  513     16.36
200633415602 2 112 6  715     60.36
200633415828 1 114 6 1413     11.62
200633415828 2 213 6 1413     11.62
200633415977 1 1 1 6 1116    116.24
200633415977 2 2 1 6 1116    116.24
200633416266 2 1 3 6  415     57.46
200633416384 1 199 6 2616    121.46
200633416392 1 1 4 6  512      5.45
200633416534 2 112 6 1415     58.10
200633416564 1 1 4 6 1113     17.88
200633416570 2 1 1 6  215     58.01
200633416570 3 2 1 6  215     58.01
200633416728 3 1 1 6  515     60.00
200633416782 1 113 6 1113     17.88
200633416987 2 1 4 6 1113     17.88
200633417151 1 1 3 6 1415     58.10
200633417151 2 2 4 6 1415     58.10
200633417204 2 1 4 6 2613     20.24
200633417250 1 1 2 6  116    118.79
200633417250 2 2 1 6  116    118.79
200633417250 3 3 4 6  116    118.79
200633417544 2 299 6 2011     14.82
200633417544 3 199 6 2011     14.82
200633417936 2 1 3 6  215     58.01
200633417936 3 2 3 6  215     58.01
200633417936 4 3 1 6  215     58.01
200633418045 2 199 6  411      5.75
200633418082 1 1 3 6 2016    118.56
200633418156 2 1 4 6  715     60.36
200633418283 1 1 2 6 1415     58.10
200633418283 2 2 4 6 1415     58.10
200633418396 1 1 4 6 1413     11.62
200633418544 2 1 3 6 2616    121.46
200633418950 1 199 6  215     58.01
200633418991 1 1 4 6 2013     14.82
200633419074 1 1 3 6  515     60.00
200633419354 1 199 6  115     58.01
200633419354 3 2 4 6  115     58.01
200633419428 1 1 1 6  511      5.45
200633419526 3 114 6  415     57.46
200633419743 2 1 3 6 1413     11.62
200636015403 2 1 350  133     13.81
200636015767 1 1 350  132      4.60
200636015865 5 1 450  131      4.60
200636015865 6 2 150  131      4.60
200636016868 2 1 350  131      4.60
200636017052 1 1 450  432      4.60
200636018911 1 1 450  431      4.60
200636020571 1 1 250  431      4.60
200636020575 4 1 450  431      4.60
200636020704 1 1 450  434    276.12
200636021374 2 1 350  735     54.71
200636022367 3 1 250  134    276.12
200636022510 1 1 350  534    276.12
200636022724 3 1 350  132      4.60
200636022950 1 1 450  134    276.12
200636023073 1 1 450  332      4.60
200636023348 4 1 150  336    119.65
200636023643 1 1 150  231      4.60
200636023643 2 2 150  231      4.60
200643703921 1 1 378  144    276.59
200643703936 1 1 478  146    110.64
200643704076 1 1 478  144    276.59
200643704297 1 1 478  146    110.64
200643704483 2 1 378  442     55.32
200643704638 1 1 378  444    276.59
200643704649 1 1 278  144    276.59
200643704692 1 1 378  146    110.64
200643705022 2 1 278  146    110.64
200643705205 2 1 478  146    110.64
200643705619 1 1 378  144    276.59
200643705778 1 1 478  144    276.59
200643705892 1 1 378  144    276.59
200643705957 1 1 478  145     55.32
200643706027 1 1 478  142     55.32
200643706029 3 1 178  146    110.64
200643706043 1 1 478  441     55.32
200643706051 1 1 478  442     55.32
200643706204 1 1 478  446    110.64
200643706251 1 1 378  144    276.59
200643706525 1 1 478  146    110.64
200643706598 1 1 478  145     55.32
200643706622 2 1 378  345     55.32
200643800146 2 1 473  121      5.49
200643800170 1 1 173  124    274.52
200644002889 1 1 375  344    274.56
200648504628 4 1 473  426    120.79
200648504675 1 1 473  426    120.79
200648504686 1 1 473  424    274.52
200648504715 1 1 473  421      5.49
200648504835 3 1 373  425     60.39
200648505024 1 1 373  422      5.49
200648505025 1 1 473  422      5.49
200648505274 1 1 473  422      5.49
200648601789 1 1 379  144    277.35
200648601838 1 1 479  744    277.35
200648601850 1 1 379  746    122.03
200650407689 1 1 411  422     19.05
200650407695 1 1 111  425     57.15
200650408639 1 1 211  424    266.71
200650409474 1 11411  124    266.71
200650409502 2 11211  123     19.05
200650409659 2 1 311  422     19.05
200650409659 3 21211  422     19.05
200650411381 1 1 311  724    293.93
200650902612 1 1 343  634    289.92
200653507562 1 1 475  345     56.53
200653507648 1 1 475  345     56.53
200653507648 2 2 475  345     56.53
200653507648 3 3 275  345     56.53
200653507693 2 1 375  341      8.08
200653507882 1 1 175  444    274.56
200653508316 1 1 375  344    274.56
200653508424 1 1 175  346    121.13
200659636126 1 1 394  144    267.91
200659636497 1 1 394  344    267.91
200659636511 2 1 394  341     15.76
200659636768 1 1 394  245     63.04
200659636768 5 21494  245     63.04
200659636835 1 1 394  444    267.91
200659636881 1 1 494  446    126.07
200659636903 1 1 394  544    280.96
200659637156 1 1 494  344    267.91
200659637261 1 1 394  144    267.91
200659637411 1 1 494  446    126.07
200659637588 1 1 194  144    267.91
200659637914 1 1 394  244    267.91
200659638473 1 1 194  144    267.91
200659638477 1 11494  145     63.04
200659638822 2 1 394  344    267.91
200659638847 2 1 294  345     63.04
200659639332 1 1 394  344    267.91
200659639391 1 1 494  345     63.04
200659639719 1 1 494  144    267.91
200659639936 1 11494  144    267.91
200659640119 2 1 494  445     63.04
200659640139 1 1 394  444    267.91
200659640223 1 1 394  344    267.91
200659640247 2 19994  343     15.76
200659640323 1 1 394  344    267.91
200659640430 1 1 194  241     15.76
200659640560 1 1 394  144    267.91
200659640877 1 1 394  344    267.91
200659640905 1 1 394  344    267.91
200659640993 1 1 494  344    267.91
200659641011 1 1 494  345     63.04
200659641704 1 1 494  145     63.04
200659641719 1 1 394  144    267.91
200659641859 1 1 394  444    267.91
200659642027 1 1 194  341     15.76
200659642721 1 1 394  344    267.91
200659642744 1 1 294  346    126.07
200659644181 2 11494  442     15.76
200659644250 1 1 494  546    124.87
200659644451 1 1 394  344    267.91
200659644641 1 1 294  244    267.91
200660605923 1 1 4 9  834    275.69
200660605972 1 1 4 9  132      4.80
200660606153 1 114 9  132      4.80
200660606444 1 1 4 9  136    119.94
200660606488 1 1 1 9  134    273.46
200660606633 2 1 4 9  132      4.80
200660606697 1 1 1 9  834    275.69
200660606718 1 1 4 9  132      4.80
200660606726 1 1 4 9  131      4.80
200660606730 1 1 4 9  132      4.80
200660606928 1 113 9  132      4.80
200660607034 1 1 1 9  835     55.14
200660607552 1 1 4 9  834    275.69
200662402694 1 1 379  744    277.35
200662402781 1 1 479  146    122.03
200662403083 1 1 379  146    122.03
200662403083 2 2 479  146    122.03
200662403116 1 1 379  143     11.09
200662403116 2 2 379  143     11.09
200662403262 2 1 179  741     11.09
200662403262 3 2 379  741     11.09
200662403307 1 1 479  145     55.47
200662403320 1 1 479  145     55.47
200662403992 1 1 379  146    122.03
200662403992 2 21479  146    122.03
200662404004 1 1 479  145     55.47
200662404020 2 1 379  145     55.47
200669901526 1 11443  334    281.09
200669901739 1 1 443  336    122.22
200670008389 1 1 343  134    281.09
200670008452 1 11443  132     12.22
200670008571 1 1 143  135     61.11
200670008573 2 21343  136    122.22
200670008573 3 11243  136    122.22
200670008988 1 1 443  135     61.11
200670009185 1 1 443  134    281.09
200670009398 1 1 443  133     12.22
200670009398 2 2 343  133     12.22
200670009946 2 1 343  134    281.09
200670010094 2 1 143  134    281.09
200670010310 1 11443  136    122.22
200670010386 3 1 343  134    281.09
200670010412 1 1 243  134    281.09
200670010453 2 1 443  134    281.09
200670011708 1 11143  134    281.09
200670012009 1 11443  134    281.09
200670012378 1 1 443  135     61.11
200670012657 1 1 143  135     61.11
200670012767 1 11143  132     12.22
200670012794 1 1 443  134    281.09
200670012824 1 1 443  134    281.09
200670012965 1 1 343  133     12.22
200670012965 2 2 443  133     12.22
200670013120 4 1 243  136    122.22
200670013904 1 11243  136    122.22
200670014035 1 1 343  134    281.09
200670014225 1 11343  134    281.09
200670105914 1 11343  233     12.22
200670107204 1 11343 1034    286.74
200670107423 1 11343 1034    286.74
200670107561 1 1 443  231     12.22
200670108115 1 1 343 1034    286.74
200670204244 1 11443  135     61.11
200670204407 1 1 243  134    281.09
200670204642 1 11343  134    281.09
200670204834 2 11443  136    122.22
200670204845 1 1 443  132     12.22
200670303322 1 1 342  232      4.17
200670303928 1 1 242  132      4.17
200670304461 1 1 442  131      4.17
200670402108 1 1 342  433     16.67
200670403286 1 1 342  434    274.97
200670403757 1 11342  434    274.97
200670403845 4 1 142  632      4.23
200670700343 1 1 343  134    281.09
200671000993 1 1 143  134    281.09
200671001512 3 1 143  133     12.22
200671001650 1 1 343  134    281.09
200671001893 1 1 343  134    281.09
200671001944 1 1 443  134    281.09
200671002093 2 1 243  134    281.09
200671002144 1 11443  132     12.22
200690507012 4 1 242  332      4.17
200690507043 1 1 442 1133     11.90
200690507043 3 21242 1133     11.90
200690507056 1 1 442  335     58.33
200690507153 2 11142  332      4.17
200690507178 2 1 442 1136    119.02
200690507547 4 1 442  331      4.17
200690507827 1 1 442  334    274.97
200690508000 2 1 442  336    120.82
200690508017 1 11242 1133     11.90
200690508613 1 1 442  632      4.23
200690508995 1 19942 1134    273.75
200690612507 1 1 247  336    117.63
200690612588 3 1 347  132     19.61
200690612771 1 1 347  334    274.47
200690612993 1 1 247 1034    281.91
200690613495 3 19947  431     19.61
200690614015 1 1 347 1734    360.76
200690614219 1 1 247 1734    360.76
200690614707 3 1 447  431     19.61
200690614789 2 1 447  132     19.61
200690614793 1 1 447  131     19.61
200690614960 1 11347  732     89.57
200690615001 1 1 147  231     19.61
200690615100 1 1 347  132     19.61
200690615412 1 1 447  432     19.61
200690615417 1 1 347  734    268.72
200690615497 1 1 147  433     19.61
200690615553 1 1 447  135     58.82
200690616009 1 1 247  334    274.47
200690616056 1 1 247  732     89.57
200690616101 1 1 447  132     19.61
200690616193 1 1 147 1734    360.76
200690616442 1 1 247  734    268.72
200690617099 1 1 347 1734    360.76
200690617412 1 1 347  134    274.47
200690617432 1 1 347  136    117.63
200690617451 1 1 447  436    117.63
200690617550 1 1 447  231     19.61
200690617570 2 1 247  231     19.61
200690711235 2 1 350 1036    114.59
200690711309 4 1 350  235     59.83
200690711776 1 1 150  231      4.60
200690712505 1 1 150  435     59.83
200690712697 1 1 450  234    276.12
200690713418 1 1 450  534    276.12
200690713529 1 1 450  533     13.81
200690714016 1 1 250 1035     76.39
200690714138 1 1 350  533     13.81
200690714180 1 1 450  234    276.12
200690714246 1 1 350  236    119.65
200690714314 1 1 250 1036    114.59
200690714894 1 1 450  734    273.54
200690715654 3 1 150  531      4.60
200690715654 4 2 150  531      4.60
200690715654 5 3 350  531      4.60
200693522602 1 1 321  214    273.84
200693523077 1 1 321  212      2.32
200693525822 1 1 221  914    278.25
200693526183 1 1 321  412      2.32
200693526406 1 1 321  912      7.95
200693527049 1 1 321  212      2.32
200693619728 1 1 129  521     43.97
200693619905 1 1 331  324    246.10
200693619936 1 1 431  324    246.10
200693619941 1 1 331  324    246.10
200693619943 1 1 131  325     61.52
200693620062 1 1 329  524    263.84
200693620161 1 1 131  426    123.05
200693620256 3 1 331  326    123.05
200693620265 1 11431  324    246.10
200693620274 1 1 331  326    123.05
200693620278 3 1 431  326    123.05
200693620330 1 1 331  324    246.10
200693620336 1 1 131  324    246.10
200693620365 1 1 329  524    263.84
200693620377 1 1 329 1024    243.21
200693620550 1 1 331  324    246.10
200693620566 1 1 331  324    246.10
200693620623 3 1 231  624    354.82
200693620628 2 1 329  421     38.98
200693620734 1 1 331  324    246.10
200693620743 1 1 331  324    246.10
200693620757 1 1 331  322     61.52
200693620761 2 1 431  326    123.05
200693620797 1 1 129  524    263.84
200693620835 1 1 229 1026    121.61
200693621040 1 1 129 1026    121.61
200693621065 1 1 329 1024    243.21
200693621071 1 1 429 1024    243.21
200693621096 1 1 329 1024    243.21
200693621144 1 1 331  324    246.10
200693621192 1 1 331  324    246.10
200693621209 1 1 431  324    246.10
200693621380 1 1 331  324    246.10
200693621390 1 1 331  326    123.05
200693621396 1 1 331  324    246.10
200693621442 1 1 231  424    246.10
200693621533 1 1 329  522     43.97
200693621567 1 1 429 1024    243.21
200693621647 2 1 331  326    123.05
200693621659 1 1 431  324    246.10
200693621679 1 1 331  324    246.10
200693621715 5 1 329  426    116.94
200693621752 1 1 429  425     38.98
200693621807 1 1 429  523     43.97
200693621926 1 1 431  325     61.52
200693621940 1 1 231  326    123.05
200693621940 2 2 431  326    123.05
200693621942 5 1 331  324    246.10
200693621946 1 1 331  324    246.10
200693621958 1 1 131  323     61.52
200693621966 2 1 231  326    123.05
200693621968 1 1 331  324    246.10
200693622094 1 1 331  324    246.10
200693622094 2 2 331  324    246.10
200693622094 3 3 231  324    246.10
200693622101 3 1 331  322     61.52
200693622115 1 1 431  324    246.10
200693622120 1 1 131  324    246.10
200693622259 1 1 329 1024    243.21
200693622308 1 1 129 1024    243.21
200693622318 1 1 329 1024    243.21
200693622328 1 1 329 1024    243.21
200693671550 1 1 229 1024    243.21
200693671587 3 1 229 1026    121.61
200693671691 1 1 131  324    246.10
200693671701 1 1 431  324    246.10
200693671705 1 1 331  324    246.10
200693671718 1 1 331  324    246.10
200693671731 1 1 431  324    246.10
200693671739 1 1 231  324    246.10
200693672167 1 1 331  324    246.10
200693672190 1 1 431  325     61.52
