200710416221 121 2  916  115.05
200710416317 1 0 2  213   27.15
200710416645 1 0 2  313   27.15
200710416648 1 0 2  413   53.89
200710416839 1 0 2  913   57.52
200710417083 1 0 2  215   54.29
200710417100 121 2  613   49.28
200710417167 1 0 2  113   27.15
200710417187 1 0 2  213   27.15
200710417191 1 0 2  413   53.89
200710417276 1 0 2  613   49.28
200710417797 1 0 2  413   53.89
200710417864 1 0 2  313   27.15
200710418008 1 0 2  313   27.15
200710750486 199 3  813   14.90
200710752595 1 1 3 1613   15.62
200710752833 1 0 3 2113   14.57
200710752849 1 0 3 1613   15.62
200710753699 1 1 3  813   14.90
200710754476 199 3  814  248.30
200710754809 1 0 3 1313   14.76
200710754972 1 1 3  313   15.24
200710755129 1 1 3  313   15.24
200710755183 1 1 3 1614  249.92
200710755243 1 1 3  113   14.95
200710755265 1 0 3 1313   14.76
200710755434 1 1 3 1013   14.35
200710755535 1 0 3  713   15.17
200710756257 1 0 3  813   14.90
200710756405 1 0 3 1313   14.76
200710756621 1 0 3 1313   14.76
200710756765 1 1 3  413   14.92
200710756839 1 0 3  313   15.24
200710757042 1 1 3 1313   14.76
200710757131 1 4 3 1613   15.62
200710757480 1 1 3 1613   15.62
200710757489 1 1 3 1313   14.76
200710757546 199 3  313   15.24
200710757868 1 1 3 1013   14.35
200710758677 1 1 3  113   14.95
200710758994 1 0 3  313   15.24
200710759174 1 1 3  713   15.17
200710759230 1 1 3  413   14.92
200710759469 1 1 3 1613   15.62
200710759677 1 1 3 1613   15.62
200710761313 1 0 3  813   14.90
200710761354 1 1 3 2114  247.75
200710761661 1 1 3 1313   14.76
200710761748 1 1 3  414  248.72
200711138722 1 0 4  313   13.05
200711138850 1 0 4  213   13.05
200711139684 1 4 4  213   13.05
200711141095 1 0 4 1714  243.19
200711141095 2 0 4 1714  243.19
200711141098 1 0 4 1714  243.19
200711142263 1 0 4  214  247.88
200711142546 1 1 4  313   13.05
200711142638 1 1 4  113   13.05
200711142901 1 0 4  213   13.05
200711143153 1 0 4  213   13.05
200711143250 1 0 4  213   13.05
200711143376 1 0 4  213   13.05
200711143379 1 1 4  213   13.05
200711143533 1 1 4  113   13.05
200711143583 1 0 4  113   13.05
200711143739 1 0 4  113   13.05
200711143769 1 1 4  213   13.05
200711143831 121 4  613   27.14
200711143843 1 0 4  713   33.92
200711144142 1 0 4  213   13.05
200711144225 1 0 4  313   13.05
200711144663 1 0 4  114  247.88
200711144733 1 4 4  213   13.05
200711144764 121 4  213   13.05
200711144877 1 0 4  113   13.05
200711145040 1 0 4  413   13.05
200711145044 1 0 4  313   13.05
200711145197 1 1 4  213   13.05
200711145329 1 1 4  113   13.05
200711145367 1 0 4  213   13.05
200711145378 1 0 4 1713  121.59
200711145378 2 0 4 1713  121.59
200711145511 1 0 4  213   13.05
200711145747 1 1 4  213   13.05
200711145845 1 0 4  413   13.05
200711146325 1 0 4  613   27.14
200711146426 1 0 4  114  247.88
200711146445 1 0 4  413   13.05
200711146660 1 0 4  613   27.14
200711147550 1 0 4  613   27.14
200711148416 1 0 4  714  237.45
200711509024 1 1 5  813   16.46
200711509709 1 0 5  814  246.88
200711509807 1 0 5  813   16.46
200711509962 1 0 5  213   16.57
200711510307 1 0 5 1113   21.10
200711510344 1 0 5  116  104.94
200711510486 1 0 5 1613   22.42
200711510513 121 5  813   16.46
200711510518 1 1 5  813   16.46
200711510580 1 1 5  113   16.57
200712001465 1 0 6 2613   20.24
200712001466 1 1 6 2613   20.24
200712001489 1 1 6 1413   11.62
200712409067 1 0 8 1513   28.38
200712409232 1 0 8 1513   28.38
200712409367 199 8 6914  198.96
200712409857 1 0 8  213   12.85
200712409921 1 0 8 1513   28.38
200713014315 1 1 9  833   15.75
200713014315 2 1 9  833   15.75
200713016407 1 0 9  433   14.39
200713016674 1 0 9  433   14.39
200713016836 1 0 9  534  249.47
200713016887 1 0 9  533   14.39
200713016933 1 1 9  733   14.39
200713017486 1 0 9 1333   24.30
200713017577 199 9  533   14.39
200713018814 1 0 9  433   14.39
200713018825 1 0 9  733   14.39
200713019532 1 1 9 1333   24.30
200713107592 1 042  133   12.50
200713108576 1 042  133   12.50
200713108978 1 142  133   12.50
200713110507 12142  133   12.50
200713110524 12142  133   12.50
200713110737 1 142  233   12.50
200713111048 1 142  233   12.50
200713111795 1 042  133   12.50
200713112291 1 042  233   12.50
200713112625 1 142  133   12.50
200713112960 1 142  133   12.50
200713113679 1 042  133   12.50
200713113701 1 042  133   12.50
200713113701 2 042  133   12.50
200713113701 3 042  133   12.50
200713113701 4 042  133   12.50
200713113701 5 042  133   12.50
200713113701 6 042  133   12.50
200713113701 7 042  133   12.50
200713113701 8 042  133   12.50
200713113701 9 042  133   12.50
20071311370110 042  133   12.50
200713114189 1 042  133   12.50
200713115188 1 042  133   12.50
200713115361 1 042  233   12.50
200713115431 1 042  133   12.50
200713523940 1 011  523   19.05
200713524304 1 011  123   19.05
200713524314 1 011  224  247.66
200713524485 1 011  123   19.05
200713524488 1 011  123   19.05
200713524507 12111  723   48.99
200713524516 1 111  523   19.05
200713524762 1 011  423   19.05
200713524762 2 011  423   19.05
200713524795 1 011  223   19.05
200713524801 1 011  223   19.05
200713525051 12111  224  247.66
200713525115 1 011  523   19.05
200713525168 1 011  323   19.05
200713525464 1 011  123   19.05
200713525467 1 011  123   19.05
200713525469 12111  124  247.66
200713525756 1 011  123   19.05
200713525922 1 011  223   19.05
200714044005 1 012  123   12.61
200714044005 2 012  123   12.61
200714044379 1 012  123   12.61
200714045222 1 012  123   12.61
200714045454 1 012  124  245.80
200714045816 1 112  123   12.61
200714047079 1 012  923   20.79
200714047155 1 012  123   12.61
200714047288 1 012  323   12.61
200714047871 1 012  123   12.61
200714048190 1 112  523   12.21
200714049566 1 012  423   12.61
200714724787 1 113  123   38.97
200714725345 1 013  123   38.97
200714725465 12113  123   38.97
200714725488 12113  123   38.97
200714725791 1 013  123   38.97
200714725802 1 013  423   38.97
200714725867 12113  123   38.97
200714725970 1 013  623   38.97
200714726205 1 113  123   38.97
200714726207 1 013  124  233.80
200714726287 1 113  123   38.97
200714726293 1 013  124  233.80
200714726429 1 113  123   38.97
200714726689 12213  123   38.97
200714726845 12113  123   38.97
200714726899 1 013  123   38.97
200714727190 1 013  325   38.97
200714727190 2 013  325   38.97
200714727192 1 013  223   38.97
200714829050 1 121  513   13.92
200714829719 19921  513   13.92
200714829927 1 121  513   13.92
200715427314 1 141  133   10.03
200715427329 1 041  133   10.03
200715427337 1 141  133   10.03
200715427338 12141  133   10.03
200715427438 1 041  133   10.03
200715427450 1 041  133   10.03
200715427732 1 141  133   10.03
200715427769 1 041  133   10.03
200715427785 1 041  133   10.03
200715427785 2 041  133   10.03
200715427792 1 041  233   10.03
200715427828 1 041  234  250.67
200715427904 1 041  133   10.03
200715428063 1 041  133   10.03
200715428115 1 041  133   10.03
200715428190 1 041  133   10.03
200715428191 1 041  133   10.03
200715428290 1 041  233   10.03
200715428400 1 041  233   10.03
200715428454 1 041  133   10.03
200715428454 2 041  133   10.03
200715428483 1 041  133   10.03
200715428488 1 141  133   10.03
200715428511 1 141  133   10.03
200715428533 1 141  233   10.03
200715428545 1 141  133   10.03
200715428546 1 141  133   10.03
200715428548 1 041  133   10.03
200715428552 1 041  133   10.03
200715428556 1 041  133   10.03
200715428578 1 041  133   10.03
200715428759 1 041  133   10.03
200715428793 1 041  133   10.03
200715428982 1 041  233   10.03
200715429055 1 041  233   10.03
200715429211 1 041  133   10.03
200715429226 1 041  233   10.03
200715429239 1 041  133   10.03
200715429269 1 041  134  250.67
200715429347 1 041  133   10.03
200715429530 1 041  231   10.03
200715429624 14041  233   10.03
200715429666 1 041  132   10.03
200715429704 1 141  236  100.27
200715429725 1 141  133   10.03
200715429751 1 041  133   10.03
200715429777 1 041  133   10.03
200715429909 1 041  133   10.03
200715429933 1 141  133   10.03
200715430134 1 041  133   10.03
200715430364 12141  133   10.03
200715430369 1 041  133   10.03
200715430409 1 041  233   10.03
200715430454 1 041  133   10.03
200715430463 1 041  133   10.03
200715430650 1 041  233   10.03
200715430709 19941  133   10.03
200715430739 1 041  133   10.03
200715430989 1 041  233   10.03
200715430993 1 141  233   10.03
200715431201 1 041  133   10.03
200715431215 1 041  133   10.03
200715431325 19941  133   10.03
200715431473 1 041  233   10.03
200715431487 1 041  133   10.03
200715431505 1 141  233   10.03
200715431520 1 041  133   10.03
200715431614 1 141  233   10.03
200715431664 1 041  133   10.03
200715431699 1 141  233   10.03
200715431712 1 141  233   10.03
200715431814 1 141  133   10.03
200715431933 1 041  133   10.03
200715431952 1 041  133   10.03
200715431974 12141  133   10.03
200715431978 1 141  133   10.03
200715432008 1 041  133   10.03
200715432141 1 141  133   10.03
200715432146 1 041  133   10.03
200715432206 1 041  133   10.03
200715432325 1 041  233   10.03
200715432504 1 041  233   10.03
200715432515 1 041  233   10.03
200715432583 1 141  233   10.03
200715432589 1 041  133   10.03
200715432601 1 141  133   10.03
200715432689 1 041  133   10.03
200715432689 2 041  133   10.03
200715432692 1 041  233   10.03
200715432860 1 041  133   10.03
200715432918 1 041  233   10.03
200715432932 1 041  233   10.03
200715432981 1 041  233   10.03
200715433009 1 041  133   10.03
200715433049 1 041  133   10.03
200715433052 1 141  133   10.03
200715433123 1 041  233   10.03
200715433124 1 141  233   10.03
200715433214 1 041  133   10.03
200715433508 1 041  133   10.03
200715433513 1 041  133   10.03
200716113077 1 043  333   12.22
200716113969 1 043  333   12.22
200716114360 1 143  333   12.22
200716115359 1 043  333   12.22
200716115707 1 043  333   12.22
200716115845 1 143  133   12.22
200716115947 1 143  133   12.22
200716116083 1 043  133   12.22
200716116188 1 143  634  248.50
200716116204 1 043  633   41.42
200716116813 1 043  333   12.22
200716117116 1 143  633   41.42
200716520100 1 045  132   10.11
200716520223 1 045  133   10.11
200716521092 1 045  233   10.11
200716521440 1 045  133   10.11
200716521938 1 045  133   10.11
200716522068 12145  133   10.11
200716522444 1 045  133   10.11
200716522788 1 045  233   10.11
200716522970 1 145  133   10.11
200716523037 12145  133   10.11
200716523610 12145  134  252.66
200716524232 1 045  133   10.11
200716527957 12145  133   10.11
200716528291 1 045  132   10.11
200716529153 12145  133   10.11
200716531023 1 045  133   10.11
200717119622 12151  133   79.66
200717119812 1 051  133   79.66
200717120213 1 151  133   79.66
200717120254 19951  134  238.97
200717120450 1 051  132   79.66
200717120756 1 151  133   79.66
200717234581 1 848  433   51.96
200717235526 1 048  133   51.96
200717238737 1 048  333   51.96
200717240540 12148  433   51.96
200717240772 12148  333   51.96
200717240980 1 048  133   51.96
200717243466 19948  233   51.96
200717603685 1 049  133   15.64
200717605072 1 049  133   15.64
200717607175 1 049  133   15.64
200717607945 1 049  133   15.64
200717608242 1 149  133   15.64
200717608686 1 049  133   15.64
200717609254 1 049  133   15.64
200717609555 12149  133   15.64
200717610071 12149  133   15.64
200717610195 1 049  133   15.64
200717610249 1 149  133   15.64
200717611050 1 149  133   15.64
200717611660 1 149  133   15.64
200718400196 1 072  123   15.00
200718400289 1 172  623   15.00
200718400794 12172  423   15.00
200718401911 1 072  324  250.00
200718402674 1 072  423   15.00
200718402725 1 072  323   15.00
200718402750 1 172  223   15.00
200718402849 1 072  423   15.00
200718402853 1 072  423   15.00
200718402996 1 072  423   15.00
200718403200 1 072  123   15.00
200718403254 1 172  423   15.00
200718403350 1 172  623   15.00
200718403435 1 072  323   15.00
200718403534 1 072  123   15.00
200718404145 1 072  122    5.00
200718404150 19972  123   15.00
200718404694 1 072  422    5.00
200718404697 1 172  423   15.00
200718404779 1 172  623   15.00
200718404809 1 072  223   15.00
200718405526 1 072  623   15.00
200718405535 19972  323   15.00
200718405538 19972  323   15.00
200718405541 19972  323   15.00
200718405924 1 072  423   15.00
200718406022 1 072  223   15.00
200718406098 1 072  323   15.00
200718406534 1 072  323   15.00
200718406609 1 172  122    5.00
200718406613 1 072  123   15.00
200718407411 1 072  623   15.00
200718408035 1 072  223   15.00
200718408423 1 072  323   15.00
200718408563 1 072  423   15.00
200718409014 1 172  322    5.00
200718411055 1 072  223   15.00
200718495131 1 072  123   15.00
200718495997 1 172  123   15.00
200718496813 1 172  123   15.00
200718497848 1 072  623   15.00
200718497851 1 072  623   15.00
200718497903 1 072  123   15.00
200718498904 1 072  123   15.00
200718498953 1 072  123   15.00
200718498959 1 072  123   15.00
200718498965 1 172  123   15.00
200718499318 1 072  323   15.00
200718946333 19973  523   10.13
200718946543 12173 1023   31.93
200718947357 1 073  523   10.13
200718947378 1 173 1023   31.93
200718947611 1 073  223   16.47
200718948178 1 073  523   10.13
200718948178 2 073  523   10.13
200718948214 1 173  123   16.47
200718948396 1 073  523   10.13
200718948486 1 473  223   16.47
200718948867 1 073  923   21.64
200718948878 1 073  523   10.13
200718948891 19973  523   10.13
200718949279 1 073  523   10.13
200718950012 1 073 1024  255.40
200718950079 1 073 1023   31.93
200718950126 1 173  223   16.47
200718950210 1 073  523   10.13
200719005417 1 175  443   16.15
200719005437 19975  443   16.15
200719005940 19975  343   16.15
200719354091 1 174  223   12.53
200719356033 1 074  123   12.53
200720160159 19975  243   16.15
200720160745 19975  243   16.15
200720160975 1 175  243   16.15
200720161486 19975  543   14.07
200720161756 1 175  243   16.15
200720162090 1 175  143   16.15
200720162274 19975  143   16.15
200720162281 1 175  243   16.15
200720163073 1 075  143   16.15
200720163077 1 175  143   16.15
200720163097 19975  143   16.15
200720164292 19975  143   16.15
200720164382 19975  243   16.15
200720164555 1 075  246  104.98
200720164829 19975  243   16.15
200720165102 1 175  243   16.15
200720165414 19975  243   16.15
200720165601 1 175  543   14.07
200720166092 19975  243   16.15
200720509393 1 076  343  105.29
200720509403 1 076  544  210.58
200720509877 1 076  343  105.29
200720510053 1 076  444  210.58
200720510157 12176  543  105.29
200720510457 1 076  543  105.29
200720510460 12176  543  105.29
200720510606 1 076  344  210.58
200720511057 1 076  543  105.29
200720864780 1 097  243   13.34
200720864894 1 197  444  253.41
200720865731 19996 2043   12.24
200720865936 1 197  243   13.34
200720867082 1 197  244  253.41
200720867122 1 097  443   13.34
200720867144 1 197  343   13.34
200720867935 1 096 1143   13.11
200720868258 1 197  343   13.34
200720868809 1 096 2043   12.24
200720869401 1 096 1843   15.16
200720869759 1 097  244  253.41
200720869793 1 197  343   13.34
200720870289 12196 1143   13.11
200720870541 1 096 2043   12.24
200720871000 19997  343   13.34
200720871021 1 197  343   13.34
200720871042 1 097  343   13.34
200720871071 1 097  243   13.34
200720871085 1 197  243   13.34
200720871096 1 097  243   13.34
200720871408 12196 1143   13.11
200720872195 1 196 2043   12.24
200720872214 1 096 2043   12.24
200720872741 1 096 3343    9.60
200720872797 1 097  343   13.34
200720872893 1 197  443   13.34
200720873769 1 097  443   13.34
200720873820 1 097  243   13.34
200720873822 19997  243   13.34
200720874055 1 196  143   14.00
200720874256 1 096 2043   12.24
200720874687 1 096 4343   15.95
200720876144 12196 2043   12.24
200720876217 12196  843   15.51
200720877148 1 097  143   13.34
200720877920 1 097  243   13.34
200720877996 1 197  344  253.41
200720878108 1 097  143   13.34
200720879422 1 097  243   13.34
200720879484 1 197  243   13.34
200720879604 1 197  343   13.34
200720880487 1 196 4344  255.21
200720881115 1 096 3343    9.60
200720882360 1 197  443   13.34
200720906043 1 078  144  221.27
200720906061 12178  143   55.32
200720906287 1 078  143   55.32
200720906342 1 078  243   55.32
200720906594 1 178  143   55.32
200720907079 12178  243   55.32
200720907368 1 178  143   55.32
200720907636 1 078  143   55.32
200720907679 1 078  143   55.32
200720907685 1 078  143   55.32
200720907747 1 078  143   55.32
200720907896 1 178  143   55.32
200720907980 1 878  143   55.32
200720907989 1 078  143   55.32
200720908150 1 078  143   55.32
200720908436 1 078  143   55.32
200720908448 1 178  143   55.32
200720908552 12178  143   55.32
200720908741 1 178  143   55.32
200720908788 1 178  243   55.32
200720908871 1 078  243   55.32
200720908960 1 178  243   55.32
200720908997 1 078  143   55.32
200720909027 12178  243   55.32
200720909031 1 078  243   55.32
200720909084 1 178  243   55.32
200720909162 1 178  143   55.32
200720909225 1 078  143   55.32
200720909243 1 078  143   55.32
200720909372 1 178  143   55.32
200720909410 1 078  243   55.32
200720909676 1 078  143   55.32
200720909955 12178  143   55.32
200720910109 1 078  244  221.27
200720910110 1 078  243   55.32
200721003003 1 079  143   11.09
200721003292 1 079  146   99.85
200721003591 1 179  743   11.09
200721003591 2 179  743   11.09
200721003787 1 079  743   11.09
200721003895 1 079  743   11.09
200721003921 1 179  743   11.09
200721127983 1 079  743   11.09
200721128433 1 079  743   11.09
200721128800 1 179  743   11.09
200721128802 1 079  743   11.09
200721128814 19979  743   11.09
200721129095 1 179  743   11.09
200721129106 1 079  743   11.09
200721129617 1 079  743   11.09
200721129801 1 079  743   11.09
200721129811 1 179  743   11.09
200721129892 1 079  743   11.09
200721130068 19979  743   11.09
200721130752 1 179  743   11.09
200721131132 1 179  743   11.09
200721131148 12179  743   11.09
200721131148 22179  743   11.09
200721131690 1 179  744  244.07
200721132036 1 079  743   11.09
200721132077 1 079  746   99.85
200721132077 2 079  746   99.85
200721132749 1 179  743   11.09
200721132880 1 179  743   11.09
200721133263 1 079  743   11.09
200721133516 1 179  743   11.09
200721133532 1 179  743   11.09
200721133636 1 079  743   11.09
200721133656 1 179  743   11.09
200721133982 1 079  743   11.09
200721134302 1 079  743   11.09
200721702681 1 079  143   11.09
200721702688 1 079  143   11.09
200721702724 1 179  143   11.09
200721702735 1 179  143   11.09
200721702822 12179  143   11.09
200721702997 1 179  143   11.09
200721703052 1 179  143   11.09
200721703166 1 079  143   11.09
200721703233 1 179  143   11.09
200721801872 1 179  143   11.09
200721801886 1 079  143   11.09
200721802070 1 079  143   11.09
200721802076 1 079  143   11.09
200722054567 1 081  443   14.42
200722055181 1 081  143   14.42
200722055721 1 181  143   14.42
200722056833 1 081 1143   10.66
200722057356 1 881  143   14.42
200722057543 1 081  543   14.42
200722057800 1 081  243   14.42
200722058703 19981  343   14.42
200722058771 19981  443   14.42
200722058863 1 081  743   15.56
200722059014 1 081  143   14.42
200722059847 1 081  443   14.42
200722060004 1 081  543   14.42
200722061309 12181  743   15.56
200722061620 1 081  443   14.42
200722061801 1 081  546  105.77
200722062264 1 081  143   14.42
200722062862 1 081  343   14.42
200722062947 1 081  443   14.42
200722063421 1 081  343   14.42
200722064178 1 081  143   14.42
200722065731 1 081  443   14.42
200722366756 19982  143   16.42
200722367261 1 082  143   16.42
200722368072 1 182  143   16.42
200722368106 1 082  143   16.42
200722368654 1 082  143   16.42
200722368966 1 082  143   16.42
200722369488 1 082  143   16.42
200722369526 1 182  143   16.42
200722370921 1 082  143   16.42
200722371033 1 182  143   16.42
200722371290 1 982  143   16.42
200722371313 1 082  143   16.42
200722371333 1 082  143   16.42
200722371582 1 082  143   16.42
200722371818 1 082  143   16.42
200722371846 1 182  143   16.42
200722372110 1 082  143   16.42
200722372571 1 082  143   16.42
200722372788 1 082  143   16.42
200722372803 1 182  143   16.42
200722372816 1 082  143   16.42
200722372821 1 182  143   16.42
200722372881 1 082  144  246.24
200722373037 1 082  143   16.42
200722373070 1 082  143   16.42
200722373433 1 082  143   16.42
200722373450 1 482  143   16.42
200722373762 1 182  143   16.42
200722374275 1 082  143   16.42
200722374282 1 082  143   16.42
200722374317 1 082  143   16.42
200722374633 1 082  143   16.42
200722374647 1 082  143   16.42
200722374654 1 082  143   16.42
200722374671 1 082  143   16.42
200722375861 1 082  143   16.42
200722376186 1 082  143   16.42
200722376193 1 082  143   16.42
200722376442 1 182  143   16.42
200722376449 1 182  143   16.42
200722376805 1 182  143   16.42
200722377054 1 182  142    5.47
200722377054 2 182  142    5.47
200722377057 1 082  143   16.42
200722377352 12182  143   16.42
200722377621 1 182  143   16.42
200722377992 1 182  143   16.42
200722378266 1 182  143   16.42
200722378858 1 082  143   16.42
200722379488 1 082  143   16.42
200722380086 1 182  143   16.42
200722380127 1 182  143   16.42
200722380214 1 082  143   16.42
200722380726 12182  143   16.42
200722381169 1 882  144  246.24
200722381349 1 082  143   16.42
200726905039 1 011  323   19.05
200726905147 1 411  323   19.05
200726905179 1 111  323   19.05
200726905602 1 011  324  247.66
200726905680 1 011  123   19.05
200729927743 1 0 1  213   33.89
200729927795 1 0 1  413   33.89
200729927798 121 1  413   33.89
200729927815 1 1 1  213   33.89
200729927926 1 0 1 1313   33.89
200729927936 121 1  713   33.89
200729928211 121 1  113   33.89
200729928293 121 1  113   33.89
200729928498 1 0 1  813   33.89
200729928517 1 0 1  113   33.89
200729928591 1 0 1  214  237.21
200730017347 1 0 7  314  244.31
200730017439 1 0 7 1013   52.04
200730017508 121 7  113    9.40
200730017580 1 0 7  113    9.40
200730018640 1 0 7  313    9.40
200730018879 1 1 7  113    9.40
200730246468 1 123  613   11.91
200730247148 1 023  113   21.38
200730247157 1 123  113   21.38
200730247276 1 023  113   21.38
200730247471 1 023  114  256.57
200730247481 1 123  113   21.38
200730247485 19923  113   21.38
200730247771 1 023  113   21.38
200730248055 1 123  113   21.38
200730248568 1 023  113   21.38
200730248728 1 023  113   21.38
200730248749 12123  114  256.57
200730249181 1 023  113   21.38
200730249655 1 023  913   10.71
200730250027 12123  113   21.38
200730250036 1 023  113   21.38
200730250078 1 023  213   14.97
200730250513 12123  113   21.38
200730250635 1 023  113   21.38
200730250671 1 123  114  256.57
200730250715 1 123  913   10.71
200730250781 1 023  413   14.97
200730251349 1 123  112   21.38
200730251661 12123  113   21.38
200730344639 1 125  613   40.61
200730345328 1 124  213   16.67
200730345448 1 124 1213   39.97
200730345792 1 025  614  243.68
200730345972 1 025 1414  214.19
200730346177 1 125  313   12.07
200730346184 1 025  713   45.17
200730346242 1 125  113   12.07
200730346377 1 124  713   17.39
200730346476 1 024 1213   39.97
200730346863 1 125  614  243.68
200730347417 12124 1213   39.97
200730347418 1 024 1213   39.97
200730347436 1 024 1214  239.84
200730347708 1 024 1214  239.84
200730347725 1 125  313   12.07
200730347726 1 125  313   12.07
200730347779 1 025  113   12.07
200730348643 1 125  314  253.47
200730348964 1 024 1214  239.84
200730348991 1 024  112    8.36
200730349144 1 025  113   12.07
200730349582 1 024  714  243.45
200730349965 1 124  113   16.72
200730350305 1 024  214  250.07
200730350361 1 125  713   45.17
200730350368 1 125  713   45.17
200730350453 1 125  212   12.07
200730351052 1 025  713   45.17
200730351121 1 125  312   12.07
200730351209 19925 1413  107.09
200730351603 19924  914  256.02
200730400420 1 033  823   12.51
200730400815 1 032  123   20.94
200730400930 1 110 1724  255.09
200730401702 1 010  323   13.50
200730401840 1 033  123   13.85
200730402024 1 133 1223   11.14
200730404569 1 110 1523   13.60
200730404735 1 133  123   13.85
200730406245 1 033  123   13.85
200730408152 1 133  223   13.85
200730408446 1 132  123   20.94
200730410525 1 010 1523   13.60
200730492101 1 033 1623   22.77
200730492182 1 033  123   13.85
200730493543 1 133  123   13.85
200730494665 1 010 2422   27.10
200730494925 1 133  623    9.37
200730495861 1 010  323   13.50
200730496060 1 810 1523   13.60
200730496060 2 810 1523   13.60
200730496449 1 133  123   13.85
200730496499 1 033  123   13.85
200730496741 1 010  123   13.50
200730496837 12133  123   13.85
200730496982 1 133  823   12.51
200730497190 1 032  123   20.94
200730498181 1 110 1524  244.74
200730498848 1 033  323   13.85
200730498871 1 033 1223   11.14
200730498996 1 110  122    2.70
200730869984 1 191  423   16.49
200730871063 19991 4623   14.80
200730871600 1 191 3223   10.36
200730872005 1 19111223   30.41
200730872309 1 091 1523   15.50
200730873806 1 091 4623   14.80
200730874581 1 191  923   15.90
200730874656 1 091 2423   15.04
200730874798 1 191 3223   10.36
200730874833 1 091 4623   14.80
200730874904 1 191  123   13.96
200730875561 1 191  423   16.49
200730875902 1 191  723   11.32
200730876012 12191  923   15.90
200730876168 1 091 1523   15.50
200730876258 1 091 4623   14.80
200730876313 1 091 3223   10.36
200730876321 19991 3223   10.36
200730877206 1 091 4623   14.80
200730877214 1 091 4623   14.80
200730877640 1 091  423   16.49
200730877809 1 191 1923   13.59
200730878006 1 19111223   30.41
200730878140 1 091  923   15.90
200730878344 1 091  423   16.49
200730878615 1 191 1923   13.59
200730879108 19991 5523   16.07
200730880052 1 091 4623   14.80
200730880075 1 091 4623   14.80
200730880133 19991 3223   10.36
200730880464 1 191  723   11.32
200730880492 1 091  723   11.32
200730880600 1 091 2423   15.04
200730880660 1 091 1923   13.59
200730880706 1 091 1923   13.59
200730881179 1 091  123   13.96
200730882361 1 091  423   16.49
200731116576 1 022  114  234.54
200731116585 1 022  116  117.27
200731116727 1 022  813   88.51
200731116728 1 022  813   88.51
200731116865 1 022  813   88.51
200731116881 1 022  213   29.32
200731116914 1 022  113   29.32
200731116941 1 022  813   88.51
200731116981 1 022  113   29.32
200731117085 1 022  213   29.32
200731117121 1 022  113   29.32
200731117128 1 022  113   29.32
200731117139 1 022  614  242.42
200731117220 1 022  613   60.61
200731246998 1 026  113   12.73
200731247643 1 026  713   15.80
200731247866 1 026  313   16.66
200731247876 1 126  913   12.51
200731247949 1 126 1313   33.33
200731248161 1 026  913   12.51
200731248470 1 026  213   12.73
200731248589 12126  113   12.73
200731248699 1 126  913   12.51
200731248704 12126  913   12.51
200731248779 1 026  313   16.66
200731249058 1 026  913   12.51
200731249061 12126  213   12.73
200731249554 1 026  113   12.73
200731250158 1 126  113   12.73
200731367617 1 127  133   18.16
200731367860 1 027  233   18.16
200731368145 1 127  133   18.16
200731368196 1 027  133   18.16
200731368236 1 027  133   18.16
200731368491 1 027  233   18.16
200731368534 1 027  233   18.16
200731368671 1 027  233   18.16
200731368735 1 027  133   18.16
200731368898 12127  133   18.16
200731369066 1 027  233   18.16
200731369314 1 127  233   18.16
200731369360 1 027  233   18.16
200731369588 1 127  133   18.16
200731369668 1 027  133   18.16
200731370412 1 027  133   18.16
200731370475 1 127  133   18.16
200731370681 1 127  133   18.16
200731371005 1 127  236  108.95
200731371081 1 027  233   18.16
200731371235 1 027  133   18.16
200731371235 2 027  133   18.16
200731371630 1 027  233   18.16
200731372130 1 027  233   18.16
200731372247 12127  133   18.16
200731372456 1 127  133   18.16
200731372676 1 127  233   18.16
200731372842 1 027  133   18.16
200731372986 1 027  133   18.16
200731373281 1 127  233   18.16
200731373486 1 027  234  245.13
200731373507 1 127  233   18.16
200731373608 1 127  133   18.16
200731373656 1 027  133   18.16
200731374280 1 027  233   18.16
200731374426 1 027  133   18.16
200731375179 1 027  233   18.16
200731375385 1 027  133   18.16
200731375565 1 127  133   18.16
200731376174 1 027  133   18.16
200731376335 1 027  133   18.16
200731376479 1 127  133   18.16
200731376760 1 027  233   18.16
200731377798 1 027  133   18.16
200731407220 1 028  134  323.24
200731573756 1 030  123   11.32
200731574285 1 130  123   11.32
200731574610 1 030  223   13.60
200731577414 1 030  123   11.32
200731577875 1 030  123   11.32
200731578241 1 030  123   11.32
200731578249 1 130  123   11.32
200731578308 1 030  123   11.32
200731578660 1 130  123   11.32
200731578715 1 030  123   11.32
200731578964 1 130  123   11.32
200731579060 1 130  123   11.32
200731579104 1 030  123   11.32
200731579560 1 029  123   17.18
200731579626 1 130  123   11.32
200731579691 12130  123   11.32
200731579709 1 030  123   11.32
200731579928 1 030  123   11.32
200731580098 1 030  124  249.03
200731580108 1 030  123   11.32
200731580344 1 030  123   11.32
200731580426 1 030  124  249.03
200731580623 12130  123   11.32
200731581015 1 030  123   11.32
200731581856 1 030  123   11.32
200731581935 1 030  123   11.32
200731582218 1 029  123   17.18
200731582287 1 029  123   17.18
200731582287 2 029  123   17.18
200731582287 3 029  123   17.18
200731582387 12130  123   11.32
200731582794 1 130  123   11.32
200731583073 1 830  123   11.32
200731583111 1 030  123   11.32
200731583379 1 030  123   11.32
200731583577 1 030  123   11.32
200731583838 12130  123   11.32
200731584647 1 030  123   11.32
200731585572 1 030  123   11.32
200731585870 12130  122   11.32
200731585967 12130  123   11.32
200731725386 1 144  333   45.09
200731831088 1 046  533   22.46
200731831911 1 046  134  247.10
200731832298 12146  133   22.46
200731832589 1 146  333   22.46
200731832721 1 046  434  247.10
200731832753 1 046  433   22.46
200731832991 1 046  134  247.10
200731833598 1 146  534  247.10
200731834915 1 046  433   22.46
200731834966 1 046  233   22.46
200731835181 1 046  233   22.46
200732023575 1 161  133   34.72
200732023575 14061  133   34.72
200732023660 1 161  233   34.72
200732023686 19961  133   34.72
200732023759 1 061  233   34.72
200732023759 2 061  233   34.72
200732023834 1 061  236  104.14
200732023930 14061  133   34.72
200732023936 1 061  133   34.72
200732023975 14061  233   34.72
200732023979 1 161  233   34.72
200732024031 1 061  133   34.72
200732024071 12161  233   34.72
200732024122 1 161  133   34.72
200732024122 14061  133   34.72
200732024142 1 061  133   34.72
200732024161 1 061  233   34.72
200732024243 1 061  233   34.72
200732024301 1 161  333   34.72
200732024317 12161  234  243.00
200732024346 19861  133   34.72
200732024360 1 061  133   34.72
200732024361 1 161  133   34.72
200732024373 1 061  133   34.72
200732024392 1 061  233   34.72
200732024466 1 061  233   34.72
200732024558 1 061  233   34.72
200732024605 1 061  233   34.72
200732024632 1 061  233   34.72
200732024634 1 061  233   34.72
200732024649 12161  133   34.72
200732024682 1 061  233   34.72
200732024787 19961  233   34.72
200732024798 1 161  233   34.72
200732024809 1 061  133   34.72
200732024832 1 161  233   34.72
200732024887 1 061  233   34.72
200732024912 1 161  133   34.72
200732024985 14061  133   34.72
200732024985 24061  133   34.72
200732025041 1 061  333   34.72
200732025043 1 161  532   34.72
200732025069 1 161  133   34.72
200732025070 1 061  133   34.72
200732025100 1 061  133   34.72
200732025193 1 061  433   34.72
200732025223 1 061  133   34.72
200732025241 1 061  133   34.72
200732025303 1 061  133   34.72
200732025403 1 061  633   34.72
200732025406 1 061  633   34.72
200732025536 1 061  133   34.72
200732025610 14061  133   34.72
200732025617 14061  233   34.72
200732025706 1 061  133   34.72
200732025756 1 061  233   34.72
200732025824 1 161  133   34.72
200732025827 1 061  133   34.72
200732025995 1 161  132   34.72
200732026026 1 161  233   34.72
200732026103 1 161  234  243.00
200732026137 1 061  133   34.72
200732026148 1 061  133   34.72
200732026294 1 061  533   34.72
200732026298 19961  433   34.72
200732026318 1 161  233   34.72
200732026326 1 061  633   34.72
200732026345 12161  133   34.72
200732026383 1 161  533   34.72
200732026389 1 061  233   34.72
200732026420 1 061  133   34.72
200732026431 1 061  134  243.00
200732026454 1 061  133   34.72
200732026487 1 161  433   34.72
200732026519 1 061  333   34.72
200732026577 1 161  133   34.72
200732026672 1 161  233   34.72
200732026691 1 061  433   34.72
200732026710 14061  134  243.00
200732026710 24061  134  243.00
200732026745 1 061  433   34.72
200732026778 12161  133   34.72
200732026799 1 161  333   34.72
200732026837 1 061  133   34.72
200732026859 1 061  233   34.72
200732026866 1 061  233   34.72
200732026924 14061  133   34.72
200732027000 1 061  133   34.72
200732154196 1 063  133   13.96
200732154532 1 163  133   13.96
200732155041 1 062  333   24.55
200732155188 1 062  233   24.55
200732155649 1 063  133   13.96
200732156917 1 062  233   24.55
200732157328 1 063  133   13.96
200732157364 1 062  233   24.55
200732158036 1 063  133   13.96
200732158697 12162  333   24.55
200732255977 1 064  133    9.44
200732256717 1 064  133    9.44
200732257563 1 064  133    9.44
200732257953 1 064  133    9.44
200732258939 12164  133    9.44
200732259189 1 064  133    9.44
200732259364 1 064  133    9.44
200732259476 1 164  133    9.44
200732259649 1 064  133    9.44
200732259701 1 064  133    9.44
200732260429 1 164  133    9.44
200732260576 1 064  133    9.44
200732260588 1 064  133    9.44
200732262224 1 064  133    9.44
200732262758 1 064  133    9.44
200732331859 1 071  323   12.35
200732332447 1 071  423   12.35
200732332994 1 071  223   12.35
200732333018 1 071  423   12.35
200732333114 1 071  323   12.35
200732333125 1 071  323   12.35
200732333153 12171  523   12.35
200732333202 1 071  223   12.35
200732333244 12171  723   40.21
200732333409 1 071  323   12.35
200732333417 1 071  424  246.94
200732333455 1 071  223   12.35
200732333572 1 071  423   12.35
200732333651 1 071  323   12.35
200732333685 1 071  523   12.35
200732333843 1 171  223   12.35
200732333886 1 071  323   12.35
200732333907 12171  423   12.35
200732334035 1 071  723   40.21
200732334249 1 071  123   12.35
200732334283 1 171  223   12.35
200732334300 12171  223   12.35
200732334300 22171  223   12.35
200732334313 1 071  323   12.35
200732334506 1 071  223   12.35
200732334788 1 071  223   12.35
200732334987 1 071  123   12.35
200732476778 1 077  143   14.64
200732477105 1 077  143   14.64
200732477752 1 177  343   14.64
200732477857 1 077  243   14.64
200732478558 1 077  143   14.64
200732478601 1 077  143   14.64
200732478925 1 177  143   14.64
200732478991 1 077  543   14.64
200732479050 1 077  243   14.64
200732479154 1 077  143   14.64
200732479244 1 077  143   14.64
200732479253 1 077  143   14.64
200732479520 1 077  143   14.64
200732479709 1 077  143   14.64
200732479757 1 077  143   14.64
200732480052 1 077  143   14.64
200732480064 1 177  143   14.64
200732480364 1 077  143   14.64
200732480409 1 077  143   14.64
200732480417 1 177  143   14.64
200732480419 1 077  143   14.64
200732480543 1 177  443   14.64
200732481018 19977  143   14.64
200732481288 1 077  143   14.64
200732481619 1 077  143   14.64
200732483125 1 077  143   14.64
200732483570 1 177  143   14.64
200732484125 1 077  143   14.64
200732484146 1 077  143   14.64
200732484408 1 077  143   14.64
200732484596 1 077  143   14.64
200732484960 19877  143   14.64
200732485019 1 177  143   14.64
200732485076 1 077  143   14.64
200732485200 1 077  243   14.64
200732485425 1 477  143   14.64
200732485738 1 077  143   14.64
200732485829 12177  143   14.64
200732486197 1 077  143   14.64
200732486300 1 077  243   14.64
200732486342 1 077  243   14.64
200732486552 1 077  144  248.96
200732486582 12177  143   14.64
200732487036 1 077  143   14.64
200732487084 1 077  143   14.64
200732487339 1 077  143   14.64
200732487417 12177  143   14.64
200732487451 1 077  143   14.64
200732487585 1 077  243   14.64
200732487925 1 077  142    7.32
200732487933 1 077  143   14.64
200732488041 12177  143   14.64
200732488469 1 077  143   14.64
200732551058 1 180  343   13.13
200732551097 1 180  443   13.13
200732551734 1 080  343   13.13
200732551763 1 080  344  249.38
200732552245 19980  143   13.13
200732552245 29980  143   13.13
200732552529 1 080  243   13.13
200732552587 1 180  543   12.53
200732552921 1 180  343   13.13
200732552966 1 080  343   13.13
200732552992 1 180  343   13.13
200732553001 1 080  543   12.53
200732553061 1 080 1143   27.77
200732553120 1 080  443   13.13
200732553538 1 080 1743   82.03
200732553622 1 080  543   12.53
200732553623 1 080  544  250.61
200732553726 1 080  443   13.13
200732554027 1 080  543   12.53
200732554407 1 080  143   13.13
200732554766 1 080  543   12.53
200732555045 12180  143   13.13
200732555205 1 080 1743   82.03
200732555293 1 080  343   13.13
200732555311 1 180  543   12.53
200732555324 1 080  543   12.53
200732555334 1 080  543   12.53
200732555395 1 080  843   13.63
200732555414 19980  443   13.13
200732555589 1 180  343   13.13
200732556488 1 180  343   13.13
200732556845 1 080  343   13.13
200732557339 1 080  143   13.13
200732557493 1 080  543   12.53
200732557950 12180 1743   82.03
200732558354 1 080  243   13.13
200732558820 12280  843   13.63
200732558919 1 080  143   13.13
200732559169 1 180  543   12.53
200732559747 1 080 1143   27.77
200732600142 19992 1523   16.06
200732600383 1 192  223   13.43
200732601142 1 092 1123   10.30
200732601557 1 092  123   13.43
200732601557 2 092  123   13.43
200732602904 1 192 1123   10.30
200732694883 12192 1523   16.06
200732695207 1 092  123   13.43
200732695336 1 192 1123   10.30
200732695336 2 192 1123   10.30
200732696627 1 192 4122   46.50
200732696634 12192  123   13.43
200732698183 1 092  123   13.43
200732698251 1 092  123   13.43
200732698382 1 092 1623   19.12
200732698559 1 192  123   13.43
200732862529 1 095  144  248.58
200732863219 1 095  443   15.16
200732863649 1 095  143   12.13
200732863968 1 095  143   12.13
200732865429 1 095  143   12.13
200732866175 1 195  143   12.13
200732866594 1 095  143   12.13
200732867268 1 195  143   12.13
200732867366 1 095  143   12.13
200732867431 12195  143   12.13
200732868943 1 195  143   12.13
200732869393 1 095  243   15.16
200732870137 1 095  143   12.13
200732870261 1 095  143   12.13
200732872013 1 195  144  248.58
200733418394 199 6  413   11.49
200733418608 121 6  113   13.81
200733418669 1 0 6 2613   20.24
200733418694 199 6 2014  251.94
200733418699 1 0 6 1413   11.62
200733418770 121 6 2613   20.24
200733418941 1 0 6 2013   14.82
200733419015 121 6 2613   20.24
200733419057 121 6 2013   14.82
200733419057 221 6 2013   14.82
200733419137 1 0 6  713   16.46
200733419188 1 1 6 1113   17.88
200733419224 1 0 6 2614  242.91
200733419395 1 0 6 1413   11.62
200733419607 1 0 6  213   13.81
200733420076 1 0 6 2013   14.82
200733420254 121 6  513   16.36
200733420306 199 6  213   13.81
200733421004 1 0 6 2613   20.24
200733421030 199 6 1413   11.62
200733421033 1 1 6 1413   11.62
200736024544 1 150  233   13.81
200736024959 1 050  133   13.81
200736024959 2 050  133   13.81
200736026207 1 050  133   13.81
200736026489 1 050  433   13.81
200736027333 1 050  533   13.81
200736027424 1 050  233   13.81
200736029196 1 050  433   13.81
200736029508 1 050  233   13.81
200736029584 1 050  233   13.81
200736030564 1 050  133   13.81
200736030604 1 150  432    4.60
200751800166 19975  343   16.15
200753508761 19975  343   16.15
200753509074 1 075  343   16.15
200753509266 19975  343   16.15
200753509392 19975  343   16.15
200753509533 1 175  343   16.15
200759645700 19994  143   15.76
200759645983 19994  344  252.15
200759646085 1 194  143   15.76
200759646310 1 094  143   15.76
200759646369 1 194  143   15.76
200759646596 19994  143   15.76
200759646622 19994  143   15.76
200759646634 1 894  143   15.76
200759646657 19994  143   15.76
200759646812 19994  243   15.76
200759646854 19994  143   15.76
200759646878 19994  143   15.76
200759647079 19994  243   15.76
200759647103 19994  243   15.76
200759647111 19994  243   15.76
200759647116 1 194  246  110.31
200759647358 1 094  143   15.76
200759647387 1 194  143   15.76
200759647411 1 194  143   15.76
200759647446 19994  143   15.76
200759647462 19994  143   15.76
200759647604 1 194  343   15.76
200759647604 2 194  343   15.76
200759647624 1 194  343   15.76
200759647716 19994  443   15.76
200759647883 1 194  143   15.76
200759647935 1 094  243   15.76
200759647968 19994  343   15.76
200759647983 12194  343   15.76
200759647998 19994  343   15.76
200759648027 19994  343   15.76
200759648063 1 094  143   15.76
200759648081 1 094  143   15.76
200759648112 1 194  143   15.76
200759648203 1 194  143   15.76
200759648205 1 094  144  252.15
200759648214 19994  143   15.76
200759648223 19994  144  252.15
200759648376 1 094  343   15.76
200759648407 19994  143   15.76
200759648417 19994  143   15.76
200759648486 1 194  143   15.76
200759648513 19994  143   15.76
200759649005 19994  543   31.22
200759649197 19994  143   15.76
200759649211 1 194  143   15.76
200759649223 1 894  143   15.76
200759649233 19994  143   15.76
200759649239 1 194  143   15.76
200759649278 1 194  143   15.76
200759649282 1 094  143   15.76
200759649290 1 894  143   15.76
200759649331 12194  343   15.76
200759649366 19994  343   15.76
200759649598 19994  443   15.76
200759649603 19994  443   15.76
200759649701 19994  143   15.76
200759649726 19994  143   15.76
200759649750 1 194  143   15.76
200759649766 19994  243   15.76
200759649939 1 094  344  252.15
200759650000 1 194  143   15.76
200759650010 19994  143   15.76
200759650019 1 094  143   15.76
200759650024 1 194  143   15.76
200759650221 1 094  443   15.76
200759650308 19994  243   15.76
200759650311 19994  243   15.76
200759650336 19994  143   15.76
200759650346 19994  143   15.76
200759650359 19994  143   15.76
200759650362 19994  143   15.76
200759650366 19994  143   15.76
200759650760 1 194  143   15.76
200759650763 19994  143   15.76
200759650822 12194  343   15.76
200759650864 1 194  343   15.76
200759650887 19994  343   15.76
200759650895 1 194  343   15.76
200759650896 19994  343   15.76
200759650960 12194  143   15.76
200759650974 19994  143   15.76
200759650979 19994  143   15.76
200759651075 19994  243   15.76
200759651274 19994  143   15.76
200759651294 1 194  143   15.76
200759651326 19994  143   15.76
200759651409 1 094  343   15.76
200759651438 1 094  345   47.28
200762404117 1 079  743   11.09
200762404161 1 079  743   11.09
200762404372 19979  743   11.09
200762404432 1 179  143   11.09
200762404437 1 079  143   11.09
200762404472 1 079  143   11.09
200762404485 19979  143   11.09
200762404589 1 179  143   11.09
200762404628 19979  143   11.09
200762404750 1 079  743   11.09
200762404801 1 079  143   11.09
200762404993 1 179  143   11.09
200762405166 1 079  143   11.09
200762405206 1 179  142   11.09
200762405248 1 079  743   11.09
200762405346 19979  743   11.09
200770016284 1 043  133   12.22
200770017442 1 143  133   12.22
200770017778 1 043  133   12.22
200770017783 12143  133   12.22
200770019056 1 043  133   12.22
200770019668 1 043  133   12.22
200770109711 1 043 1034  229.39
200770111289 1 143  233   12.22
200770111587 1 043  233   12.22
200770111710 1 143 1033   57.35
200770112057 12143  233   12.22
200770112120 1 043  233   12.22
200770112319 1 043  233   12.22
200770405968 1 042  436  104.16
200771004305 1 043  133   12.22
200771004770 1 043  133   12.22
200771005486 19943  133   12.22
200771005968 1 043  133   12.22
200771007265 1 143  133   12.22
200772300151 1 079  143   11.09
200772300178 1 179  143   11.09
200772300212 1 079  143   11.09
200772300273 1 079  143   11.09
200772300321 1 079  143   11.09
200772300329 1 179  143   11.09
200773900162 1 111  123   19.05
200773900189 1 011  323   19.05
200773900474 1 011  323   19.05
200773900497 12111  323   19.05
200774600546 1 011  323   19.05
200775400123 1 011  324  247.66
200775400327 1 111  323   19.05
200775400419 1 011  324  247.66
200775400534 1 811  323   19.05
200775400557 1 011  323   19.05
200775400654 1 111  323   19.05
200775400839 1 111  323   19.05
200775400896 1 011  323   19.05
200775401106 1 011  324  247.66
200775600130 1 011  123   19.05
200775600574 1 011  123   19.05
200775600780 1 011  123   19.05
200786100138 1 0 6 1413   11.62
200786100173 199 6  213   13.81
200786100195 1 0 6 2613   20.24
200786100198 1 0 6 2613   20.24
200786100199 121 6 2613   20.24
200786100219 1 0 6 2013   14.82
200786100275 1 1 6 2613   20.24
200786100319 1 0 6 2013   14.82
200786100349 199 6 1113   17.88
200786100372 1 0 6  413   11.49
200786100419 1 1 6  113   13.81
200786100424 199 6 1113   17.88
200786100576 1 0 6 2014  251.94
200786100616 1 0 6 2613   20.24
200786100648 1 0 6  713   16.46
200786100653 1 0 6 2013   14.82
200786100681 1 0 6  113   13.81
200786100898 121 6 2613   20.24
200786100915 1 0 6  512    5.45
200786100983 1 0 6  113   13.81
200786101063 1 0 6 2613   20.24
200786101177 1 1 6  513   16.36
200786101317 1 0 6 1414  244.04
200786101417 1 0 6 1413   11.62
200786101423 199 6 1413   11.62
200786101490 1 1 6  513   16.36
200786101495 1 1 6 2013   14.82
200786101507 1 0 6 1413   11.62
200786101578 1 0 6 2613   20.24
200786101580 1 0 6  513   16.36
200786101589 1 0 6  513   16.36
200786101620 1 0 6 1413   11.62
200786101808 1 0 6  113   13.81
200786101939 1 1 6 2612   20.24
200786102016 1 1 6 1113   17.88
200786102151 1 1 6 2613   20.24
200786102331 1 0 6  413   11.49
200790509117 1 142 1133   11.90
200790509282 12142 1133   11.90
200790509540 1 042 1133   11.90
200790510206 1 142  333   12.50
200790619230 1 047  233   19.61
200790715968 1 150  733   13.68
200790716076 1 050 1033   38.20
200790717188 1 150  533   13.81
200790717480 1 050  233   13.81
200790717925 1 050  233   13.81
200790718663 1 050 1033   38.20
200790718866 1 050  233   13.81
200790719082 1 150  233   13.81
200793531161 1 121  313   13.92
200793672678 1 131  326  123.05
200793673576 1 031  323   61.52
200793673596 1 031  323   61.52
200793673803 1 031  324  246.10
200793673911 1 029  423   38.98
200793673911 2 029  423   38.98
200793673993 1 031  323   61.52
200793674016 1 031  324  246.10
200793675050 1 031  323   61.52
200793675115 1 031  323   61.52
200793675434 1 131  323   61.52
200793675439 1 131  323   61.52
200793675492 1 029 1024  243.21
200793676431 12131  624  354.82
