200410405379 1 1 2  413   53.89
200410405749 1 0 2 1014  269.56
200410405813 121 2  414  215.55
200410405913 1 0 2  616  147.84
200410405952 1 0 2  413   53.89
200410406187 128 2  414  215.55
200410406356 1 0 2  313   27.15
200410406505 1 0 2  213   27.15
200410406605 1 0 2  413   53.89
200410406742 1 0 2  913   57.52
200410406881 1 0 2  413   53.89
200410407738 1 1 2  213   27.15
200410718393 1 1 3 1314  221.37
200410718441 1 0 3 1613   15.62
200410719136 1 1 3 1613   15.62
200410719491 1 0 3 2113   14.57
200410719724 1 1 3 1013   14.35
200410719986 1 0 3  313   15.24
200410720045 1 0 3  713   15.17
200410720069 1 0 3 1312    7.38
200410720734 1 0 3 2113   14.57
200410720938 199 3 2113   14.57
200410721073 1 0 3  813   14.90
200410721485 1 0 3 1013   14.35
200410721627 1 0 3 1313   14.76
200410721698 1 1 3 2113   14.57
200410721701 1 1 3 2113   14.57
200410721708 121 3 2113   14.57
200410721742 1 0 3 1614  226.49
200410721829 121 3  713   15.17
200410721879 121 3  813   14.90
200410721994 1 1 3 1313   14.76
200410722198 1 1 3  314  223.46
200410722288 1 1 3 1613   15.62
200410722386 1 0 3 1013   14.35
200410722395 121 3  313   15.24
200410722578 1 1 3  813   14.90
200410722664 1 1 3  313   15.24
200410722788 1 0 3 2113   14.57
200410722929 1 1 3  413   14.92
200410723238 1 0 3  113   14.95
200410723275 1 1 3 1613   15.62
200410723514 1 1 3  313   15.24
200410724140 121 3  413   14.92
200410724257 1 1 3 2113   14.57
200410724846 1 4 3 1613   15.62
200410724846 2 4 3 1613   15.62
200411110592 1 0 4  113   13.05
200411112199 1 0 4  113   13.05
200411112199 2 0 4  113   13.05
200411112200 1 1 4  613   27.14
200411112318 1 0 4  213   13.05
200411112730 1 0 4  113   13.05
200411112815 1 1 4  213   13.05
200411112852 1 0 4  613   27.14
200411112916 1 1 4  213   13.05
200411113003 1 0 4  113   13.05
200411113355 1 1 4  313   13.05
200411113365 121 4  313   13.05
200411114030 1 0 4  113   13.05
200411114112 1 1 4  113   13.05
200411114446 1 0 4  313   13.05
200411114461 1 0 4  313   13.05
200411114583 1 0 4  213   13.05
200411115049 1 0 4  213   13.05
200411115105 1 0 4  213   13.05
200411115247 1 0 4  313   13.05
200411115300 1 0 4  213   13.05
200411115485 1 0 4  113   13.05
200411115938 1 1 4  613   27.14
200411116761 1 0 4  413   13.05
200411116785 1 0 4  113   13.05
200411117101 1 0 4  213   13.05
200411117162 1 0 4  313   13.05
200411117183 1 0 4  213   13.05
200411117550 1 0 4  714  237.45
200411117787 1 1 4  614  217.09
200411118012 1 0 4  213   13.05
200411118284 1 0 4  314  221.79
200411118639 1 1 4  713   33.92
200411118661 1 0 4  213   13.05
200411118928 1 0 4  613   27.14
200411502070 121 5  313   16.57
200411502589 1 0 5 2213   30.71
200411502878 121 5  813   16.46
200411502914 1 1 5 2213   30.71
200411502945 1 0 5  513   16.07
200411503347 1 0 5 2213   30.71
200411707964 1 042 1033   11.18
200411708897 12142 1033   11.18
200411709262 1 042  133   16.67
200411711319 1 042 1033   11.18
200411711354 1 142  133   16.67
200411711471 1 042  133   16.67
200411711927 1 042  233   16.67
200411712536 19942  134  224.98
200411808619 12142  133   16.67
200412402705 1 0 8 2213   29.75
200412402937 121 8 2213   29.75
200412403067 1 1 8 4712   58.59
200412403461 121 8  513   17.30
200412403755 1 0 811813   98.86
200413102049 1 042  133   16.67
200413103124 1 042  133   16.67
200413103480 1 142  432    4.17
200413104236 1 042  133   16.67
200413104605 1 042  133   16.67
200413105183 1 142 1033   11.18
200413106935 1 042  433   16.67
200413107036 1 042  233   16.67
200413109135 1 042  133   16.67
200413109656 1 142  233   16.67
200413203206 1 143  333   12.22
200413203790 1 143  333   12.22
200413316819 1 110  323   16.20
200413317912 1 010  523   15.08
200413318297 12110  223   16.20
200413319430 1 110 2423   27.10
200413319430 2 110 2423   27.10
200413319565 1 010  324  224.16
200413320235 19810  523   15.08
200413320686 1 132  123   20.94
200413320732 1 032  123   20.94
200413320734 1 032  123   20.94
200413320741 1 032  123   20.94
200413321054 1 010  123   16.20
200413321397 1 010 1523   13.60
200413321464 1 010 2423   27.10
200413322090 1 032  123   20.94
200413322360 12110  523   15.08
200413323250 1 010  423   16.20
200413323326 1 032  124  230.30
200413323331 1 132  123   20.94
200413323424 1 032  123   20.94
200413324599 1 010  223   16.20
200413325021 1 010 2423   27.10
200413325128 1 010 1523   13.60
200413325408 1 132  124  230.30
200413325544 19932  123   20.94
200413325608 1 032  123   20.94
200413328416 12210 1523   13.60
200413330213 1 110  523   15.08
200413330942 1 110  423   16.20
200413439518 1 043  133   12.22
200413439833 12143  133   12.22
200413439987 1 043  133   12.22
200413440623 1 043  133   12.22
200413441476 1 043  136  122.22
200413442112 1 043  133   12.22
200413442128 12143  133   12.22
200413442967 1 043  133   12.22
200413512273 1 011  123   19.05
200413513429 1 011  323   19.05
200413513433 1 011  323   19.05
200413514978 1 011  123   19.05
200413515115 1 011  324  228.61
200413608842 12143  233   12.22
200413608960 1 143 1033   57.35
200414011411 1 012  223   18.91
200414015219 12112  424  226.89
200414016992 1 012  123   18.91
200414017221 1 012  123   18.91
200414018132 1 012  923   20.79
200414018429 1 012  123   18.91
200414019567 1 112  123   18.91
200414020200 1 012  123   18.91
200414021270 1 012  423   18.91
200414021628 1 012  123   18.91
200414022122 1 112  124  226.89
200414105594 1 043  133   12.22
200414707620 1 013  223   38.97
200414707687 1 113  623   38.97
200414708433 1 013  123   38.97
200414708433 2 013  123   38.97
200414708525 12113  524  233.80
200414708668 1 013  123   38.97
200414708670 1 013  123   38.97
200414708681 1 013  123   38.97
200414708708 1 013  223   38.97
200414708877 1 013  123   38.97
200414708942 12113  323   38.97
200414709236 1 013  226  116.90
200414709247 1 013  523   38.97
200414709503 1 013  123   38.97
200414709559 1 013  123   38.97
200414709618 1 013  223   38.97
200414709660 1 013  223   38.97
200414710029 1 013  323   38.97
200414711053 1 013  123   38.97
200414711224 1 013  323   38.97
200414812758 1 021  513   16.25
200415329042 19975  543   14.07
200415329090 1 075  443   16.15
200415329124 19975  543   14.07
200415329424 19975  343   16.15
200415329669 1 075  543   14.07
200415406455 1 041  133   20.05
200415406480 12141  133   20.05
200415406799 1 141  133   20.05
200415406959 1 041  133   20.05
200415406959 2 041  133   20.05
200415406992 1 041  133   20.05
200415407089 1 041  133   20.05
200415407584 12141  233   20.05
200415408024 1 041  133   20.05
200415408406 1 041  133   20.05
200415408767 1 041  133   20.05
200415408848 12141  133   20.05
200415409071 1 041  233   20.05
200415409251 1 141  133   20.05
200415409556 1 141  132   10.03
200415409566 1 041  133   20.05
200415409584 14041  133   20.05
200415409591 1 041  133   20.05
200415409828 1 041  233   20.05
200415409951 1 041  133   20.05
200415409993 1 041  133   20.05
200415410375 1 041  133   20.05
200415410485 1 041  133   20.05
200415410739 1 041  233   20.05
200415410749 1 041  133   20.05
200415411265 1 041  133   20.05
200415411438 1 141  233   20.05
200415411575 1 041  133   20.05
200415411844 1 141  133   20.05
200415412128 1 041  133   20.05
200415412146 12141  132   10.03
200415412170 1 041  133   20.05
200415412246 1 041  133   20.05
200415412259 1 141  133   20.05
200415412270 1 041  133   20.05
200415412569 1 041  233   20.05
200415412733 1 141  134  220.59
200415412808 1 041  233   20.05
200415413518 1 041  233   20.05
200416103802 1 043  133   12.22
200416104299 1 043  633   41.42
200416573261 1 045  133   20.21
200416575164 1 045  233   20.21
200416575442 12145  133   20.21
200416577879 1 045  133   20.21
200416578647 1 045  233   20.21
200416580235 12145  133   20.21
200416582042 1 045  233   20.21
200417107207 1 051  133   79.66
200417107694 1 051  133   79.66
200417107750 1 051  133   79.66
200417107958 1 051  134  238.97
200417108459 1 051  133   79.66
200417108519 12151  133   79.66
200417108613 1 051  133   79.66
200417109288 1 051  133   79.66
200417208079 1 048  134  207.86
200417209778 12148  133   51.96
200417210848 12148  133   51.96
200417210849 1 048  133   51.96
200417211418 1 048  333   51.96
200417211649 1 048  233   51.96
200417212076 1 048  133   51.96
200417212726 1 148  133   51.96
200417213610 1 048  433   51.96
200417213973 1 048  133   51.96
200417215228 1 048  134  207.86
200417670032 12149  133   15.64
200417670189 1 149  133   15.64
200417671353 1 049  133   15.64
200417673496 1 049  133   15.64
200418426777 19972  223   15.00
200418427043 12172  623   15.00
200418427869 19972  323   15.00
200418428495 19972  123   15.00
200418428965 1 172  623   15.00
200418429882 19972  323   15.00
200418429882 29972  323   15.00
200418430236 1 072  123   15.00
200418430532 1 172  123   15.00
200418431166 1 172  423   15.00
200418431419 19972  323   15.00
200418432934 1 172  323   15.00
200418433029 1 072  223   15.00
200418433275 1 172  423   15.00
200418433465 1 172  323   15.00
200418433544 1 072  423   15.00
200418433666 1 072  123   15.00
200418433672 12172  123   15.00
200418434056 1 072  223   15.00
200418434419 12172  123   15.00
200418434441 19972  122    5.00
200418434870 1 072  423   15.00
200418434995 1 072  123   15.00
200418435034 1 172  423   15.00
200418435189 1 072  223   15.00
200418435566 1 172  223   15.00
200418435569 12172  223   15.00
200418435870 1 172  423   15.00
200418436136 19972  123   15.00
200418436197 1 172  623   15.00
200418436299 1 072  223   15.00
200418436499 1 172  323   15.00
200418436777 1 072  123   15.00
200418436777 2 072  123   15.00
200418436918 1 072  623   15.00
200418437413 1 072  423   15.00
200418437723 1 172  223   15.00
200418437940 1 072  623   15.00
200418438053 1 072  423   15.00
200418438285 1 072  624  225.00
200418438417 1 072  323   15.00
200418438989 1 072  123   15.00
200418439279 1 172  423   15.00
200418439627 1 172  623   15.00
200418440265 1 072  123   15.00
200418440384 1 072  423   15.00
200418440876 12172  423   15.00
200418441904 1 072  223   15.00
200418442397 1 172  123   15.00
200418442951 1 072  223   15.00
200418443116 1 072  323   15.00
200418443455 1 072  423   15.00
200418444010 1 172  623   15.00
200418444484 1 172  123   15.00
200418444946 19972  423   15.00
200418445104 1 172  123   15.00
200418507651 12150  233   13.81
200418508164 1 050  233   13.81
200418508725 12150  233   13.81
200418534007 1 050  133   13.81
200418916611 1 073  223   16.47
200418916809 1 073  223   16.47
200418917005 12173  124  225.10
200418917053 1 073 1024  223.48
200418917259 1 073  223   16.47
200418917573 1 173 1023   31.93
200418917934 1 073  923   21.64
200418918221 19973  923   21.64
200418918234 12173 1023   31.93
200418918767 19973  123   16.47
200418919453 1 073 1023   31.93
200418919912 1 073 1023   31.93
200418920345 1 073  523   20.25
200419002053 19975  343   16.15
200419002061 1 175  443   16.15
200419002352 1 175  543   14.07
200419002435 1 175  443   16.15
200419002694 1 175  443   16.15
200419317390 1 074  223   16.70
200419318054 1 074  923   16.70
200419318054 2 074  923   16.70
200419318592 12174  924  225.49
200419320776 12174  123   16.70
200419321632 1 074  123   16.70
200419323589 1 074  123   16.70
200420138394 19975  343   16.15
200420138541 19975  243   16.15
200420138726 19975  143   16.15
200420138856 1 075  243   16.15
200420139967 1 175  143   16.15
200420139984 19975  143   16.15
200420140923 1 175  143   16.15
200420140981 1 075  143   16.15
200420141012 12175  143   16.15
200420141392 19975  243   16.15
200420142265 1 175  143   16.15
200420143065 19975  243   16.15
200420143717 1 175  244  226.11
200420143759 1 075  244  226.11
200420144239 12175  243   16.15
200420502693 1 076  343  105.29
200420503073 1 076  343  105.29
200420503354 12176  544  210.58
200420503391 1 076  244  210.58
200420503478 1 076  343  105.29
200420503833 1 076  344  210.58
200420504116 1 076  344  210.58
200420504142 1 076  543  105.29
200420504163 19976  344  210.58
200420504337 1 076  343  105.29
200420811530 1 096 4344  223.31
200420811968 1 096  843   15.51
200420812527 1 097  244  226.73
200420812657 1 097  343   13.34
200420814127 1 197  343   13.34
200420814165 1 097  343   13.34
200420814986 1 196 2043   18.36
200420815906 1 097  443   13.34
200420816287 1 196 2043   18.36
200420818334 1 096  843   15.51
200420818558 1 096 3343   19.19
200420818751 1 097  243   13.34
200420818773 19997  443   13.34
200420818801 1 097  443   13.34
200420818862 19997  343   13.34
200420819036 1 096 1143   13.11
200420820607 19997  343   13.34
200420820682 1 096 2043   18.36
200420820964 12196  143   16.00
200420821127 1 096 1843   15.16
200420821503 1 196 2043   18.36
200420821875 1 097  344  226.73
200420822000 1 097  543   20.54
200420822598 1 096  643   18.37
200420823700 1 097  243   13.34
200420823722 19996 2043   18.36
200420824045 1 096  143   16.00
200420825646 1 097  343   13.34
200420825939 1 096 1844  227.46
200420826401 1 096  343   16.00
200420827106 1 196 4343   15.95
200420828310 1 197  244  226.73
200420900764 1 078  143   55.32
200420900769 1 078  143   55.32
200420900966 1 078  243   55.32
200420901128 12178  243   55.32
200420901524 1 078  143   55.32
200420902005 1 078  244  221.27
200420902112 1 078  243   55.32
200421000875 1 179  143   11.09
200421000883 1 079  143   11.09
200421000949 1 079  143   11.09
200421000954 1 179  143   11.09
200421001126 1 079  143   11.09
200421001274 1 079  143   11.09
200421001331 1 179  143   11.09
200421001431 1 079  143   11.09
200421001435 12179  143   11.09
200421001485 1 179  143   11.09
200421001496 1 079  143   11.09
200421108570 1 079  743   11.09
200421108613 1 079  243   16.64
200421109156 12179  743   11.09
200421109787 1 079  743   11.09
200421109807 1 179  743   11.09
200421109955 1 079  743   11.09
200421110083 1 079  743   11.09
200421110084 1 079  743   11.09
200421110104 1 179  743   11.09
200421110156 19979  743   11.09
200421110514 1 079  743   11.09
200421110879 1 079  743   11.09
200421110968 1 079  743   11.09
200421111019 1 179  742   11.09
200421111395 1 079  743   11.09
200421111415 1 179  743   11.09
200421111434 1 079  743   11.09
200421111436 1 179  743   11.09
200421111465 1 079  743   11.09
200421111622 1 079  743   11.09
200421111724 1 179  743   11.09
200421111793 1 179  743   11.09
200421112975 1 079  744  221.88
200421112992 12179  743   11.09
200421113146 19979  743   11.09
200421113319 19979  743   11.09
200421113532 1 079  743   11.09
200421113929 19979  743   11.09
200421113959 1 179  743   11.09
200421114385 1 079  743   11.09
200421115026 1 079  743   11.09
200421115040 1 079  744  221.88
200421115053 12179  743   11.09
200421115668 1 079  743   11.09
200421303232 1 179  143   11.09
200421504783 1 078  144  221.27
200421505069 1 078  143   55.32
200421505099 1 078  143   55.32
200421505195 1 078  143   55.32
200421505322 1 178  143   55.32
200421505563 1 078  144  221.27
200421505666 1 078  143   55.32
200421506123 1 078  143   55.32
200421506744 1 178  144  221.27
200421506882 12178  446  110.64
200421507102 1 078  143   55.32
200421700180 1 179  143   11.09
200421700222 1 079  143   11.09
200421700457 12179  743   11.09
200421700712 1 079  143   11.09
200421700728 1 079  143   11.09
200421701092 1 179  143   11.09
200421701227 1 079  143   11.09
200421701233 1 079  143   11.09
200421800141 1 179  143   11.09
200421800163 1 179  143   11.09
200421800223 1 179  143   11.09
200422013868 1 081 1043   12.02
200422014030 12181  143   14.42
200422016752 1 081  444  225.96
200422018382 1 081 1043   12.02
200422019240 12181  143   14.42
200422019679 1 081  443   16.83
200422024571 1 081  144  225.96
200422315986 1 082  143   16.42
200422316198 1 082  143   16.42
200422318683 1 082  146  125.86
200422318713 1 182  143   16.42
200422318995 1 182  143   16.42
200422319054 1 482  143   16.42
200422319622 1 082  143   16.42
200422320136 1 182  143   16.42
200422320396 1 082  142    5.47
200422320511 1 082  143   16.42
200422320664 1 082  143   16.42
200422320689 1 082  143   16.42
200422321035 1 082  143   16.42
200422321275 1 182  143   16.42
200422321719 1 082  143   16.42
200422322580 1 182  143   16.42
200422322702 19982  143   16.42
200422322879 1 082  143   16.42
200422322897 1 182  143   16.42
200422323151 1 182  142    5.47
200422323238 12182  143   16.42
200422323314 1 082  143   16.42
200422323501 1 082  143   16.42
200422323987 1 082  144  224.35
200422324487 1 082  143   16.42
200422324694 1 082  142    5.47
200422324825 1 082  143   16.42
200422325010 1 082  143   16.42
200422325027 1 082  143   16.42
200422325035 1 182  143   16.42
200422325057 1 082  143   16.42
200422325222 1 082  143   16.42
200422325247 12182  143   16.42
200422325775 1 182  143   16.42
200422325870 1 082  143   16.42
200422326156 1 082  143   16.42
200422326575 1 082  143   16.42
200422327152 1 082  143   16.42
200422327173 1 182  142    5.47
200422327554 1 082  143   16.42
200422327845 12182  142    5.47
200422328119 1 082  143   16.42
200422328132 1 182  143   16.42
200422328501 1 082  143   16.42
200422328788 12182  143   16.42
200422329278 1 082  143   16.42
200422329528 12182  143   16.42
200422329678 1 182  143   16.42
200422330625 1 082  144  224.35
200422330853 1 182  143   16.42
200422330914 1 082  143   16.42
200424103076 1 047  233   19.61
200424600198 1 050  233   13.81
200424600450 1 050  233   13.81
200424600510 1 050  133   13.81
200424600867 1 050  233   13.81
200424600883 1 050  233   13.81
200424601146 1 050  533   13.81
200426803224 1 111  323   19.05
200426803586 1 111  323   19.05
200426803604 1 011  323   19.05
200426803689 1 011  323   19.05
200426803706 1 111  323   19.05
200426803712 1 111  323   19.05
200426803975 1 011  323   19.05
200426804034 19811  323   19.05
200426804089 1 111  323   19.05
200426804204 1 011  323   19.05
200426804218 15111  323   19.05
200426804458 1 011  323   19.05
200426804633 19911  323   19.05
200426804804 1 011  323   19.05
200426805078 1 011  323   19.05
200426805098 1 011  323   19.05
200426805134 1 111  323   19.05
200427001655 1 011  123   19.05
200427001960 1 011  123   19.05
200427110111 1 013  223   38.97
200427904971 1 1 9  233   14.39
200429101192 1 1 9  433   14.39
200429101385 121 9  434  225.48
200429911777 1 0 1  413   33.89
200429912356 1 0 1  813   33.89
200429912893 1 0 1  213   33.89
200429913216 121 1  214  237.21
200429913435 1 0 1  113   33.89
200430007882 1 0 7  313   18.79
200430007904 1 0 7  513   19.32
200430008113 1 0 7  313   18.79
200430008180 121 7  313   18.79
200430008185 1 0 7  313   18.79
200430008963 1 0 7  313   18.79
200430009153 1 0 7  513   19.32
200430009200 121 7  313   18.79
200430009342 1 1 7 1013   52.04
200430219965 19923  114  235.19
200430221416 1 023  113   21.38
200430221513 12123  213   14.97
200430223367 1 023  113   21.38
200430223608 12123  113   21.38
200430223823 1 023  113   21.38
200430224732 1 123  113   21.38
200430224887 1 023  913   10.71
200430225190 1 023  113   21.38
200430225222 1 023  113   21.38
200430225404 1 123  413   14.97
200430225421 1 023  412    2.14
200430225958 12123  913   10.71
200430226059 1 023  113   21.38
200430226273 12123  113   21.38
200430226666 1 023  113   21.38
200430226701 12123  113   21.38
200430227463 1 023  113   21.38
200430227707 1 023  116  128.29
200430317122 1 124 1213   39.97
200430317166 1 025  314  229.33
200430317173 1 025  713   45.17
200430317206 1 125  213   12.07
200430317358 1 125  713   45.17
200430317373 1 125  213   12.07
200430317989 1 024  115   58.52
200430318065 1 025  113   12.07
200430318532 1 024 1213   39.97
200430318552 1 024 1214  239.84
200430318720 1 025  313   12.07
200430318854 1 024  213   16.67
200430319883 1 024  214  216.72
200430320458 1 125  214  229.33
200430320779 1 124  914  227.57
200430431623 1 133 1223   11.14
200430433121 1 133 1223   11.14
200430433435 1 033 1623   22.77
200430433709 1 033  123   13.85
200430434596 1 033  823   18.77
200430435102 1 033  623   18.75
200430435574 1 033 1223   11.14
200430435651 1 033  323   13.85
200430437768 1 133  323   13.85
200430828526 1 091 3223   20.73
200430832566 1 091  323   16.92
200430833510 12191  723   16.98
200430833975 12191  923   15.90
200430834230 1 091 3223   20.73
200430834280 1 091 4623   14.80
200430834509 1 19111223   30.41
200430834909 1 191  423   16.49
200430834951 19791 1923   13.59
200430835145 12191  923   15.90
200430836088 1 191  423   16.49
200430836111 1 091 1923   13.59
200430836654 1 091 4623   14.80
200430836759 1 091  123   16.76
200430837242 1 09111223   30.41
200430837436 1 091  423   16.49
200430837666 1 091  923   15.90
200430837690 1 091  923   15.90
200430838056 1 091  323   16.92
200430838126 12191 5523   16.07
200430838725 1 091 2423   15.04
200430839020 1 191  923   15.90
200430839077 1 191  123   16.76
200430839305 1 191 1523   15.50
200430839856 1 191  923   15.90
200430840146 1 191  723   16.98
200430840756 1 091 6723   21.53
200431107904 1 022  613   60.61
200431108844 1 022  113   29.32
200431108913 1 022  413   53.82
200431108944 1 022  813   88.51
200431109051 1 122  113   29.32
200431109207 1 022  113   29.32
200431109461 1 122  113   29.32
200431109482 1 022  413   53.82
200431109692 1 022  413   53.82
200431109807 1 022  113   29.32
200431219873 1 126  713   15.80
200431222066 1 126  113   16.98
200431222536 1 026  913   12.51
200431222873 1 026  113   16.98
200431222974 1 026  913   12.51
200431223264 12126  913   12.51
200431224101 12126  913   12.51
200431224939 1 026  113   16.98
200431224975 1 126  913   12.51
200431225002 1 026  213   16.98
200431225213 1 026  913   12.51
200431225357 1 026  713   15.80
200431226036 1 126  313   16.66
200431226477 1 026  313   16.66
200431328534 1 027  233   18.16
200431328740 1 027  232    9.08
200431329149 1 027  133   18.16
200431330203 1 027  133   18.16
200431330334 1 127  133   18.16
200431330350 12127  133   18.16
200431330375 1 027  133   18.16
200431330442 1 027  233   18.16
200431330746 1 027  233   18.16
200431331487 1 027  233   18.16
200431331878 1 127  133   18.16
200431331891 1 127  133   18.16
200431332262 1 027  233   18.16
200431333179 1 127  233   18.16
200431333451 1 127  133   18.16
200431333516 1 127  133   18.16
200431333574 1 027  133   18.16
200431334407 1 027  133   18.16
200431334710 1 127  133   18.16
200431335424 1 027  133   18.16
200431335617 1 127  133   18.16
200431335636 1 127  133   18.16
200431336543 1 027  133   18.16
200431336996 12127  233   18.16
200431337110 1 027  233   18.16
200431338317 12127  133   18.16
200431340176 1 027  233   18.16
200431402630 1 028  133  161.62
200431403196 1 028  333  161.62
200431403296 1 028  334  161.62
200431533103 1 030  123   11.32
200431534283 1 130  123   11.32
200431534419 1 030  123   11.32
200431534823 1 130  123   11.32
200431534915 1 030  123   11.32
200431535306 12130  123   11.32
200431535352 1 030  123   11.32
200431535815 1 130  123   11.32
200431536018 12130  123   11.32
200431536261 1 030  123   11.32
200431536427 1 029  123   17.18
200431537384 1 030  123   11.32
200431537612 1 030  123   11.32
200431537901 12130  123   11.32
200431538081 1 130  123   11.32
200431538157 1 130  123   11.32
200431538203 1 030  123   11.32
200431539385 1 030  123   11.32
200431539473 1 130  123   11.32
200431539725 1 130  123   11.32
200431540086 1 031  123   61.52
200431540144 1 130  123   11.32
200431540459 1 030  123   11.32
200431711004 1 044  333   45.09
200431711100 1 144  333   45.09
200431712178 12144  333   45.09
200431714041 19944  633   85.16
200431813857 1 046  133   22.46
200431814777 1 046  136  134.78
200431815385 1 046  733   52.01
200431816378 1 046  133   22.46
200431817042 1 146  433   22.46
200431817224 1 046  133   22.46
200432008753 12161  132   34.72
200432008762 12161  134  208.29
200432008777 1 061  133   34.72
200432008963 14061  133   34.72
200432009011 1 061  433   34.72
200432009068 1 061  133   34.72
200432009126 1 161  133   34.72
200432009142 12861  133   34.72
200432009181 12161  533   34.72
200432009250 1 061  233   34.72
200432009284 1 161  133   34.72
200432009371 1 061  233   34.72
200432009402 1 061  633   34.72
200432009410 1 161  133   34.72
200432009454 1 061  233   34.72
200432009506 1 061  133   34.72
200432009526 1 061  133   34.72
200432009562 1 061  433   34.72
200432009611 1 061  133   34.72
200432009658 1 061  233   34.72
200432009665 1 061  233   34.72
200432009690 1 061  133   34.72
200432009854 1 061  233   34.72
200432009885 1 061  133   34.72
200432009901 12161  133   34.72
200432009901 12861  133   34.72
200432009906 12161  133   34.72
200432009983 1 061  233   34.72
200432010005 1 161  233   34.72
200432010026 1 061  133   34.72
200432010065 1 061  233   34.72
200432010070 1 061  233   34.72
200432010075 19861  233   34.72
200432010119 1 061  533   34.72
200432010164 1 061  233   34.72
200432010175 12161  233   34.72
200432010187 1 061  133   34.72
200432010249 1 161  233   34.72
200432010306 1 161  633   34.72
200432010312 1 061  333   34.72
200432010382 1 061  133   34.72
200432010414 12161  133   34.72
200432010420 1 061  133   34.72
200432010468 1 061  133   34.72
200432010483 1 161  133   34.72
200432010508 1 161  533   34.72
200432010532 1 061  233   34.72
200432010623 1 061  333   34.72
200432010752 1 061  133   34.72
200432010753 1 061  133   34.72
200432010783 1 061  233   34.72
200432010927 1 061  433   34.72
200432010935 1 061  233   34.72
200432010944 1 061  233   34.72
200432010950 1 061  233   34.72
200432010953 1 061  333   34.72
200432010971 1 161  133   34.72
200432011130 1 061  133   34.72
200432011147 1 161  133   34.72
200432011172 1 061  233   34.72
200432011244 1 061  233   34.72
200432011272 1 061  533   34.72
200432011395 1 061  633   34.72
200432011426 1 061  433   34.72
200432011513 12161  233   34.72
200432011584 1 061  433   34.72
200432011610 1 061  233   34.72
200432011728 1 061  133   34.72
200432011770 1 061  234  208.29
200432011805 1 161  133   34.72
200432011891 1 061  133   34.72
200432011921 1 061  133   34.72
200432011948 1 061  333   34.72
200432011984 1 161  233   34.72
200432011986 12161  233   34.72
200432012031 1 061  133   34.72
200432012087 1 061  233   34.72
200432012120 1 061  133   34.72
200432012143 12161  133   34.72
200432012148 1 061  133   34.72
200432012189 1 061  233   34.72
200432012219 1 061  134  208.29
200432012230 14061  133   34.72
200432012270 1 061  233   34.72
200432012365 12161  233   34.72
200432012368 1 161  233   34.72
200432012371 1 161  233   34.72
200432012374 1 161  233   34.72
200432012408 1 061  133   34.72
200432012428 1 061  233   34.72
200432012516 1 061  333   34.72
200432012584 1 061  133   34.72
200432012589 1 061  133   34.72
200432012630 1 061  433   34.72
200432012631 1 061  433   34.72
200432012636 1 061  433   34.72
200432012638 1 061  233   34.72
200432012645 1 061  233   34.72
200432012750 1 061  233   34.72
200432012799 14061  233   34.72
200432012853 1 061  133   34.72
200432012896 1 161  133   34.72
200432012946 1 161  233   34.72
200432012974 1 161  133   34.72
200432012985 12161  133   34.72
200432012985 22161  133   34.72
200432013066 1 061  533   34.72
200432013147 1 161  233   34.72
200432013186 1 061  133   34.72
200432013210 1 061  233   34.72
200432013222 1 061  233   34.72
200432013224 12161  233   34.72
200432013303 1 061  233   34.72
200432013411 1 061  133   34.72
200432013413 1 061  133   34.72
200432123374 1 163  134  223.39
200432123865 1 163  133   13.96
200432124210 1 063  133   13.96
200432125260 12162  333   24.55
200432125416 12163  133   13.96
200432126103 1 062  233   24.55
200432126186 1 062  133   24.55
200432126854 1 162  333   24.55
200432127082 1 062  633   40.03
200432127611 1 162  233   24.55
200432127622 12162  233   24.55
200432127650 1 062  433   24.55
200432128223 1 063  133   13.96
200432128887 1 062  433   24.55
200432129141 1 062  333   24.55
200432129746 1 163  133   13.96
200432130259 1 163  133   13.96
200432130284 1 063  132   13.96
200432131546 1 062  834  212.55
200432221646 1 164  134  226.57
200432223554 12164  133   18.88
200432224324 1 064  133   18.88
200432225198 12164  133   18.88
200432227013 1 064  136  122.73
200432227589 12164  133   18.88
200432228020 1 064  133   18.88
200432230370 1 064  133   18.88
200432312334 1 071  223   12.35
200432313734 1 071  323   12.35
200432314106 1 071  323   12.35
200432314414 1 071 1023   81.13
200432314475 1 071  323   12.35
200432314538 1 171  723   40.21
200432314876 12171  123   12.35
200432314977 1 071  723   40.21
200432315153 12171  223   12.35
200432315375 1 071  323   12.35
200432315570 1 171  223   12.35
200432315622 1 071  724  241.27
200432315686 1 071  223   12.35
200432315895 1 071  223   12.35
200432315942 1 071 1024  243.39
200432315962 1 071  123   12.35
200432316312 1 171  223   12.35
200432316368 1 171 1023   81.13
200432316499 1 071  723   40.21
200432316618 1 171 1023   81.13
200432430065 1 177  143   14.64
200432430730 1 077  143   14.64
200432431613 1 177  143   14.64
200432432319 1 077  143   14.64
200432433138 1 077  143   14.64
200432433144 1 177  143   14.64
200432433199 1 077  143   14.64
200432433216 1 077  143   14.64
200432433443 1 177  143   14.64
200432433800 1 077  143   14.64
200432434200 1 177  143   14.64
200432434240 12177  143   14.64
200432434974 1 077  143   14.64
200432435219 1 077  143   14.64
200432435296 1 077  143   14.64
200432435622 1 077  143   14.64
200432435789 1 077  143   14.64
200432436108 1 077  143   14.64
200432436179 1 077  243   14.64
200432437064 12177  143   14.64
200432437083 1 177  143   14.64
200432437245 1 077  243   14.64
200432437682 19977  543   14.64
200432437879 1 077  143   14.64
200432438221 1 177  243   14.64
200432438896 19977  143   14.64
200432439109 1 077  143   14.64
200432439334 1 077  143   14.64
200432439404 1 177  143   14.64
200432439662 1 077  243   14.64
200432439872 1 177  143   14.64
200432440096 1 077  243   14.64
200432440382 1 177  143   14.64
200432440445 1 177  143   14.64
200432440540 1 177  143   14.64
200432440622 1 077  143   14.64
200432440650 1 177  143   14.64
200432440794 1 077  543   14.64
200432441123 12177  143   14.64
200432441205 12177  143   14.64
200432441345 1 177  143   14.64
200432441545 1 077  243   14.64
200432441847 1 077  143   14.64
200432441883 1 177  143   14.64
200432442198 1 077  143   14.64
200432442558 1 077  242    3.66
200432442779 1 077  143   14.64
200432442829 1 077  143   14.64
200432443092 1 177  143   14.64
200432443160 19977  143   14.64
200432443347 1 077  342    3.66
200432443941 1 077  143   14.64
200432444077 1 077  143   14.64
200432444391 1 177  243   14.64
200432444744 1 077  143   14.64
200432444937 1 177  143   14.64
200432445449 1 077  243   14.64
200432520410 1 080  143   13.13
200432520613 1 180  543   12.53
200432521268 1 080  543   12.53
200432521274 1 180  543   12.53
200432521678 1 080  343   13.13
200432522056 1 080  343   13.13
200432522559 1 080  543   12.53
200432522816 1 080  143   13.13
200432522984 12180 1143   27.77
200432523109 1 080  143   13.13
200432523175 1 180  543   12.53
200432523303 1 180  343   13.13
200432523448 1 080  143   13.13
200432523468 1 180  143   13.13
200432523580 1 080  342    6.56
200432523597 1 180  343   13.13
200432523623 1 180  143   13.13
200432523623 12980  143   13.13
200432523745 12880  543   12.53
200432523748 1 080  543   12.53
200432523785 1 080  143   13.13
200432523875 1 080  843   13.63
200432524376 1 080  343   13.13
200432524477 1 080  543   12.53
200432524553 12180  143   13.13
200432525054 1 180  343   13.13
200432525065 12180  343   13.13
200432525079 1 080  343   13.13
200432525102 1 180  443   13.13
200432525345 1 180  543   12.53
200432525456 1 080 1743   82.03
200432525534 1 080  343   13.13
200432525673 1 080  343   13.13
200432525797 1 180  143   13.13
200432525797 2 180  143   13.13
200432525840 1 180  243   13.13
200432525883 1 180  343   13.13
200432526244 1 080  343   13.13
200432526409 12180  343   13.13
200432526420 1 080  443   13.13
200432526613 1 080  543   12.53
200432526731 1 080  343   13.13
200432527165 12180  543   12.53
200432527323 1 080  243   13.13
200432527523 1 080  443   13.13
200432528518 1 080  143   13.13
200432528835 1 080  543   12.53
200432529904 1 080  843   13.63
200432530370 12180 1144  222.12
200432530616 1 080 1743   82.03
200432640153 1 192 1123   20.60
200432641093 1 092 2323   18.47
200432642962 12192  123   16.79
200432642962 12892  123   16.79
200432646751 1 092 1523   16.06
200432647757 1 092 1123   20.60
200432649310 1 092  123   16.79
200432649840 1 092 1123   20.60
200432652215 12192  223   16.79
200432703966 1 093  223   94.56
200432824260 1 095  443   15.16
200432824940 1 095  143   18.19
200432825182 1 095  143   18.19
200432825422 19995  243   15.16
200432826973 1 195  143   18.19
200432827645 1 195  143   18.19
200432827838 1 095  243   15.16
200432828663 12195  143   18.19
200432829126 1 095  143   18.19
200432829244 1 095  143   18.19
200432829793 1 195  143   18.19
200432829940 1 095  143   18.19
200432830553 1 095  143   18.19
200432834621 1 095  743   12.07
200433404923 1 0 6 2613   20.24
200433404941 1 1 6  713   16.46
200433404960 121 6 1413   11.62
200433405165 1 1 6 2013   14.82
200433405171 199 6 1413   11.62
200433405175 1 1 6 1413   11.62
200433405222 1 0 6 2613   20.24
200433405448 1 0 6 2012   14.82
200433405768 1 1 6 1413   11.62
200433405822 1 1 6  413   17.24
200433405933 1 0 6 2614  222.67
200433405996 1 0 6  413   17.24
200433406003 1 0 6  213   16.58
200433406033 1 0 6 1413   11.62
200433406047 1 1 6 2613   20.24
200433406080 121 6 2013   14.82
200433406080 221 6 2013   14.82
200433406088 1 1 6 1114  223.53
200433406115 1 0 6  113   16.58
200433406189 1 0 6 1413   11.62
200433406203 1 0 6 2613   20.24
200433406221 1 0 6 1413   11.62
200433406347 1 0 6  213   16.58
200433406394 1 0 6 2613   20.24
200433406432 121 6  713   16.46
200433406442 199 6 1413   11.62
200433406461 1 0 6  113   16.58
200433406480 1 0 6 1413   11.62
200433406524 1 1 6 2613   20.24
200433406567 1 0 6 2012   14.82
200433406571 121 6 2013   14.82
200433406580 1 0 6 1413   11.62
200433406588 1 0 6  413   17.24
200433406752 121 6  113   16.58
200433406852 1 0 6 1413   11.62
200433406918 1 1 6 1414  220.79
200433406953 1 0 6  513   16.36
200433406993 1 0 6 2013   14.82
200433406999 1 1 6 1413   11.62
200433406999 2 1 6 1413   11.62
200433407006 1 1 6 1413   11.62
200433407014 1 0 6 1113   17.88
200433407087 1 0 6  413   17.24
200433407151 1 1 6 1413   11.62
200433407165 1 0 6  113   16.58
200433407177 1 0 6  113   16.58
200433407242 121 6 2613   20.24
200433407417 1 0 6 1413   11.62
200433407485 1 0 6  413   17.24
200433407560 1 1 6 1413   11.62
200433407565 1 0 6 1413   11.62
200433407568 1 1 6 1413   11.62
200433407814 121 6 2013   14.82
200433407825 1 0 6 1413   11.62
200433407829 1 0 6 1413   11.62
200433407829 2 0 6 1413   11.62
200433407831 1 0 6 1413   11.62
200433407874 1 0 6  413   17.24
200433407883 121 6 2613   20.24
200433407890 1 0 6 1112    8.94
200433407917 1 0 6 2013   14.82
200433407924 1 0 6 1413   11.62
200433407994 1 0 6 2013   14.82
200433408002 1 0 6  713   16.46
200433408063 121 6  413   17.24
200433408063 221 6  413   17.24
200433408148 121 6 2014  222.30
200433408148 221 6 2014  222.30
200433408159 1 0 6 1413   11.62
200433408244 1 1 6 1413   11.62
200433408249 121 6 1113   17.88
200433408467 121 6 1113   17.88
200433408535 1 0 6 1113   17.88
200433408618 1 0 6  713   16.46
200433408630 121 6 1113   17.88
200433408664 1 0 6 2013   14.82
200433408668 1 0 6 1413   11.62
200433408725 1 0 6  513   16.36
200433408802 1 0 6 2613   20.24
200433408804 1 0 6 2613   20.24
200433408902 121 6  713   16.46
200433409170 121 6 2613   20.24
200433409352 121 6 2613   20.24
200433409483 1 0 6 2613   20.24
200433409484 121 6 2613   20.24
200433409485 121 6 2613   20.24
200433409658 121 6 2014  222.30
200435000884 1 179  743   11.09
200435000896 1 079  743   11.09
200436006366 1 050  433   13.81
200436007250 1 050  333   13.81
200443700201 1 178  143   55.32
200443700398 1 078  143   55.32
200443700489 1 078  143   55.32
200443700604 1 078  143   55.32
200443700613 12178  143   55.32
200443700684 12878  143   55.32
200443700684 14278  143   55.32
200443700878 1 078  143   55.32
200448600232 1 079  143   11.09
200448600276 1 079  143   11.09
200448600410 1 179  144  221.88
200448600413 1 079  143   11.09
200448600445 1 179  143   11.09
200448600458 1 079  143   11.09
200448600477 1 079  143   11.09
200448600543 1 179  143   11.09
200448600545 12179  143   11.09
200448600565 1 079  743   11.09
200448600866 1 179  143   11.09
200450101136 121 9  833   15.75
200450102436 121 9 1633   27.04
200450102597 1 0 9  633   14.39
200450402472 1 011  124  228.61
200450402540 1 111  123   19.05
200450402715 1 111  123   19.05
200450402900 1 011  123   19.05
200450403333 12111  123   19.05
200450900883 12143  333   12.22
200450901033 1 043  332   12.22
200450901103 1 043  333   12.22
200453200884 1 050  133   13.81
200453201886 1 150  133   13.81
200453202095 12150  133   13.81
200453202393 1 150  133   13.81
200453202880 1 050  133   13.81
200453524241 19975  443   16.15
200453524260 19975  343   16.15
200453524459 19975  343   16.15
200453524555 1 075  343   16.15
200453524735 19975  343   16.15
200458400494 19975  443   16.15
200459619540 1 194  143   15.76
200459619545 1 194  143   15.76
200459619553 19994  143   15.76
200459620194 19994  143   15.76
200459620511 1 194  543   31.22
200459620735 19994  143   15.76
200459620936 19994  243   15.76
200459620980 19994  143   15.76
200459620985 1 194  143   15.76
200459621280 1 194  143   15.76
200459621765 12194  343   15.76
200459621779 19994  343   15.76
200459621914 1 094  143   15.76
200459622040 1 094  543   31.22
200459622294 19994  143   15.76
200459622351 19994  143   15.76
200459622495 19994  343   15.76
200459622539 12194  343   15.76
200459622922 19994  143   15.76
200459623112 1 094  343   15.76
200459623485 19994  544  218.52
200459623577 19994  143   15.76
200459623659 12194  241   15.76
200459624053 19994  443   15.76
200459624141 1 094  143   15.76
200459624191 1 094  143   15.76
200459624241 19994  343   15.76
200459624272 1 094  343   15.76
200459624274 1 094  343   15.76
200459624314 19994  343   15.76
200459624353 19994  343   15.76
200459624412 19994  243   15.76
200459624515 19994  243   15.76
200459624545 19994  143   15.76
200459624562 1 194  144  220.63
200459624606 19994  143   15.76
200459624608 19994  143   15.76
200459624615 19994  143   15.76
200459624631 19994  143   15.76
200459624631 29994  143   15.76
200459624650 1 094  143   15.76
200459624724 1 094  543   31.22
200459624945 1 194  143   15.76
200459624953 1 194  143   15.76
200459624962 19994  143   15.76
200459625068 19994  243   15.76
200459625313 19994  143   15.76
200459625379 1 194  143   15.76
200459625407 1 194  143   15.76
200459625846 1 194  343   15.76
200459626143 19994  243   15.76
200459626203 19994  443   15.76
200459626346 19994  143   15.76
200459626352 19994  143   15.76
200459626384 1 194  143   15.76
200459626463 19994  243   15.76
200459626489 19994  243   15.76
200459626629 19994  343   15.76
200459626629 29994  343   15.76
200459626809 1 194  143   15.76
200459626823 19994  143   15.76
200459626834 1 194  143   15.76
200459626860 19994  144  220.63
200459626902 19994  443   15.76
200459627437 1 194  343   15.76
200459627553 1 194  143   15.76
200459628060 1 194  343   15.76
200459800128 1 078  143   55.32
200460602262 121 9  533   14.39
200462400403 12179  143   11.09
200462400410 1 079  143   11.09
200462400460 1 079  143   11.09
200462400468 1 079  143   11.09
200462400468 2 079  143   11.09
200462400488 1 179  143   11.09
200462400808 1 079  143   11.09
200462400869 1 179  143   11.09
200462400983 1 079  743   11.09
200462401079 1 179  743   11.09
200465100181 19975  443   16.15
200470000687 1 143  133   12.22
200470100473 1 143 1034  229.39
200470200903 1 143  133   12.22
200470300224 19942  133   16.67
200470300561 1 042  133   16.67
200490502433 1 042 1133   11.90
200490503112 1 042 1133   11.90
200490503261 12142 1133   11.90
200490503524 1 042  333   16.67
200490503626 1 042  133   16.67
200490503936 1 042 1133   11.90
200490504429 1 042 1133   11.90
200490504506 1 142 1133   11.90
200490603574 1 047  233   19.61
200490604401 12147  133   19.61
200490703162 12150  334  225.50
200490703408 12150  533   13.81
200490704651 1 150  533   13.81
200490704684 1 050  733   13.68
200490705095 1 050  733   13.68
200490705196 1 150  533   13.81
200490705553 1 150  733   13.68
200493512254 1 021  313   16.25
200493512302 1 021  213   16.25
200493512843 1 021  213   16.25
200493513089 1 021  413   16.25
200493513537 1 121  413   16.25
200493514465 1 121  213   16.25
200493515551 1 021  213   16.25
200493516109 1 021  213   16.25
200493611055 1 131  324  246.10
200493612254 12129  423   38.98
200493612484 1 029 1024  243.21
200493612505 1 029 1023  121.61
200493613167 12131  323   61.52
200493613270 1 031  323   61.52
